date,day_close_rate,code,name,voucher_usage_rate,utilization_usage_rate,voucher_utilization_ratio,after_market_p,score,trust_cost,trust_ratio,trust_bs,self_cost,self_ratio,self_bs,foreign_cost,foreign_ratio,foreign_bs,external_disk,inner_disk,tail_volume,volume,close,low,high,open
20000104,,2383,台光電,0.35,43.61,0.8,,,,,,,,,,0.06,,,,,2886.0,26.2,24.7,26.2,25.3
20000105,,2383,台光電,0.43,46.06,0.94,,,,,,,,,,0.06,,,,,6167.0,27.4,26.0,27.8,26.2
20000106,,2383,台光電,0.13,45.54,0.29,,,,,,,,,,0.06,,,,,3757.0,26.6,26.6,27.4,27.4
20000107,,2383,台光電,0.37,48.11,0.76,,,,,,,,,,0.06,,,,,5602.0,27.7,26.7,28.0,26.7
20000110,,2383,台光電,0.49,51.18,0.94,,,,,,,,,,0.06,,,,,8416.0,29.6,28.3,29.6,28.5
20000111,,2383,台光電,0.4,46.78,0.88,,,,,,,,,,0.06,,,,,7663.0,28.8,28.8,30.8,30.3
20000112,,2383,台光電,0.96,50.58,1.71,,,,,,,,,,0.06,,,,,2701.0,30.8,29.0,30.8,29.0
20000113,,2383,台光電,1.39,53.56,2.59,,,,,,,,,,0.06,,,,,1689.0,32.9,32.9,32.9,32.9
20000114,,2383,台光電,2.91,57.4,5.21,,,,,,,,,,0.06,,,,,16231.0,34.2,32.7,35.2,35.2
20000115,,2383,台光電,3.7,61.4,6.0,,,,,,,,,,0.06,,,,,6890.0,35.0,33.0,35.0,34.2
20000117,,2383,台光電,4.74,63.26,7.41,,,,,,,,,,0.06,,,,,6876.0,37.4,34.5,37.4,35.0
20000118,,2383,台光電,4.91,64.74,7.6,,,,,,,,,,0.06,,,,,6868.0,39.1,36.3,39.6,37.4
20000119,,2383,台光電,4.35,65.07,6.71,,,,,,,,,,0.06,,,,,5631.0,38.0,37.3,39.5,39.1
20000120,,2383,台光電,3.16,65.43,4.94,,,,,,,,,,0.06,,,,,3877.0,36.8,36.1,37.9,37.5
20000121,,2383,台光電,2.86,65.37,4.39,,,,,,,,,,0.06,,,,,3344.0,37.1,36.8,38.0,36.8
20000124,,2383,台光電,3.6,67.05,5.38,,,,,,,,,,0.06,,,,,6272.0,38.1,37.0,39.4,37.3
20000125,,2383,台光電,4.12,69.28,5.95,,,,,,,,,,0.06,,,,,6613.0,39.8,37.2,40.3,38.0
20000126,,2383,台光電,3.53,67.84,5.21,,,,,,,,,,0.06,,,,,3795.0,39.7,39.0,40.5,40.5
20000127,,2383,台光電,4.33,66.35,6.52,,,,,,,,,,0.06,,,,,8149.0,42.0,40.1,42.4,40.5
20000128,,2383,台光電,3.97,65.17,6.06,,,,,,,,,,0.06,,,,,3948.0,41.2,41.0,43.0,41.5
20000129,,2383,台光電,3.22,64.73,5.09,,,,,,,,,,0.06,,,,,4174.0,38.9,38.4,40.9,38.4
20000131,,2383,台光電,3.19,65.05,4.91,,,,,,,,,,0.06,,,,,3258.0,39.4,38.9,40.0,38.9
20000201,,2383,台光電,2.5,62.15,4.01,,,,,,,,,,0.06,,,,,4442.0,38.1,38.1,40.5,39.4
20000209,,2383,台光電,2.58,62.57,4.16,,,,,,,,,,0.06,,,,,2916.0,38.6,38.5,39.6,39.4
20000210,,2383,台光電,2.63,63.38,4.14,,,,,,,,,,0.06,,,,,4661.0,40.4,38.6,40.6,38.6
20000211,,2383,台光電,2.55,63.3,4.01,,,,,,,,,,0.06,,,,,4926.0,39.2,39.0,41.9,41.0
20000214,,2383,台光電,2.46,61.63,4.01,,,,,,,,,,0.06,,,,,3693.0,38.8,38.1,40.0,40.0
20000215,,2383,台光電,2.44,62.17,3.92,,,,,,,,,,0.06,,,,,2317.0,38.4,38.2,39.3,39.0
20000216,,2383,台光電,2.41,65.47,3.68,,,,,,,,,,0.06,,,,,5608.0,41.0,38.5,41.0,38.7
20000217,,2383,台光電,3.46,69.24,5.04,,,,,,,,,,0.06,,,,,9778.0,43.8,40.6,43.8,41.5
20000218,,2383,台光電,5.02,67.61,7.41,,,,,,,,,,0.06,,,,,12692.0,46.8,44.3,46.8,45.0
20000219,,2383,台光電,5.58,69.57,8.01,,,,,,,,,,0.06,,,,,7762.0,48.2,46.9,49.5,47.0
20000221,,2383,台光電,3.98,67.54,5.9,,,,,,,,,,0.06,,,,,4755.0,44.9,44.9,48.2,48.2
20000222,,2383,台光電,2.55,69.59,4.28,,,,,,,,,,0.06,,,,,5256.0,42.3,42.0,45.3,42.0
20000223,,2383,台光電,3.4,74.79,4.48,,,,,,,,,,0.06,,,,,6945.0,45.2,42.7,45.2,43.8
20000224,,2383,台光電,3.68,76.98,4.76,,,,,,,,,,0.06,,,,,3967.0,48.3,48.3,48.3,48.3
20000225,,2383,台光電,2.95,77.23,3.84,,,,,,,,,,0.06,,,,,18629.0,45.4,45.0,51.5,51.5
20000229,,2383,台光電,2.34,75.25,3.11,,,,,,,,,,0.06,,,,,5303.0,42.8,42.7,45.4,45.4
20000301,,2383,台光電,3.26,76.65,4.25,,,,,,,,,,0.06,,,,,6359.0,45.7,42.8,45.7,42.8
20000302,,2383,台光電,2.89,75.96,3.8,,,,,,,,,,0.06,,,,,3756.0,45.3,44.6,46.1,45.8
20000303,,2383,台光電,3.0,75.45,3.94,,,,,,,,,,0.06,,,,,5712.0,46.4,45.5,48.0,46.0
20000304,,2383,台光電,3.07,73.22,4.18,,,,,,,,,,0.06,,,,,5780.0,46.4,46.1,47.9,47.9
20000306,,2383,台光電,3.57,79.54,4.52,,,,,,,,,,0.06,,,,,13569.0,49.3,46.4,49.6,46.5
20000307,,2383,台光電,3.64,80.33,4.52,,,,,,,,,,0.06,,,,,12064.0,49.7,48.4,51.5,49.0
20000308,,2383,台光電,3.27,77.76,4.22,,,,,,,,,,0.06,,,,,5909.0,49.0,48.6,50.5,49.7
20000309,,2383,台光電,3.5,80.12,4.35,,,,,,,,,,0.06,,,,,12211.0,52.0,49.6,52.0,50.0
20000310,,2383,台光電,2.53,79.71,3.19,,,,,,,,,,0.06,,,,,9476.0,48.4,48.4,53.5,53.0
20000313,,2383,台光電,2.32,78.4,2.96,,,,,,,,,,0.06,,,,,2985.0,45.1,45.1,46.4,46.4
20000314,,2383,台光電,1.66,76.03,2.18,,,,,,,,,,0.06,,,,,4033.0,42.7,42.0,44.3,42.1
20000315,,2383,台光電,1.54,74.3,2.07,,,,,,,,,,0.06,,,,,3056.0,39.8,39.8,42.7,40.0
20000316,,2383,台光電,1.4,72.55,1.93,,,,,,,,,,0.06,,,,,2895.0,37.5,37.1,38.5,38.0
20000317,,2383,台光電,1.59,71.6,2.22,,,,,,,,,,0.06,,,,,3789.0,38.1,37.9,39.2,38.0
20000320,,2383,台光電,1.58,71.59,2.21,,,,,,,,,,0.06,,,,,130.0,36.8,36.8,36.8,36.8
20000321,,2383,台光電,1.56,73.55,2.09,,,,,,,,,,0.06,,,,,3450.0,39.3,35.6,39.3,35.6
20000322,,2383,台光電,2.14,73.79,2.89,,,,,,,,,,0.06,,,,,5346.0,42.0,40.0,42.0,41.0
20000323,,2383,台光電,2.11,74.06,2.89,,,,,,,,,,0.06,,,,,4748.0,44.9,42.9,44.9,42.9
20000324,,2383,台光電,2.5,73.8,3.39,,,,,,,,,,0.06,,,,,6375.0,44.8,43.6,46.4,45.9
20000327,,2383,台光電,2.61,73.82,3.54,,,,,,,,,,0.06,,,,,6358.0,46.9,45.0,47.8,45.0
20000328,,2383,台光電,1.97,73.81,2.67,,,,,,,,,,0.06,,,,,4343.0,45.8,45.2,47.8,47.0
20000329,,2383,台光電,1.69,74.21,2.28,,,,,,,,,,0.06,,,,,3318.0,44.6,44.5,45.8,45.7
20000330,,2383,台光電,1.83,73.88,2.48,,,,,,,,,,0.06,,,,,4043.0,45.1,45.0,46.5,45.0
20000331,,2383,台光電,1.71,73.35,2.34,,,,,,,,,,0.06,,,,,2261.0,44.2,44.0,45.7,44.9
20000401,,2383,台光電,1.7,72.92,2.38,,,,,,,,,,0.06,,,,,4733.0,45.5,44.3,46.5,44.5
20000405,,2383,台光電,1.66,75.26,2.21,,,,,,,,,,0.06,,,,,6444.0,47.6,45.3,47.7,45.5
20000406,,2383,台光電,1.76,77.14,2.29,,,,,,,,,,0.06,,,,,15813.0,49.0,48.0,50.5,49.0
20000407,,2383,台光電,1.46,77.16,1.89,,,,,,,,,,0.06,,,,,5023.0,47.3,47.0,50.0,49.5
20000408,,2383,台光電,1.23,76.17,1.62,,,,,,,,,,0.06,,,,,8402.0,50.5,47.7,50.5,47.7
20000410,,2383,台光電,1.02,74.28,1.5,,,,,,,,,,0.06,,,,,4099.0,54.0,53.5,54.0,54.0
20000411,,2383,台光電,0.51,59.55,0.86,,,,,,,,,,0.06,,,,,7887.0,57.5,55.5,57.5,57.5
20000412,,2383,台光電,0.05,36.85,1.36,,,,,,,,,,0.06,,,,,14953.0,60.5,53.5,61.5,61.5
20000413,,2383,台光電,0.0,31.26,0.0,,,,,,,,,,0.06,,,,,5257.0,56.5,56.5,58.5,56.5
20000414,,2383,台光電,2.58,50.01,5.13,,,,,,,,,,0.06,,,,,16504.0,58.5,57.0,60.0,57.0
20000415,,2383,台光電,1.06,50.36,2.11,,,,,,,,,,0.06,,,,,6474.0,54.5,54.5,57.0,55.0
20000417,,2383,台光電,0.79,51.0,1.66,,,,,,,,,,0.14,,,,,10490.0,55.0,51.5,56.0,51.5
20000418,,2383,台光電,1.25,51.96,2.39,,,,,,,,,,0.14,,,,,2600.0,58.5,58.5,58.5,58.5
20000419,,2383,台光電,5.58,64.69,7.82,,,,,,,,,,0.14,,,,,21698.0,62.5,60.0,62.5,62.5
20000420,,2383,台光電,3.35,63.83,5.51,,,,,,,,,,0.14,,,,,9135.0,61.5,58.5,63.0,62.5
20000421,,2383,台光電,7.39,68.42,10.99,,,,,,,,,,0.06,,,,,13987.0,65.5,62.0,65.5,62.0
20000424,,2383,台光電,9.76,66.65,14.62,,,,,,,,,,0.06,,,,,16697.0,63.5,63.5,67.5,65.5
20000425,,2383,台光電,4.03,64.82,6.25,,,,,,,,,,0.06,,,,,8708.0,61.5,59.5,63.5,61.0
20000426,,2383,台光電,3.53,66.04,5.35,,,,,,,,,,0.06,,,,,3943.0,57.5,57.5,61.5,61.5
20000427,,2383,台光電,2.76,65.5,4.21,,,,,,,,,,0.06,,,,,2122.0,53.5,53.5,55.5,54.0
20000428,,2383,台光電,7.2,71.63,10.07,,,,,,,,,,0.06,,,,,12978.0,53.5,49.8,55.0,49.8
20000429,,2383,台光電,6.79,72.48,9.46,,,,,,,,,,0.06,,,,,7586.0,53.0,52.5,55.5,53.5
20000502,,2383,台光電,4.54,70.21,6.5,,,,,,,,,,0.06,,,,,4228.0,51.5,51.5,54.5,53.5
20000503,,2383,台光電,3.8,68.74,5.55,,,,,,,,,,0.06,,,,,2297.0,47.9,47.9,50.0,50.0
20000504,,2383,台光電,5.05,70.15,7.19,,,,,,,,,,0.06,,,,,7160.0,45.6,45.6,49.4,45.9
20000505,,2383,台光電,6.49,71.89,9.03,,,,,,,,,,0.06,,,,,5055.0,48.7,45.6,48.7,45.6
20000506,,2383,台光電,7.06,72.44,9.64,,,,,,,,,,0.06,,,,,4684.0,52.0,50.0,52.0,51.0
20000508,,2383,台光電,5.48,71.21,7.8,,,,,,,,,,0.03,,,,,6935.0,52.0,50.0,53.5,52.5
20000509,,2383,台光電,4.35,72.0,6.12,,,,,,,,,,0.03,,,,,4523.0,51.5,50.5,53.0,51.0
20000510,,2383,台光電,6.05,71.71,8.38,,,,,,,,,,0.03,,,,,11867.0,52.5,52.0,55.0,52.5
20000511,,2383,台光電,9.27,74.92,12.35,,,,,,,,,,0.03,,,,,10687.0,54.0,50.5,54.0,50.5
20000512,,2383,台光電,9.59,74.77,12.83,,,,,,,,,,0.03,,,,,9926.0,53.0,53.0,56.0,55.0
20000515,,2383,台光電,6.93,72.91,9.5,,,,,,,,,,0.03,,,,,4050.0,49.6,49.6,54.0,53.5
20000516,,2383,台光電,8.96,73.35,12.2,,,,,,,,,,0.03,,,,,6170.0,53.0,50.0,53.0,50.0
20000517,,2383,台光電,6.65,70.89,9.44,,,,,,,,,,0.04,,,,,8875.0,56.5,54.5,56.5,55.0
20000518,,2383,台光電,7.34,72.98,10.07,,,,,,,,,,0.04,,,,,9334.0,58.5,54.0,59.0,56.0
20000519,,2383,台光電,7.34,74.35,9.89,,,,,,,,,,0.04,,,,,8115.0,59.0,56.5,60.5,58.0
20000520,,2383,台光電,5.94,72.19,8.19,,,,,,,,,,0.04,,,,,5944.0,56.5,55.0,60.5,59.0
20000522,,2383,台光電,6.25,72.06,8.68,,,,,,,,,,0.04,,,,,3960.0,56.5,56.5,59.0,57.5
20000523,,2383,台光電,6.43,73.0,8.86,,,,,,,,,,0.04,,,,,4140.0,57.0,55.0,57.5,57.0
20000524,,2383,台光電,5.54,72.67,7.6,,,,,,,,,,0.04,,,,,3765.0,55.5,55.0,57.0,55.0
20000525,,2383,台光電,4.42,71.51,6.21,,,,,,,,,,0.04,,,,,5109.0,52.0,52.0,57.0,56.5
20000526,,2383,台光電,4.74,71.98,6.58,,,,,,,,,,0.03,,,,,2307.0,52.5,50.0,53.0,50.0
20000529,,2383,台光電,5.33,71.88,7.42,,,,,,,,,,0.03,,,,,2527.0,53.5,52.5,54.0,53.0
20000530,,2383,台光電,6.2,70.66,9.36,,,,,,,,,,0.03,,,,,6676.0,57.0,54.0,57.0,54.5
20000531,,2383,台光電,5.71,73.25,7.8,,,,,,,,,,0.03,,,,,7560.0,56.5,56.0,59.0,58.5
20000601,,2383,台光電,6.23,72.91,8.54,,,,,,,,,,0.03,,,,,3607.0,57.5,56.5,57.5,56.5
20000602,,2383,台光電,8.17,76.9,10.64,,,,,,,,,,0.03,,,,,14359.0,61.5,58.5,61.5,59.0
20000603,,2383,台光電,9.55,78.42,12.16,,,,,,,,,,0.03,,,,,12158.0,63.0,62.5,65.0,65.0
20000605,,2383,台光電,8.66,78.06,11.07,,,,,,,,,,0.03,,,,,4586.0,62.5,61.0,63.0,63.0
20000607,,2383,台光電,8.97,76.87,11.71,,,,,,,,,,0.03,,,,,10148.0,64.0,62.5,66.0,62.5
20000608,,2383,台光電,8.15,77.97,10.47,,,,,,,,,,0.03,,,,,4668.0,62.0,62.0,65.0,64.5
20000609,,2383,台光電,7.53,77.17,9.71,,,,,,,,,,0.03,,,,,6080.0,63.5,60.5,63.5,62.0
20000612,,2383,台光電,7.32,77.22,9.48,,,,,,,,,,0.03,,,,,3877.0,62.5,62.5,64.0,63.5
20000613,,2383,台光電,6.94,77.12,8.99,,,,,,,,,,0.03,,,,,2757.0,61.5,61.0,63.0,62.0
20000614,,2383,台光電,7.34,76.15,9.62,,,,,,,,,,0.03,,,,,7337.0,64.0,62.5,64.5,62.5
20000615,,2383,台光電,6.56,76.29,8.65,,,,,,,,,,0.03,,,,,3007.0,62.0,62.0,64.0,64.0
20000616,,2383,台光電,6.84,76.21,8.98,,,,,,,,,,0.03,,,,,4133.0,62.0,62.0,64.0,62.0
20000617,,2383,台光電,6.32,76.64,8.25,,,,,,,,,,0.03,,,,,3257.0,61.5,61.0,63.0,62.5
20000619,,2383,台光電,5.74,76.54,7.5,,,,,,,,,,0.03,,,,,2563.0,61.5,59.5,62.0,62.0
20000620,,2383,台光電,6.12,76.33,8.01,,,,,,,,,,0.03,,,,,2657.0,61.0,60.5,62.5,62.5
20000621,,2383,台光電,5.62,76.04,7.38,,,,,,,,,,0.03,,,,,1928.0,60.0,60.0,62.0,61.5
20000622,,2383,台光電,5.53,78.64,7.03,,,,,,,,,,0.03,,,,,7024.0,64.0,60.0,64.0,60.0
20000623,,2383,台光電,5.04,79.09,6.37,,,,,,,,,,0.03,,,,,4194.0,62.5,62.5,64.5,63.5
20000626,,2383,台光電,4.51,79.69,5.67,,,,,,,,,,0.03,,,,,2218.0,61.5,60.5,62.5,62.0
20000627,,2383,台光電,3.59,78.18,4.59,,,,,,,,,,0.04,,,,,3245.0,57.5,57.5,62.0,61.0
20000628,,2383,台光電,2.86,76.25,3.75,,,,,,,,,,0.04,,,,,3830.0,54.0,53.5,56.5,55.5
20000629,,2383,台光電,7.73,78.78,9.81,,,,,,,,,,0.04,,,,,5928.0,54.0,53.0,56.0,56.0
20000630,,2383,台光電,8.5,78.03,10.88,,,,,,,,,,0.04,,,,,4390.0,54.5,54.0,56.0,55.0
20000703,,2383,台光電,6.35,76.06,8.35,,,,,,,,,,0.04,,,,,3485.0,51.5,51.0,54.5,54.5
20000704,,2383,台光電,6.27,75.42,8.31,,,,,,,,,,0.04,,,,,5271.0,48.5,48.0,52.5,52.5
20000705,,2383,台光電,8.41,77.9,10.71,,,,,,,,,,0.04,,,,,5493.0,51.5,48.5,51.5,49.0
20000706,,2383,台光電,8.98,78.01,11.49,,,,,,,,,,0.04,,,,,5835.0,52.5,51.0,54.0,51.5
20000707,,2383,台光電,7.38,77.23,9.55,,,,,,,,,,0.04,,,,,2668.0,52.0,51.0,54.0,53.0
20000710,,2383,台光電,5.32,75.7,7.03,,,,,,,,,,0.04,,,,,2247.0,51.0,49.0,52.0,52.0
20000711,,2383,台光電,5.62,76.17,7.38,,,,,,,,,,0.04,,,,,2835.0,51.5,50.5,52.5,51.5
20000712,,2383,台光電,2.29,73.49,3.12,,,,,,,,,,0.04,,,,,2245.0,52.5,51.0,52.5,52.0
20000713,,2383,台光電,0.0,71.52,0.04,,,,,,,,,,0.04,,,,,3310.0,55.0,52.5,55.0,52.5
20000714,,2383,台光電,0.0,65.38,0.0,,,,,,,,,,0.04,,,,,3381.0,55.0,54.0,55.0,54.5
20000715,,2383,台光電,0.0,56.69,0.0,,,,,,,,,,0.04,,,,,5955.0,58.5,56.0,58.5,56.0
20000717,,2383,台光電,0.0,48.69,0.0,,,,,,,,,,0.04,,,,,8452.0,62.5,58.0,62.5,59.5
20000718,,2383,台光電,1.14,65.9,1.74,,,,,,,,,,0.03,,,,,10444.0,50.5,50.5,55.0,55.0
20000719,,2383,台光電,3.48,69.16,5.0,,,,,,,,,,0.03,,,,,5135.0,52.5,48.0,52.5,48.0
20000720,,2383,台光電,2.84,69.23,4.1,,,,,,,,,,0.03,,,,,2513.0,50.0,50.0,52.5,52.0
20000721,,2383,台光電,5.64,72.02,7.81,,,,,,,,,,0.03,,,,,5764.0,52.0,51.0,52.5,52.0
20000724,,2383,台光電,5.36,71.69,7.48,,,,,,,,,,0.03,,,,,2043.0,51.5,51.0,52.5,52.0
20000725,,2383,台光電,4.83,71.59,6.74,,,,,,,,,,0.03,,,,,3022.0,49.7,49.1,52.0,51.0
20000726,,2383,台光電,10.31,76.96,12.24,,,,,,,,,,0.03,,,,,6028.0,49.1,49.0,51.5,49.7
20000727,,2383,台光電,8.22,74.94,10.96,,,,,,,,,,0.03,,,,,3681.0,49.1,46.0,49.1,49.1
20000728,,2383,台光電,10.73,77.79,13.76,,,,,,,,,,0.03,,,,,6120.0,51.0,48.1,51.5,48.6
20000729,,2383,台光電,10.42,76.88,13.6,,,,,,,,,,0.03,,,,,3986.0,51.0,50.0,52.0,51.0
20000731,,2383,台光電,9.34,76.45,12.28,,,,,,,,,,0.03,,,,,2051.0,50.5,50.5,51.5,51.0
20000801,,2383,台光電,9.27,75.49,12.28,,,,,,,,,,0.03,,,,,2052.0,49.3,49.1,51.5,51.5
20000802,,2383,台光電,8.78,74.96,11.71,,,,,,,,,,0.03,,,,,1869.0,49.0,48.6,49.3,48.6
20000803,,2383,台光電,12.7,77.84,16.28,,,,,,,,,,0.03,,,,,8754.0,50.5,48.5,51.0,48.5
20000804,,2383,台光電,11.51,76.53,15.0,,,,,,,,,,0.03,,,,,4110.0,50.0,50.0,51.5,51.0
20000805,,2383,台光電,11.55,75.77,15.39,,,,,,,,,,0.03,,,,,2393.0,49.1,49.1,50.0,50.0
20000807,,2383,台光電,14.17,77.51,18.28,,,,,,,,,,0.03,,,,,3652.0,48.9,48.5,49.7,49.0
20000808,,2383,台光電,15.18,77.38,19.6,,,,,,,,,,0.03,,,,,4241.0,49.0,48.2,49.5,49.1
20000809,,2383,台光電,11.77,74.72,15.84,,,,,,,,,,0.03,,,,,7228.0,52.0,49.2,52.0,49.5
20000810,,2383,台光電,10.7,69.06,15.37,,,,,,,,,,0.03,,,,,8447.0,53.0,51.0,53.5,52.0
20000811,,2383,台光電,9.9,69.19,14.31,,,,,,,,,,0.03,,,,,3337.0,51.5,51.0,53.5,52.5
20000814,,2383,台光電,10.34,70.31,14.71,,,,,,,,,,0.03,,,,,2375.0,51.5,51.0,52.0,52.0
20000815,,2383,台光電,10.66,71.74,14.86,,,,,,,,,,0.03,,,,,2539.0,51.5,51.5,52.5,52.0
20000816,,2383,台光電,10.39,74.12,14.05,,,,,,,,,,0.03,,,,,5423.0,52.5,51.5,53.5,51.5
20000817,,2383,台光電,10.94,75.97,14.5,,,,,,,,,,0.03,,,,,8114.0,54.0,53.0,55.0,53.5
20000818,,2383,台光電,10.9,77.58,14.02,,,,,,,,,,0.03,,,,,5534.0,53.0,53.0,54.5,54.0
20000819,,2383,台光電,10.62,78.13,13.61,,,,,,,,,,0.03,,,,,3965.0,54.5,52.5,54.5,53.0
20000821,,2383,台光電,10.18,75.13,13.54,,,,,,,,,,0.03,,,,,8539.0,56.5,55.0,57.5,55.0
20000822,,2383,台光電,8.2,74.4,11.03,,,,,,,,,,0.03,,,,,3576.0,54.0,54.0,57.0,56.5
20000824,,2383,台光電,8.02,73.56,10.83,,,,,,,,,,0.03,,,,,2628.0,53.5,53.0,55.5,55.0
20000825,,2383,台光電,7.89,74.25,10.64,,,,,,,,,4.02,0.04,4.0,,,,1997.0,52.5,52.5,54.0,53.5
20000828,,2383,台光電,8.69,72.3,12.03,,,,,,,,,,0.04,,,,,2395.0,53.5,51.5,53.5,52.5
20000829,,2383,台光電,8.15,71.72,11.37,,,,,,,,,6.38,0.04,7.0,,,,2724.0,54.0,52.5,54.5,53.5
20000830,,2383,台光電,10.89,71.41,15.25,,,,,,,,,9.14,0.04,-8.0,,,,10310.0,53.5,53.0,57.0,54.0
20000831,,2383,台光電,10.09,72.53,13.91,,,,,,,,,,0.04,,,,,3984.0,53.5,52.5,54.5,52.5
20000901,,2383,台光電,8.45,72.05,11.73,,,,,,,,,0.99,0.04,1.0,,,,3078.0,51.5,51.5,54.5,54.0
20000902,,2383,台光電,8.66,73.41,11.8,,,,,,,,,6.4,0.04,6.0,,,,4195.0,53.5,51.5,54.0,51.5
20000904,,2383,台光電,8.61,77.89,11.05,,,,,,,,,6.4,0.04,-5.0,,,,7181.0,54.0,52.5,54.5,54.0
20000905,,2383,台光電,6.97,69.67,10.01,,,,,,,,,6.4,0.03,-6.0,,,,4453.0,52.0,52.0,54.5,54.5
20000906,,2383,台光電,4.93,70.97,6.98,,,,,,,,,,0.03,,,,,3843.0,50.0,50.0,52.0,51.5
20000907,,2383,台光電,4.1,70.12,5.86,,,,,,,,,4.74,0.04,5.0,,,,2998.0,49.5,49.0,50.0,49.0
20000908,,2383,台光電,5.5,72.25,7.71,,,,,,,,,9.61,0.04,3.0,,,,4118.0,49.5,49.5,50.5,50.0
20000911,,2383,台光電,4.17,71.37,5.85,,,,,,,,,,0.04,,,,,2448.0,47.5,47.0,49.5,49.0
20000913,,2383,台光電,2.8,73.3,3.82,,,,,,,,,,0.04,,,,,4830.0,44.2,44.2,47.5,47.5
20000914,,2383,台光電,2.01,74.12,2.92,,,,,,,,,,0.04,,,,,5098.0,41.2,41.2,44.2,44.2
20000915,,2383,台光電,2.74,73.86,3.7,,,,,,,,,,0.04,,,,,5392.0,38.9,38.9,43.2,40.2
20000916,,2383,台光電,4.11,75.07,5.6,,,,,,,,,,0.04,,,,,6210.0,39.1,38.5,40.3,38.5
20000918,,2383,台光電,4.32,74.7,5.92,39.1,,,,,,,,,0.04,,,,,3742.0,39.1,38.8,40.4,39.3
20000919,,2383,台光電,2.71,73.64,3.8,36.4,,,,,,,,,0.04,,,,,3966.0,36.4,36.4,39.8,39.1
20000920,,2383,台光電,3.03,73.72,4.26,36.1,,,,,,,,,0.04,,,,,3708.0,36.1,34.3,38.0,38.0
20000921,,2383,台光電,2.98,73.34,4.07,37.2,,,,,,,,,0.04,,,,,4035.0,37.2,35.2,38.0,36.1
20000922,,2383,台光電,2.35,71.53,3.28,34.6,,,,,,,,,0.04,,,,,2114.0,34.6,34.6,36.8,36.7
20000925,,2383,台光電,2.5,71.99,3.48,34.2,,,,,,,,,0.04,,,,,2377.0,34.2,34.1,35.7,34.6
20000926,,2383,台光電,2.25,70.31,3.19,33.9,,,,,,,,,0.04,,,,,2324.0,33.9,31.9,34.2,34.0
20000927,,2383,台光電,2.56,69.76,3.69,35.9,,,,,,,,3.52,0.04,6.0,,,,4673.0,35.9,33.0,36.2,33.0
20000928,,2383,台光電,2.44,69.66,3.53,35.2,,,,,,,,4.52,0.04,2.0,,,,3159.0,35.2,35.2,37.2,36.3
20000929,,2383,台光電,2.06,69.55,2.97,34.6,,,,,,,,,0.04,,,,,1991.0,34.6,34.6,35.9,35.6
20000930,,2383,台光電,1.63,69.02,2.36,,,,,,,,,,0.04,,,,,1995.0,32.2,32.2,33.7,32.2
20001002,,2383,台光電,1.7,68.47,2.66,30.4,,,,,,0.0,0.0,0.0,0.04,0.0,,,,2039.0,30.4,30.0,33.3,32.2
20001003,,2383,台光電,1.9,67.53,3.02,31.1,,,,,,0.0,0.0,1.85,0.05,4.0,,,,3190.0,31.1,29.0,31.5,30.0
20001004,,2383,台光電,1.84,66.97,2.72,30.1,,,,,,0.0,0.0,1.85,0.05,0.0,,,,80.0,30.1,30.1,30.1,30.1
20001005,,2383,台光電,1.08,65.18,1.64,29.1,,,,,29.1,0.05,70.0,1.85,0.05,0.0,,,,2317.0,29.1,29.1,30.1,29.1
20001006,,2383,台光電,1.7,65.3,2.53,31.1,,,,,,0.0,-100.0,1.85,0.05,0.0,,,,3447.0,31.1,29.1,31.1,29.1
20001007,,2383,台光電,1.7,67.56,2.48,,,,,,,0.0,0.0,1.85,0.05,0.0,,,,4678.0,30.4,30.1,32.0,31.3
20001009,,2383,台光電,1.7,67.3,2.53,29.4,,,,,,0.0,0.0,1.85,0.05,0.0,,,,1874.0,29.4,29.4,30.9,30.9
20001011,,2383,台光電,1.69,66.87,2.53,28.4,,,,,,0.0,0.0,1.85,0.05,0.0,,,,263.0,28.4,28.4,28.4,28.4
20001012,,2383,台光電,1.12,65.67,1.71,26.5,,,,,,0.0,0.0,1.85,0.05,0.0,,,,1231.0,26.5,26.5,27.3,26.5
20001013,,2383,台光電,1.06,64.21,1.64,25.8,,,,,,0.0,-50.0,1.85,0.05,0.0,,,,2313.0,25.8,24.7,26.3,24.7
20001016,,2383,台光電,1.56,64.37,2.43,24.0,,,,,,0.0,-10.0,1.85,0.04,-11.0,,,,3141.0,24.0,24.0,27.3,27.3
20001017,,2383,台光電,1.38,62.43,2.23,22.4,,,,,,0.0,-90.0,1.85,0.04,0.0,,,,2901.0,22.4,22.4,23.9,22.4
20001018,,2383,台光電,1.38,60.56,2.28,20.9,,,,,,0.0,-30.0,1.85,0.04,0.0,,,,2058.0,20.9,20.9,21.5,21.0
20001019,,2383,台光電,1.35,55.36,2.43,19.5,,,,,,0.0,0.0,1.85,0.04,-5.0,,,,3618.0,19.5,19.5,20.5,19.6
20001020,,2383,台光電,1.65,57.72,2.65,20.8,,,,,,0.0,-20.0,1.85,0.04,0.0,,,,4468.0,20.8,20.5,20.8,20.8
20001021,,2383,台光電,1.39,58.24,2.81,,,,,,,0.0,0.0,1.85,0.04,0.0,,,,5901.0,21.8,20.4,22.0,21.3
20001023,,2383,台光電,1.31,56.03,2.33,21.5,,,,,,0.0,-15.0,1.85,0.04,0.0,,,,3015.0,21.5,21.1,22.5,21.5
20001024,,2383,台光電,1.48,56.69,2.61,23.0,,,,,,0.0,0.0,1.85,0.03,-6.0,,,,3506.0,23.0,21.8,23.0,22.0
20001025,,2383,台光電,1.07,55.64,1.71,24.6,,,,,,0.0,0.0,1.85,0.03,-5.0,,,,5472.0,24.6,23.5,24.6,23.5
20001026,,2383,台光電,1.51,54.83,2.85,25.4,,,,,,0.0,0.0,1.85,0.03,0.0,,,,6843.0,25.4,23.9,26.3,24.0
20001027,,2383,台光電,1.3,54.05,2.41,24.6,,,,,,0.0,0.0,1.85,0.03,0.0,,,,3332.0,24.6,24.6,26.0,26.0
20001030,,2383,台光電,1.27,53.99,2.35,23.8,,,,,,0.0,0.0,1.81,0.03,0.0,,,,24.0,23.8,23.8,23.8,23.8
20001031,,2383,台光電,0.69,54.51,1.27,23.0,,,,,,0.0,0.0,1.81,0.03,0.0,,,,2065.0,23.0,23.0,23.7,23.0
20001101,,2383,台光電,0.66,54.28,1.22,22.2,,,,,,0.0,0.0,16.25,0.1,100.0,,,,905.0,22.2,22.2,23.0,22.2
20001102,,2383,台光電,0.79,54.76,1.52,23.5,,,,,23.5,0.0,5.0,16.4,0.1,3.0,,,,4671.0,23.5,21.5,23.6,21.5
20001103,,2383,台光電,0.93,55.98,1.66,24.2,,,,,23.5,0.0,-1.0,17.18,0.11,16.0,,,,4502.0,24.2,23.3,24.5,23.9
20001104,,2383,台光電,0.72,55.19,1.31,,,,,,,0.0,-4.0,17.18,0.11,0.0,,,,2332.0,23.4,23.4,24.8,24.6
20001106,,2383,台光電,0.64,54.07,1.18,22.6,,,,,,0.0,0.0,17.18,0.11,0.0,,,,1534.0,22.6,22.6,23.2,23.1
20001107,,2383,台光電,0.77,54.71,1.41,24.1,,,,,,0.0,0.0,17.18,0.11,0.0,,,,3694.0,24.1,22.9,24.1,22.9
20001108,,2383,台光電,0.9,54.11,1.67,25.7,,,,,,0.0,0.0,17.18,0.11,-4.0,,,,4492.0,25.7,24.5,25.7,24.8
20001109,,2383,台光電,1.7,55.43,3.07,27.2,,,,,,0.0,0.0,17.18,0.11,0.0,,,,7829.0,27.2,24.2,27.2,25.5
20001110,,2383,台光電,1.95,53.73,3.64,27.8,,,,,27.8,0.69,1000.0,18.44,0.12,21.0,,,,8246.0,27.8,26.7,28.7,26.9
20001113,,2383,台光電,1.38,52.74,2.62,25.9,,,,,27.8,0.69,0.0,18.44,0.12,0.0,,,,2735.0,25.9,25.9,26.7,26.2
20001114,,2383,台光電,1.46,52.75,2.77,26.2,,,,,27.8,0.69,0.0,18.44,0.12,0.0,,,,4541.0,26.2,25.2,26.9,25.2
20001115,,2383,台光電,1.24,51.76,2.38,24.4,,,,,27.8,0.69,0.0,18.44,0.12,0.0,,,,4515.0,24.4,24.4,27.4,27.4
20001116,,2383,台光電,1.07,51.49,2.08,22.7,,,,,27.8,0.69,0.0,18.44,0.1,-36.0,,,,3357.0,22.7,22.7,23.8,23.8
20001117,,2383,台光電,1.06,50.69,2.11,22.4,,,,,27.8,0.69,0.0,22.85,0.08,0.0,,,,2524.0,22.4,21.2,23.0,21.2
20001118,,2383,台光電,1.1,49.49,2.22,,,,,,27.8,0.69,0.0,22.85,0.08,0.0,,,,2395.0,21.1,20.9,22.9,22.0
20001120,,2383,台光電,1.05,47.87,2.19,19.7,,,,,27.8,0.69,0.0,22.85,0.08,0.0,,,,1019.0,19.7,19.7,20.5,19.9
20001121,,2383,台光電,1.24,48.55,2.56,21.0,,,,,27.8,0.69,0.0,22.85,0.08,0.0,,,,3292.0,21.0,19.1,21.0,19.1
20001122,,2383,台光電,1.51,48.96,3.09,22.4,,,,,27.8,0.68,-17.0,22.85,0.08,0.0,,,,2887.0,22.4,21.3,22.4,21.3
20001123,,2383,台光電,1.36,49.74,2.83,22.5,,,,,27.8,0.68,0.0,22.85,0.08,0.0,,,,4114.0,22.5,21.8,22.8,22.0
20001124,,2383,台光電,1.48,50.87,2.93,24.0,,,,,27.8,0.68,0.0,22.85,0.08,0.0,,,,7161.0,24.0,23.0,24.0,23.2
20001127,,2383,台光電,1.92,51.14,3.75,25.6,,,,,27.8,0.68,0.0,22.85,0.08,0.0,,,,7516.0,25.6,24.0,25.6,24.8
20001128,,2383,台光電,1.62,49.77,3.26,24.8,,,,,27.8,0.68,0.0,22.85,0.08,0.0,,,,2877.0,24.8,24.8,25.0,24.9
20001129,,2383,台光電,1.46,51.22,2.86,24.0,,,,,27.8,0.67,-17.0,22.85,0.08,0.0,,,,3474.0,24.0,24.0,24.8,24.0
20001130,,2383,台光電,1.53,50.45,3.03,23.6,,,,,27.8,0.67,0.0,23.14,0.13,70.0,,,,3651.0,23.6,23.2,24.8,24.0
20001201,,2383,台光電,1.33,51.23,2.6,24.5,,,,,27.8,0.67,0.0,23.14,0.13,0.0,,,,2375.0,24.5,22.8,24.5,23.2
20001202,,2383,台光電,1.2,50.66,2.38,,,,,,27.8,0.67,0.0,23.14,0.13,0.0,,,,2219.0,23.7,23.7,24.7,24.5
20001204,,2383,台光電,1.04,50.13,2.08,23.1,,,,,27.8,0.67,0.0,23.12,0.21,120.0,,,,1347.0,23.1,22.9,23.5,23.2
20001205,,2383,台光電,1.6,50.08,3.19,23.9,,,,,27.8,0.67,0.0,23.12,0.21,0.0,,,,3828.0,23.9,22.6,24.1,23.2
20001206,,2383,台光電,1.5,50.18,2.98,23.1,,,,,27.8,0.67,0.0,23.12,0.21,0.0,,,,4318.0,23.1,23.1,25.0,25.0
20001207,,2383,台光電,1.4,49.44,2.88,22.9,,,,,27.8,0.67,0.0,23.12,0.21,0.0,,,,2235.0,22.9,22.5,23.3,22.8
20001208,,2383,台光電,1.29,49.2,2.62,23.0,,,,,27.8,0.67,0.0,23.12,0.21,0.0,,,,1504.0,23.0,22.7,23.4,23.3
20001211,,2383,台光電,1.33,49.49,2.67,23.0,,,,,27.8,0.67,0.0,23.12,0.21,0.0,,,,1006.0,23.0,23.0,23.5,23.4
20001212,,2383,台光電,1.27,50.59,2.51,23.7,,23.7,4.51,105.0,27.8,0.67,0.0,23.12,0.21,0.0,,,,2624.0,23.7,23.3,24.1,23.3
20001213,,2383,台光電,1.14,50.25,2.26,23.3,,23.7,4.53,38.0,27.8,0.67,0.0,23.12,0.21,0.0,,,,1738.0,23.3,22.9,23.6,23.4
20001214,,2383,台光電,1.02,49.06,2.08,22.7,,23.7,4.53,0.0,27.8,0.67,0.0,23.12,0.21,0.0,,,,1061.0,22.7,22.5,23.0,23.0
20001215,,2383,台光電,0.98,49.04,1.99,22.5,,23.7,4.53,0.0,27.8,0.67,0.0,23.12,0.21,0.0,,,,575.0,22.5,22.3,22.7,22.5
20001216,,2383,台光電,0.97,48.65,2.0,,,23.7,4.53,0.0,27.8,0.67,0.0,23.12,0.21,0.0,,,,863.0,21.8,21.8,22.5,22.0
20001218,,2383,台光電,0.93,48.59,1.91,21.1,,23.7,4.53,0.0,27.8,0.67,0.0,23.12,0.21,0.0,,,,1030.0,21.1,21.1,22.0,21.4
20001219,,2383,台光電,0.91,47.92,1.89,20.4,,23.7,4.53,0.0,27.8,0.67,0.0,23.12,0.21,0.0,,,,761.0,20.4,20.4,20.8,20.4
20001220,,2383,台光電,0.9,46.29,1.93,19.7,,23.7,4.53,0.0,27.8,0.67,0.0,23.12,0.21,0.0,,,,456.0,19.7,19.7,19.9,19.7
20001221,,2383,台光電,0.9,46.07,1.94,19.1,,23.7,4.53,0.0,27.8,0.67,0.0,23.12,0.21,0.0,,,,52.0,19.1,19.1,19.1,19.1
20001222,,2383,台光電,0.97,45.83,2.11,18.5,,23.7,4.53,0.0,27.8,0.67,0.0,23.12,0.21,0.0,,,,1588.0,18.5,18.5,19.5,18.5
20001226,,2383,台光電,0.98,45.61,2.16,17.9,,23.7,4.53,0.0,27.8,0.67,0.0,23.12,0.21,0.0,,,,1156.0,17.9,17.9,19.2,18.7
20001227,,2383,台光電,0.97,45.28,2.14,17.3,,23.7,4.53,0.0,27.8,0.67,0.0,23.12,0.21,0.0,,,,346.0,17.3,17.3,17.3,17.3
20001228,,2383,台光電,0.97,45.42,2.12,18.4,,23.54,4.67,200.0,,0.0,-1000.0,23.12,0.21,0.0,,,,4076.0,18.4,16.7,18.4,16.7
20001229,,2383,台光電,0.93,45.56,2.04,17.8,,23.38,4.81,200.0,,0.0,0.0,23.12,0.21,0.0,,,,1196.0,17.8,17.8,18.2,17.8
20001230,,2383,台光電,0.84,44.17,1.9,,,23.14,5.0,280.0,,0.0,0.0,23.12,0.21,0.0,,,,1483.0,17.3,17.2,17.9,17.9
20010102,,2383,台光電,1.07,44.59,2.4,18.3,,23.1,5.05,67.0,,0.0,0.0,23.12,0.21,0.0,,,,2453.0,18.3,16.3,18.5,16.3
20010103,,2383,台光電,1.19,44.53,2.67,18.9,,22.94,5.2,223.0,,0.0,0.0,23.12,0.21,0.0,,,,3094.0,18.9,17.6,19.2,17.6
20010104,,2383,台光電,1.27,45.4,2.81,20.2,,22.92,5.24,50.0,,0.0,0.0,23.12,0.2,-8.0,,,,2719.0,20.2,19.6,20.2,19.9
20010105,,2383,台光電,1.0,45.23,2.22,21.6,,22.89,5.27,50.0,,0.0,0.0,23.12,0.2,0.0,,,,5867.0,21.6,20.0,21.6,20.8
20010108,,2383,台光電,1.14,47.31,2.42,21.1,,22.89,5.27,0.0,21.1,0.07,100.0,23.12,0.2,0.0,,,,5216.0,21.1,20.9,22.6,21.0
20010109,,2383,台光電,1.28,47.54,2.71,22.5,,22.88,5.43,224.0,21.1,0.07,0.0,22.84,0.38,250.0,,,,4735.0,22.5,21.3,22.5,21.5
20010110,,2383,台光電,1.49,45.76,3.54,23.9,,22.88,5.43,0.0,23.1,0.1,40.0,22.84,0.38,0.0,,,,9499.0,23.9,22.2,23.9,22.8
20010111,,2383,台光電,0.99,47.29,2.09,22.3,,22.88,4.61,-1179.0,23.1,0.03,-100.0,22.84,0.38,0.0,,,,5208.0,22.3,22.3,24.3,24.0
20010112,,2383,台光電,0.98,47.8,2.05,22.1,,22.87,4.68,100.0,22.39,0.1,100.0,22.73,0.44,90.0,,,,2668.0,22.1,21.1,22.5,22.4
20010115,,2383,台光電,0.67,47.17,1.42,22.2,,22.85,4.78,150.0,22.39,0.1,0.0,22.62,0.56,170.0,,,,1661.0,22.2,21.0,22.5,21.7
20010116,,2383,台光電,0.75,47.6,1.66,23.7,,22.88,4.96,250.0,22.39,0.03,-90.0,22.71,0.6,70.0,,,,5111.0,23.7,22.5,23.7,22.9
20010117,,2383,台光電,1.11,48.38,2.3,24.6,,22.88,4.96,0.0,24.44,0.49,663.0,22.71,0.6,0.0,,,,8593.0,24.6,23.6,25.2,23.9
20010118,,2383,台光電,0.73,47.99,1.53,23.2,,22.88,4.96,0.0,24.44,0.14,-513.0,22.71,0.6,0.0,,,,4798.0,23.2,23.0,24.5,24.5
20010129,,2383,台光電,1.24,45.79,2.99,23.6,,22.88,4.96,0.0,24.44,0.14,0.0,22.87,0.74,200.0,,,,5166.0,23.6,22.3,24.3,23.5
20010130,,2383,台光電,1.75,48.79,3.62,25.2,,22.93,5.06,150.0,24.44,0.14,0.0,23.28,0.9,230.0,,,,8415.0,25.2,23.8,25.2,23.9
20010131,,2383,台光電,2.24,50.77,4.34,26.9,,22.93,4.71,-500.0,24.44,0.14,0.0,23.42,0.94,50.0,,,,9385.0,26.9,25.7,26.9,26.0
20010201,,2383,台光電,2.37,47.59,4.97,28.7,,24.28,6.15,2083.0,24.44,0.14,0.0,23.42,0.94,0.0,,,,7677.0,28.7,27.7,28.7,28.0
20010202,,2383,台光電,2.59,45.89,5.62,30.7,,25.08,7.03,1267.0,24.44,0.07,-100.0,23.42,0.94,0.0,,,,6427.0,30.7,30.0,30.7,30.7
20010205,,2383,台光電,1.81,45.85,3.94,28.9,,25.08,7.03,0.0,24.44,0.07,0.0,23.43,0.94,3.0,,,,6118.0,28.9,28.6,30.3,30.0
20010206,,2383,台光電,1.64,45.75,3.58,27.5,,25.08,7.03,0.0,,0.0,-100.0,23.43,0.94,0.0,,,,5551.0,27.5,27.0,30.5,28.1
20010207,,2383,台光電,2.27,48.01,4.77,28.0,,25.08,6.26,-1110.0,28.0,0.07,100.0,23.43,0.92,-32.0,,,,8400.0,28.0,26.9,28.9,27.1
20010208,,2383,台光電,2.22,49.78,4.5,29.7,,25.08,6.26,0.0,,0.0,-100.0,23.43,0.92,0.0,,,,7496.0,29.7,27.6,29.7,28.1
20010209,,2383,台光電,2.03,50.73,4.01,29.3,,25.08,6.0,-380.0,29.3,0.14,200.0,23.43,0.92,0.0,,,,7091.0,29.3,29.1,30.4,29.7
20010212,,2383,台光電,1.97,49.67,3.97,30.5,,25.08,5.92,-110.0,30.5,0.49,516.0,23.43,0.85,-98.0,,,,8042.0,30.5,29.3,31.0,29.3
20010213,,2383,台光電,2.5,51.59,4.86,32.6,,25.08,5.82,-150.0,30.72,0.55,84.0,23.43,0.81,-60.0,,,,9555.0,32.6,30.7,32.6,31.2
20010214,,2383,台光電,2.71,51.41,5.35,31.4,,25.61,6.17,500.0,30.72,0.55,0.0,23.43,0.68,-181.0,,,,12115.0,31.4,31.4,34.5,34.4
20010215,,2383,台光電,2.87,51.08,5.62,33.5,,25.61,6.1,-100.0,31.28,0.69,200.0,23.43,0.68,0.0,,,,5800.0,33.5,32.0,33.5,32.0
20010216,,2383,台光電,3.65,52.04,7.01,35.2,,26.38,6.5,588.0,31.28,0.69,0.0,23.44,0.54,-199.0,,,,14406.0,35.2,32.7,35.5,34.1
20010219,,2383,台光電,2.77,49.17,5.63,34.2,,27.27,7.34,1210.0,31.28,0.69,0.0,23.44,0.54,-2.0,,,,5999.0,34.2,32.8,34.7,32.8
20010220,,2383,台光電,2.47,52.9,4.67,32.7,,27.27,6.25,-1571.0,31.28,0.69,0.0,23.44,0.54,0.0,,,,7262.0,32.7,32.3,35.5,35.2
20010221,,2383,台光電,1.58,55.57,2.85,31.0,,27.27,4.53,-2500.0,,0.0,-1000.0,23.44,0.54,0.0,,,,6327.0,31.0,30.5,31.9,31.9
20010222,,2383,台光電,1.27,56.74,2.24,28.9,,27.27,3.48,-1515.0,,0.0,0.0,23.44,0.54,-1.0,,,,4527.0,28.9,28.9,31.0,31.0
20010223,,2383,台光電,1.39,56.71,2.93,29.3,,27.27,3.34,-200.0,,0.0,0.0,23.44,0.54,0.0,,,,4709.0,29.3,27.6,29.7,28.5
20010226,,2383,台光電,1.39,57.21,2.48,29.0,,27.27,3.13,-300.0,,0.0,0.0,23.44,0.54,0.0,,,,2851.0,29.0,28.6,29.9,29.5
20010227,,2383,台光電,1.55,57.78,2.68,29.2,,27.27,3.07,-100.0,,0.0,0.0,23.44,0.54,0.0,,,,4235.0,29.2,28.9,30.5,29.6
20010301,,2383,台光電,1.06,57.26,1.85,28.0,,27.27,3.07,0.0,,0.0,0.0,23.44,0.54,0.0,,,,1891.0,28.0,27.6,28.7,28.2
20010302,,2383,台光電,1.12,57.25,1.96,28.5,,27.44,2.95,-167.0,,0.0,0.0,23.44,0.54,0.0,,,,3170.0,28.5,28.1,28.8,28.5
20010305,,2383,台光電,1.23,57.79,2.13,30.2,,27.44,2.95,0.0,30.2,0.06,80.0,23.44,0.54,0.0,,,,2802.0,30.2,28.1,30.2,28.5
20010306,,2383,台光電,1.23,59.08,2.11,30.0,,27.44,2.77,-266.0,,0.0,-80.0,23.44,0.54,0.0,,,,5588.0,30.0,29.3,30.6,30.2
20010307,,2383,台光電,1.4,61.04,2.3,31.2,,27.44,2.54,-334.0,31.2,0.1,150.0,23.44,0.54,0.0,,,,7038.0,31.2,30.0,31.4,30.3
20010308,,2383,台光電,1.03,65.72,1.57,29.7,,27.44,1.15,-2003.0,30.95,0.12,30.0,23.44,0.54,0.0,,,,5308.0,29.7,29.6,31.4,31.3
20010309,,2383,台光電,0.98,66.53,1.47,28.5,,27.53,0.44,-1028.0,30.55,0.15,35.0,24.66,0.71,250.0,,,,3465.0,28.5,28.5,29.2,29.2
20010312,,2383,台光電,0.89,67.58,1.31,28.1,,27.53,0.44,-1.0,,0.0,-215.0,24.66,0.71,0.0,,,,2323.0,28.1,27.5,28.2,27.5
20010313,,2383,台光電,1.41,69.61,2.02,29.1,,27.53,0.44,0.0,,0.0,0.0,24.67,0.72,1.0,,,,5472.0,29.1,27.3,29.4,27.5
20010314,,2383,台光電,1.22,70.34,1.74,28.7,,27.53,0.44,0.0,,0.0,0.0,24.67,0.72,0.0,,,,4304.0,28.7,28.5,29.8,29.8
20010315,,2383,台光電,1.06,72.25,1.47,29.4,,27.53,0.44,0.0,,0.0,0.0,24.67,0.72,0.0,,,,5091.0,29.4,28.2,29.4,28.7
20010316,,2383,台光電,0.99,74.63,1.34,29.4,,28.22,0.7,375.0,29.4,0.03,50.0,24.67,0.72,0.0,,,,10767.0,29.4,29.1,30.4,29.5
20010319,,2383,台光電,0.89,72.9,1.22,27.4,,28.22,0.7,0.0,29.4,0.03,0.0,24.67,0.72,0.0,,,,2947.0,27.4,27.4,29.7,29.4
20010320,,2383,台光電,2.02,72.62,2.78,27.8,,28.18,0.77,100.0,29.4,0.03,0.0,24.67,0.72,0.0,,,,3110.0,27.8,27.6,28.0,27.6
20010321,,2383,台光電,1.46,73.07,2.01,27.4,,28.15,0.8,50.0,29.4,0.03,0.0,24.67,0.72,0.0,,,,2169.0,27.4,27.0,28.1,27.0
20010322,,2383,台光電,1.3,73.43,1.77,28.3,,28.16,0.87,100.0,29.4,0.03,0.0,24.67,0.72,0.0,,,,4168.0,28.3,27.4,28.7,27.4
20010323,,2383,台光電,1.43,77.38,2.16,30.2,,28.36,0.97,140.0,29.4,0.03,0.0,24.67,0.72,0.0,,,,9424.0,30.2,28.5,30.2,29.5
20010326,,2383,台光電,1.8,78.82,2.29,31.8,,28.53,1.02,70.0,29.4,0.03,0.0,24.67,0.72,0.0,,,,13218.0,31.8,30.5,31.8,30.7
20010327,,2383,台光電,1.7,79.63,2.14,30.6,,28.77,1.16,200.0,29.4,0.03,0.0,24.67,0.72,0.0,,,,7836.0,30.6,30.5,32.0,32.0
20010328,,2383,台光電,1.78,79.74,2.24,30.6,,28.77,1.16,0.0,29.4,0.03,0.0,24.67,0.72,0.0,,,,4696.0,30.6,30.6,31.5,30.9
20010329,,2383,台光電,1.68,79.53,2.11,30.6,,28.77,1.16,0.0,,0.0,-50.0,24.67,0.72,0.0,,,,3233.0,30.6,29.8,30.9,30.6
20010330,,2383,台光電,1.92,80.34,2.39,31.2,,29.28,1.46,437.0,,0.0,0.0,24.67,0.72,0.0,,,,10131.0,31.2,30.8,32.4,31.0
20010402,,2383,台光電,2.24,78.94,2.83,29.1,,29.27,1.51,80.0,,0.0,0.0,24.67,0.72,0.0,,,,7250.0,29.1,29.1,32.0,31.5
20010403,,2383,台光電,1.83,76.8,2.39,27.5,,29.23,1.55,50.0,,0.0,0.0,24.67,0.72,0.0,,,,3283.0,27.5,27.3,28.6,28.0
20010404,,2383,台光電,1.85,78.79,2.35,28.3,,29.23,1.55,0.0,,0.0,0.0,24.67,0.72,0.0,,,,4350.0,28.3,27.4,28.4,27.6
20010406,,2383,台光電,2.14,79.89,2.69,28.7,,29.23,1.48,-100.0,,0.0,0.0,24.67,0.72,0.0,,,,4858.0,28.7,28.6,29.4,29.0
20010409,,2383,台光電,1.81,80.2,2.27,28.0,,29.23,1.48,0.0,,0.0,-113.0,24.67,0.72,0.0,,,,2294.0,28.0,27.5,28.7,28.0
20010410,,2383,台光電,1.62,79.44,2.05,26.9,,29.23,1.4,-110.0,,0.0,0.0,24.67,0.72,0.0,,,,3175.0,26.9,26.5,28.4,28.0
20010411,,2383,台光電,1.11,78.93,1.41,27.6,,29.23,1.15,-368.0,,0.0,0.0,24.93,0.78,100.0,,,,3099.0,27.6,26.9,27.8,27.8
20010412,,2383,台光電,1.13,80.61,1.4,28.4,,29.23,1.02,-182.0,,0.0,0.0,24.93,0.78,0.0,,,,4522.0,28.4,27.6,28.7,27.8
20010413,,2383,台光電,1.06,79.74,1.33,27.4,,29.23,1.02,0.0,,0.0,0.0,24.93,0.78,0.0,,,,2953.0,27.4,27.1,28.8,28.8
20010416,,2383,台光電,0.87,80.53,1.08,26.8,,29.23,1.0,-40.0,,0.0,-200.0,24.93,0.78,0.0,,,,2245.0,26.8,26.5,27.7,27.0
20010417,,2383,台光電,0.57,80.56,0.7,27.0,,29.23,1.0,0.0,,0.0,0.0,24.93,0.78,0.0,,,,1536.0,27.0,26.8,27.2,26.9
20010418,,2383,台光電,0.06,80.73,0.07,27.3,,29.23,1.0,0.0,,0.0,0.0,24.93,0.78,0.0,,,,2088.0,27.3,27.0,27.4,27.0
20010419,,2383,台光電,0.0,77.01,0.0,27.2,,29.23,1.0,0.0,,0.0,0.0,24.93,0.78,0.0,,,,2865.0,27.2,27.0,28.0,27.8
20010420,,2383,台光電,0.0,75.34,0.0,26.9,,29.23,0.95,-60.0,,0.0,0.0,24.93,0.78,0.0,,,,1927.0,26.9,26.8,27.3,27.3
20010423,,2383,台光電,0.0,74.33,0.0,27.9,,29.23,0.95,0.0,,0.0,0.0,24.93,0.78,0.0,,,,1865.0,27.9,26.8,27.9,27.0
20010424,,2383,台光電,0.14,80.63,0.21,28.6,,29.23,0.95,0.0,,0.0,0.0,24.93,0.78,0.0,,,,8392.0,28.6,27.6,29.4,27.8
20010425,,2383,台光電,0.26,81.31,0.32,27.6,,29.23,0.95,0.0,,0.0,0.0,24.93,0.78,0.0,,,,3878.0,27.6,27.5,29.0,28.6
20010426,,2383,台光電,0.28,80.65,0.35,27.0,,29.23,0.95,0.0,,0.0,0.0,24.93,0.78,0.0,,,,2640.0,27.0,26.8,28.0,27.9
20010427,,2383,台光電,0.63,80.51,0.77,26.9,,29.23,0.95,-1.0,,0.0,0.0,24.93,0.78,0.0,,,,1597.0,26.9,26.8,27.4,27.0
20010430,,2383,台光電,0.34,78.77,0.43,25.1,,29.23,0.95,0.0,,0.0,0.0,24.93,0.82,55.0,,,,2864.0,25.1,25.1,27.0,26.8
20010502,,2383,台光電,0.42,77.86,0.54,23.4,,29.23,0.95,0.0,,0.0,-100.0,24.93,0.82,0.0,,,,2463.0,23.4,23.4,25.3,25.1
20010503,,2383,台光電,0.38,78.24,0.48,23.5,,29.23,0.95,0.0,,0.0,-500.0,24.93,0.82,0.0,,,,3140.0,23.5,22.0,24.0,22.2
20010504,,2383,台光電,1.5,78.92,1.9,22.0,,29.23,0.95,0.0,,0.0,-229.0,24.86,0.84,30.0,,,,3746.0,22.0,21.9,24.0,23.5
20010507,,2383,台光電,0.88,78.08,1.12,21.6,,29.23,0.95,0.0,,0.0,-4.0,24.86,0.84,2.0,,,,2204.0,21.6,21.4,22.6,22.0
20010508,,2383,台光電,0.67,78.46,0.85,20.1,,29.23,0.95,0.0,,0.0,-197.0,24.86,0.84,0.0,,,,3023.0,20.1,20.1,21.9,21.6
20010509,,2383,台光電,1.15,78.93,1.45,20.5,,29.23,0.95,0.0,,0.0,0.0,24.86,0.84,0.0,,,,4331.0,20.5,19.6,20.9,20.1
20010510,,2383,台光電,0.86,77.41,1.11,19.1,,29.23,0.95,0.0,,0.0,0.0,24.86,0.84,0.0,,,,2140.0,19.1,19.1,20.6,20.0
20010511,,2383,台光電,0.51,76.48,0.68,19.3,,29.23,0.95,0.0,,0.0,0.0,24.85,0.85,1.0,,,,5197.0,19.3,17.8,19.8,18.6
20010514,,2383,台光電,0.57,77.02,0.74,19.3,,29.23,0.95,0.0,,0.0,0.0,24.85,0.85,0.0,,,,2242.0,19.3,18.5,19.6,19.0
20010515,,2383,台光電,1.04,76.16,1.36,19.3,,29.23,0.95,0.0,,0.0,0.0,24.85,0.85,0.0,,,,3054.0,19.3,18.8,19.8,18.8
20010516,,2383,台光電,0.73,75.46,1.04,18.8,,29.23,0.95,0.0,,0.0,0.0,24.85,0.85,0.0,,,,1266.0,18.8,18.8,19.5,19.5
20010517,,2383,台光電,0.89,75.9,1.19,19.4,,29.23,0.95,0.0,,0.0,0.0,24.64,0.88,50.0,,,,3427.0,19.4,19.1,19.9,19.2
20010518,,2383,台光電,1.36,75.16,1.8,19.3,,29.23,0.95,0.0,,0.0,0.0,24.44,0.91,50.0,,,,3922.0,19.3,19.1,19.9,19.6
20010521,,2383,台光電,1.21,73.86,1.64,18.0,,29.23,0.95,0.0,,0.0,0.0,24.44,0.91,-1.0,,,,2229.0,18.0,18.0,19.3,19.3
20010522,,2383,台光電,1.36,72.52,1.89,16.8,,29.23,0.95,0.0,,0.0,0.0,24.44,0.91,0.0,,,,3382.0,16.8,16.8,18.6,18.1
20010523,,2383,台光電,1.48,72.74,2.1,17.9,,29.23,0.95,0.0,,0.0,0.0,24.44,0.91,0.0,,,,2525.0,17.9,16.5,17.9,16.8
20010524,,2383,台光電,1.4,74.43,1.88,19.1,,29.23,0.95,0.0,,0.0,0.0,24.44,0.91,0.0,,,,2311.0,19.1,18.5,19.1,18.7
20010525,,2383,台光電,2.37,74.49,3.18,20.4,,29.23,0.95,0.0,20.4,0.14,200.0,24.44,0.91,0.0,,,,10506.0,20.4,19.5,20.4,19.6
20010528,,2383,台光電,1.65,73.31,2.25,19.0,,29.23,0.95,0.0,20.4,0.14,0.0,24.44,0.91,0.0,,,,3635.0,19.0,19.0,20.0,20.0
20010529,,2383,台光電,1.53,73.92,2.07,19.0,,29.23,0.95,0.0,,0.0,-200.0,24.44,0.91,0.0,,,,4487.0,19.0,18.5,19.7,18.5
20010530,,2383,台光電,1.41,73.67,1.94,19.2,,29.23,0.95,0.0,,0.0,0.0,24.44,0.91,0.0,,,,1688.0,19.2,18.8,19.3,19.0
20010531,,2383,台光電,1.59,75.5,2.1,20.5,,29.04,0.97,30.0,,0.0,0.0,24.44,0.91,0.0,,,,5772.0,20.5,19.1,20.5,19.2
20010601,,2383,台光電,1.28,75.24,1.7,19.8,,28.43,1.04,100.0,,0.0,0.0,24.44,0.91,0.0,,,,3829.0,19.8,19.5,20.5,20.3
20010604,,2383,台光電,1.1,73.6,1.5,18.9,,28.43,1.04,0.0,,0.0,0.0,24.44,0.91,0.0,,,,2087.0,18.9,18.8,19.7,19.5
20010605,,2383,台光電,1.59,74.47,2.13,20.2,,28.43,0.96,-120.0,,0.0,0.0,24.44,0.91,0.0,,,,6676.0,20.2,19.0,20.2,19.2
20010606,,2383,台光電,2.62,78.37,3.35,21.6,,28.43,0.96,0.0,,0.0,0.0,24.44,0.91,0.0,,,,8438.0,21.6,20.7,21.6,20.9
20010607,,2383,台光電,3.09,78.28,3.95,22.0,,28.43,0.69,-390.0,,0.0,0.0,24.44,0.55,-520.0,,,,12546.0,22.0,21.2,22.4,21.8
20010608,,2383,台光電,2.43,80.67,3.11,22.0,,28.43,0.15,-784.0,,0.0,0.0,24.44,0.08,-691.0,,,,13347.0,22.0,21.7,22.7,22.2
20010611,,2383,台光電,1.7,78.7,2.16,21.8,,28.43,0.0,-216.0,,0.0,0.0,24.44,0.08,0.0,,,,3420.0,21.8,21.1,22.0,21.7
20010612,,2383,台光電,1.84,77.99,2.38,22.0,,28.43,0.0,0.0,,0.0,0.0,24.44,0.08,0.0,,,,7640.0,22.0,21.8,22.6,21.8
20010613,,2383,台光電,1.75,77.96,2.25,21.3,,28.43,0.0,0.0,,0.0,0.0,24.44,0.08,0.0,,,,4554.0,21.3,21.2,22.4,22.2
20010614,,2383,台光電,1.42,76.14,1.87,20.7,,28.43,0.0,0.0,,0.0,0.0,24.44,0.08,0.0,,,,2842.0,20.7,20.1,21.1,20.1
20010615,,2383,台光電,1.48,76.05,1.94,20.8,,28.43,0.0,0.0,,0.0,0.0,24.44,0.08,0.0,,,,2342.0,20.8,20.2,20.9,20.3
20010618,,2383,台光電,1.21,75.3,1.61,20.1,,28.43,0.0,0.0,,0.0,0.0,24.44,0.08,0.0,,,,1456.0,20.1,20.1,20.6,20.6
20010619,,2383,台光電,1.35,75.19,1.79,19.7,,28.43,0.0,0.0,,0.0,0.0,24.44,0.08,0.0,,,,1410.0,19.7,19.7,20.4,20.2
20010620,,2383,台光電,1.51,75.38,2.48,20.2,,28.43,0.0,0.0,,0.0,0.0,24.44,0.08,0.0,,,,1799.0,20.2,19.8,20.2,19.8
20010621,,2383,台光電,1.86,74.99,2.44,20.2,,28.43,0.0,0.0,,0.0,0.0,24.44,0.08,0.0,,,,2227.0,20.2,20.0,20.7,20.4
20010622,,2383,台光電,1.59,74.09,2.14,19.3,,28.43,0.0,0.0,,0.0,0.0,24.44,0.08,0.0,,,,2169.0,19.3,19.1,20.5,20.5
20010626,,2383,台光電,1.35,72.09,1.88,18.0,,28.43,0.0,0.0,,0.0,0.0,24.44,0.08,0.0,,,,2520.0,18.0,18.0,19.4,19.3
20010627,,2383,台光電,1.86,71.25,2.61,18.1,,28.43,0.0,0.0,,0.0,0.0,24.44,0.08,0.0,,,,2959.0,18.1,17.8,18.6,18.0
20010628,,2383,台光電,1.99,71.52,2.79,18.3,,28.43,0.0,0.0,,0.0,0.0,24.44,0.08,0.0,,,,1731.0,18.3,18.0,18.4,18.3
20010629,,2383,台光電,1.53,71.81,2.14,19.0,,28.43,0.0,0.0,,0.0,0.0,24.44,0.08,0.0,,,,2569.0,19.0,18.6,19.2,18.9
20010702,,2383,台光電,0.94,71.33,1.31,18.2,,28.43,0.0,0.0,,0.0,0.0,24.44,0.08,0.0,,,,1366.0,18.2,18.0,19.1,19.1
20010703,,2383,台光電,0.88,70.9,1.24,18.2,,28.43,0.0,0.0,,0.0,0.0,24.44,0.08,0.0,,,,1404.0,18.2,18.1,18.7,18.3
20010704,,2383,台光電,0.69,68.68,0.99,17.1,,28.43,0.0,0.0,,0.0,0.0,24.44,0.08,0.0,,,,2501.0,17.1,17.0,18.2,18.0
20010705,,2383,台光電,0.53,68.47,0.78,16.8,,28.43,0.0,0.0,,0.0,0.0,24.44,0.08,0.0,,,,1927.0,16.8,16.5,17.3,16.6
20010706,,2383,台光電,0.44,69.12,0.64,16.9,,28.43,0.0,0.0,,0.0,0.0,24.44,0.08,0.0,,,,3444.0,16.9,16.0,17.4,16.0
20010709,,2383,台光電,0.41,68.66,0.59,16.8,,28.43,0.0,0.0,,0.0,0.0,24.44,0.08,0.0,,,,1237.0,16.8,16.5,17.0,16.9
20010710,,2383,台光電,0.43,68.62,0.63,16.5,,28.43,0.0,0.0,,0.0,0.0,24.44,0.08,0.0,,,,1563.0,16.5,16.5,17.2,17.1
20010711,,2383,台光電,0.24,68.11,0.35,15.9,,28.43,0.0,0.0,,0.0,0.0,24.44,0.08,0.0,,,,1456.0,15.9,15.5,16.7,16.1
20010712,,2383,台光電,0.35,67.69,0.53,16.9,,28.43,0.0,0.0,,0.0,0.0,24.44,0.08,0.0,,,,2354.0,16.9,16.1,16.9,16.1
20010713,,2383,台光電,0.25,66.44,0.38,15.8,,28.43,0.0,0.0,,0.0,0.0,24.44,0.08,0.0,,,,3260.0,15.8,15.8,17.6,17.3
20010716,,2383,台光電,0.3,65.63,0.45,14.85,,28.43,0.0,0.0,,0.0,0.0,24.44,0.08,0.0,,,,2393.0,14.85,14.7,16.2,15.8
20010717,,2383,台光電,0.33,65.64,0.69,15.1,,28.43,0.0,0.0,,0.0,0.0,24.44,0.08,0.0,,,,2795.0,15.1,14.5,15.5,14.8
20010718,,2383,台光電,0.3,65.0,0.47,14.05,,28.43,0.0,0.0,,0.0,0.0,24.44,0.08,0.0,,,,1803.0,14.05,14.05,15.3,15.3
20010719,,2383,台光電,0.36,64.87,0.56,14.1,,28.43,0.0,0.0,,0.0,0.0,24.44,0.08,0.0,,,,3339.0,14.1,13.2,14.4,14.0
20010720,,2383,台光電,0.51,64.91,0.79,14.05,,28.43,0.0,0.0,,0.0,0.0,24.44,0.08,0.0,,,,3446.0,14.05,14.0,14.6,14.1
20010723,,2383,台光電,0.28,63.62,0.44,13.5,,28.43,0.0,0.0,,0.0,0.0,24.44,0.08,0.0,,,,2257.0,13.5,13.5,14.4,14.1
20010724,,2383,台光電,0.25,62.12,0.4,12.6,,28.43,0.0,0.0,,0.0,0.0,24.44,0.08,0.0,,,,2129.0,12.6,12.6,13.4,13.1
20010725,,2383,台光電,0.22,63.23,0.34,12.25,,28.43,0.0,0.0,,0.0,0.0,24.44,0.08,0.0,,,,3300.0,12.25,12.0,12.8,12.1
20010726,,2383,台光電,0.22,66.53,0.36,13.1,,28.43,0.0,0.0,,0.0,0.0,24.44,0.08,0.0,,,,5839.0,13.1,12.15,13.1,12.35
20010727,,2383,台光電,0.14,66.38,0.21,13.1,,28.43,0.0,0.0,,0.0,0.0,24.44,0.08,0.0,,,,3806.0,13.1,13.1,13.7,13.3
20010731,,2383,台光電,0.0,62.08,0.0,12.45,,28.43,0.0,0.0,12.45,0.07,100.0,24.44,0.08,0.0,,,,2468.0,12.45,12.2,13.0,13.0
20010801,,2383,台光電,0.0,58.5,0.0,12.95,,28.43,0.0,0.0,,0.0,-100.0,24.44,0.08,0.0,,,,3097.0,12.95,12.2,13.2,12.5
20010802,,2383,台光電,0.0,52.46,0.0,13.85,,13.86,0.14,200.0,,0.0,0.0,25.67,0.08,10.0,,,,6461.0,13.85,12.7,13.85,13.1
20010803,,2383,台光電,1.33,61.55,2.14,12.85,,12.42,0.26,200.0,,0.0,0.0,19.3,0.08,0.0,,,,8723.0,12.85,12.35,12.85,12.35
20010806,,2383,台光電,1.53,64.02,2.4,12.8,,12.42,0.26,0.0,,0.0,0.0,18.79,0.08,0.0,,,,5053.0,12.8,12.6,13.3,12.95
20010807,,2383,台光電,1.48,64.65,2.29,12.65,,12.42,0.26,0.0,,0.0,0.0,17.84,0.08,10.0,,,,1744.0,12.65,12.4,12.8,12.8
20010808,,2383,台光電,1.65,63.97,2.58,13.2,,12.72,0.42,264.0,,0.0,0.0,17.12,0.08,-20.0,,,,3625.0,13.2,12.65,13.2,12.7
20010809,,2383,台光電,1.53,66.56,2.29,13.15,,12.72,0.42,0.0,,0.0,0.0,14.04,0.08,-100.0,,,,5866.0,13.15,13.0,13.7,13.0
20010810,,2383,台光電,1.42,65.32,2.17,12.9,,12.72,0.42,0.0,,0.0,0.0,14.04,0.08,0.0,,,,2104.0,12.9,12.65,13.2,13.15
20010813,,2383,台光電,1.5,64.68,2.32,12.65,,12.72,0.42,0.0,,0.0,0.0,14.02,0.08,1.0,,,,1567.0,12.65,12.6,13.0,12.85
20010814,,2383,台光電,1.62,63.96,2.53,13.0,,12.72,0.42,0.0,,0.0,0.0,14.02,0.08,0.0,,,,1979.0,13.0,12.7,13.1,12.8
20010815,,2383,台光電,1.64,65.03,2.52,13.05,,12.72,0.42,0.0,,0.0,0.0,14.02,0.08,0.0,,,,3890.0,13.05,13.0,13.4,13.1
20010816,,2383,台光電,2.04,63.69,3.2,13.95,,12.72,0.42,0.0,,0.0,0.0,14.02,0.08,0.0,,,,6685.0,13.95,13.1,13.95,13.15
20010817,,2383,台光電,2.06,65.31,3.15,14.1,,12.89,0.48,100.0,,0.0,0.0,14.02,0.08,0.0,,,,8145.0,14.1,14.0,14.8,14.8
20010820,,2383,台光電,2.16,65.93,3.27,14.2,,12.89,0.48,0.0,,0.0,0.0,14.02,0.08,0.0,,,,7508.0,14.2,13.75,14.6,13.95
20010821,,2383,台光電,1.95,64.81,3.01,13.8,,12.89,0.48,0.0,,0.0,0.0,14.02,0.08,0.0,,,,3716.0,13.8,13.6,14.45,14.35
20010822,,2383,台光電,2.41,64.55,3.73,13.25,,12.89,0.48,0.0,,0.0,0.0,14.02,0.08,0.0,,,,3629.0,13.25,13.05,14.1,13.8
20010823,,2383,台光電,2.79,62.85,4.44,12.8,,12.89,0.48,0.0,,0.0,0.0,14.02,0.08,0.0,,,,3018.0,12.8,12.8,13.6,13.25
20010824,,2383,台光電,2.15,60.6,3.54,12.0,,12.89,0.48,0.0,,0.0,0.0,14.02,0.08,0.0,,,,2752.0,12.0,12.0,12.8,12.6
20010827,,2383,台光電,2.23,61.2,3.64,11.25,,12.89,0.48,0.0,,0.0,0.0,14.02,0.08,0.0,,,,3523.0,11.25,11.2,12.15,12.0
20010828,,2383,台光電,2.48,60.76,4.07,11.25,,12.89,0.48,0.0,,0.0,0.0,14.02,0.08,0.0,,,,2256.0,11.25,11.05,11.45,11.15
20010829,,2383,台光電,2.32,61.3,3.79,11.45,,12.89,0.48,0.0,,0.0,0.0,14.02,0.08,0.0,,,,2450.0,11.45,10.8,11.45,11.2
20010830,,2383,台光電,2.04,60.96,3.35,11.2,,12.89,0.41,-102.0,,0.0,0.0,14.02,0.08,0.0,,,,1940.0,11.2,11.1,11.6,11.4
20010831,,2383,台光電,1.96,60.77,3.22,11.05,,12.89,0.35,-100.0,,0.0,0.0,14.02,0.08,0.0,,,,958.0,11.05,10.8,11.2,10.8
20010903,,2383,台光電,2.22,59.64,3.72,10.9,,12.89,0.35,0.0,,0.0,0.0,14.02,0.08,0.0,,,,1011.0,10.9,10.9,11.3,11.25
20010904,,2383,台光電,1.88,59.79,3.14,11.4,,12.89,0.35,0.0,,0.0,0.0,14.02,0.08,0.0,,,,1677.0,11.4,10.95,11.45,11.0
20010905,,2383,台光電,1.81,59.78,3.03,11.0,,12.89,0.3,-97.0,,0.0,0.0,14.02,0.08,0.0,,,,1527.0,11.0,11.0,11.6,11.5
20010906,,2383,台光電,1.97,58.73,3.36,10.3,,12.89,0.3,0.0,,0.0,0.0,14.02,0.08,0.0,,,,1500.0,10.3,10.3,11.2,11.0
20010907,,2383,台光電,1.78,56.73,3.15,9.6,,12.89,0.3,0.0,,0.0,0.0,14.02,0.08,0.0,,,,1863.0,9.6,9.6,10.2,10.0
20010910,,2383,台光電,1.61,56.53,2.85,9.25,,12.89,0.3,0.0,,0.0,0.0,14.02,0.08,0.0,,,,1314.0,9.25,9.0,9.45,9.2
20010911,,2383,台光電,1.63,55.19,2.94,8.65,,12.89,0.3,0.0,,0.0,0.0,14.02,0.08,0.0,,,,1497.0,8.65,8.65,9.45,9.35
20010913,,2383,台光電,1.63,54.67,2.97,8.05,,12.89,0.3,0.0,,0.0,0.0,14.02,0.08,0.0,,,,13.0,8.05,8.05,8.05,8.05
20010914,,2383,台光電,1.59,53.14,3.01,7.5,,12.89,0.3,0.0,,0.0,0.0,14.02,0.08,0.0,,,,493.0,7.5,7.5,7.5,7.5
20010919,,2383,台光電,1.57,52.2,3.0,7.25,,12.89,0.3,0.0,,0.0,0.0,14.02,0.08,0.0,,,,29.0,7.25,7.25,7.25,7.25
20010920,,2383,台光電,1.56,50.94,3.01,7.0,,12.89,0.18,-201.0,,0.0,0.0,14.02,0.08,0.0,,,,3129.0,7.0,7.0,7.25,7.0
20010921,,2383,台光電,1.56,50.49,3.09,6.8,,12.89,0.18,0.0,,0.0,0.0,14.02,0.08,0.0,,,,168.0,6.8,6.8,6.8,6.8
20010924,,2383,台光電,1.46,49.38,2.95,6.9,,12.89,0.18,0.0,,0.0,0.0,14.02,0.08,0.0,,,,2092.0,6.9,6.4,7.05,6.4
20010925,,2383,台光電,1.36,42.78,3.18,6.9,,12.89,0.18,0.0,,0.0,0.0,14.02,0.08,0.0,,,,3029.0,6.9,6.9,7.35,7.2
20010926,,2383,台光電,0.81,43.6,1.85,7.35,,12.89,0.18,0.0,,0.0,0.0,14.02,0.08,0.0,,,,2881.0,7.35,6.7,7.35,6.9
20010927,,2383,台光電,0.89,44.19,2.0,7.4,,12.89,0.16,-30.0,,0.0,0.0,14.02,0.08,0.0,,,,3111.0,7.4,7.2,7.55,7.35
20010928,,2383,台光電,0.75,43.68,1.73,7.4,,12.89,0.16,0.0,,0.0,0.0,14.02,0.08,0.0,,,,2097.0,7.4,7.3,7.7,7.55
20011002,,2383,台光電,0.69,42.67,1.62,6.95,,12.89,0.16,0.0,,0.0,0.0,14.02,0.08,0.0,,,,1359.0,6.95,6.9,7.25,7.2
20011003,,2383,台光電,0.84,42.59,1.98,6.95,,12.89,0.16,0.0,,0.0,0.0,14.02,0.08,0.0,,,,822.0,6.95,6.85,7.2,7.0
20011004,,2383,台光電,0.7,42.68,1.64,7.0,,12.89,0.16,0.0,,0.0,0.0,14.02,0.08,0.0,,,,1065.0,7.0,6.95,7.35,7.35
20011005,,2383,台光電,0.79,42.58,1.84,7.1,,12.89,0.16,0.0,,0.0,0.0,14.02,0.08,0.0,,,,973.0,7.1,6.85,7.25,7.05
20011008,,2383,台光電,0.67,42.35,1.58,6.65,,12.89,0.16,0.0,,0.0,0.0,14.02,0.08,0.0,,,,743.0,6.65,6.65,7.0,6.9
20011009,,2383,台光電,0.69,42.43,1.64,6.9,,12.89,0.16,0.0,,0.0,0.0,14.02,0.08,0.0,,,,1142.0,6.9,6.65,7.0,6.75
20011011,,2383,台光電,0.73,43.24,1.68,7.3,,12.89,0.16,0.0,,0.0,0.0,14.02,0.08,0.0,,,,2169.0,7.3,7.1,7.35,7.2
20011012,,2383,台光電,0.48,43.35,1.1,7.15,,12.89,0.16,0.0,,0.0,0.0,14.02,0.08,0.0,,,,2314.0,7.15,7.1,7.55,7.55
20011015,,2383,台光電,0.44,43.17,1.02,6.9,,12.89,0.16,0.0,,0.0,0.0,14.02,0.08,0.0,,,,765.0,6.9,6.8,7.15,7.15
20011016,,2383,台光電,0.49,43.03,1.13,7.1,,12.89,0.16,0.0,,0.0,0.0,14.02,0.08,0.0,,,,771.0,7.1,6.7,7.1,6.9
20011017,,2383,台光電,0.59,43.63,1.36,7.1,,12.89,0.16,0.0,,0.0,0.0,14.02,0.08,0.0,,,,1687.0,7.1,7.0,7.3,7.1
20011018,,2383,台光電,0.52,43.28,1.21,7.0,,12.89,0.16,0.0,,0.0,0.0,14.02,0.08,0.0,,,,616.0,7.0,6.8,7.0,6.85
20011019,,2383,台光電,0.6,43.49,1.38,7.3,,12.89,0.16,0.0,,0.0,0.0,14.02,0.08,0.0,,,,1658.0,7.3,7.0,7.35,7.1
20011022,,2383,台光電,0.58,45.88,1.27,7.8,,,0.0,-264.0,,0.0,0.0,14.02,0.08,0.0,,,,3796.0,7.8,7.4,7.8,7.45
20011023,,2383,台光電,0.91,45.64,2.0,7.95,,,0.0,0.0,,0.0,0.0,14.02,0.08,0.0,,,,7125.0,7.95,7.85,8.3,8.2
20011024,,2383,台光電,0.59,45.51,1.32,8.15,,,0.0,0.0,,0.0,0.0,14.02,0.08,0.0,,,,2765.0,8.15,7.8,8.15,7.95
20011025,,2383,台光電,0.51,45.78,1.11,7.9,,,0.0,0.0,,0.0,0.0,14.02,0.08,0.0,,,,2012.0,7.9,7.9,8.15,8.1
20011026,,2383,台光電,0.54,45.68,1.18,8.0,,,0.0,0.0,,0.0,0.0,14.02,0.08,0.0,,,,3356.0,8.0,7.85,8.2,8.0
20011029,,2383,台光電,0.51,45.87,1.1,7.8,,,0.0,0.0,,0.0,0.0,14.02,0.08,0.0,,,,1698.0,7.8,7.8,8.1,8.0
20011030,,2383,台光電,0.4,45.39,0.87,7.45,,,0.0,0.0,,0.0,0.0,14.02,0.08,0.0,,,,1050.0,7.45,7.3,7.7,7.55
20011031,,2383,台光電,0.34,45.44,0.74,7.25,,,0.0,0.0,,0.0,0.0,14.02,0.08,0.0,,,,856.0,7.25,7.15,7.45,7.2
20011101,,2383,台光電,0.32,44.87,0.72,7.35,,,0.0,0.0,,0.0,0.0,14.02,0.08,0.0,,,,927.0,7.35,7.2,7.45,7.3
20011102,,2383,台光電,0.23,45.09,0.5,7.55,,,0.0,0.0,,0.0,0.0,14.02,0.08,0.0,,,,1780.0,7.55,7.4,7.65,7.5
20011105,,2383,台光電,0.25,46.11,0.55,8.05,,,0.0,0.0,,0.0,0.0,14.02,0.08,0.0,,,,2360.0,8.05,7.6,8.05,7.7
20011106,,2383,台光電,0.4,47.0,0.98,8.4,,,0.0,0.0,,0.0,0.0,14.02,0.08,0.0,,,,6722.0,8.4,8.3,8.6,8.55
20011107,,2383,台光電,0.44,45.6,0.96,8.4,,,0.0,0.0,,0.0,0.0,14.02,0.08,0.0,,,,5174.0,8.4,8.15,8.55,8.5
20011108,,2383,台光電,0.37,46.67,0.95,8.4,,,0.0,0.0,,0.0,0.0,14.02,0.08,0.0,,,,4763.0,8.4,8.3,8.8,8.5
20011109,,2383,台光電,0.54,46.45,1.15,8.8,,,0.0,0.0,,0.0,0.0,14.02,0.08,0.0,,,,7235.0,8.8,8.3,8.8,8.4
20011112,,2383,台光電,0.68,46.76,1.45,9.25,,,0.0,0.0,,0.0,0.0,14.02,0.08,0.0,,,,8144.0,9.25,8.7,9.25,8.9
20011113,,2383,台光電,0.49,45.96,1.07,8.85,,,0.0,0.0,,0.0,0.0,14.02,0.08,0.0,,,,5364.0,8.85,8.8,9.45,9.25
20011114,,2383,台光電,0.4,46.06,0.88,9.0,,,0.0,0.0,,0.0,0.0,14.02,0.08,0.0,,,,4012.0,9.0,8.9,9.25,9.15
20011115,,2383,台光電,0.46,46.24,1.0,9.2,,,0.0,0.0,,0.0,0.0,14.02,0.08,0.0,,,,6321.0,9.2,8.9,9.35,9.0
20011116,,2383,台光電,0.5,46.83,1.06,9.25,,,0.0,0.0,,0.0,0.0,14.02,0.08,0.0,,,,7083.0,9.25,9.2,9.6,9.25
20011119,,2383,台光電,0.55,48.55,1.12,9.5,,,0.0,0.0,,0.0,0.0,14.02,0.08,0.0,,,,4410.0,9.5,9.2,9.5,9.5
20011120,,2383,台光電,0.42,48.89,0.85,8.85,,,0.0,0.0,,0.0,0.0,13.82,0.08,5.0,,,,5745.0,8.85,8.85,9.85,9.65
20011121,,2383,台光電,0.34,49.44,0.69,9.1,,,0.0,0.0,,0.0,0.0,13.82,0.08,0.0,,,,2982.0,9.1,8.7,9.15,8.85
20011122,,2383,台光電,0.3,48.67,0.62,8.6,,,0.0,0.0,,0.0,0.0,13.82,0.08,0.0,,,,1988.0,8.6,8.6,9.2,9.2
20011123,,2383,台光電,0.37,48.63,0.77,8.9,,,0.0,0.0,,0.0,0.0,13.25,0.08,-15.0,,,,2267.0,8.9,8.65,8.9,8.7
20011126,,2383,台光電,0.3,48.98,0.62,9.3,,,0.0,0.0,,0.0,0.0,13.25,0.08,0.0,,,,4816.0,9.3,9.0,9.4,9.0
20011127,,2383,台光電,0.23,49.04,0.47,9.05,,,0.0,0.0,,0.0,0.0,13.25,0.08,0.0,,,,3972.0,9.05,8.75,9.6,9.5
20011128,,2383,台光電,0.24,49.67,0.53,9.05,,,0.0,0.0,,0.0,0.0,13.25,0.08,0.0,,,,7032.0,9.05,8.7,9.55,8.7
20011129,,2383,台光電,0.26,51.33,0.51,9.0,,,0.0,0.0,,0.0,0.0,13.25,0.08,0.0,,,,3155.0,9.0,8.8,9.2,8.8
20011130,,2383,台光電,0.29,53.02,0.55,9.2,,,0.0,0.0,,0.0,0.0,13.22,0.08,-1.0,,,,10264.0,9.2,9.0,9.5,9.15
20011203,,2383,台光電,0.32,53.73,0.59,9.8,,,0.0,0.0,,0.0,0.0,13.17,0.08,1.0,,,,1904.0,9.8,9.5,9.8,9.6
20011204,,2383,台光電,0.4,54.46,0.73,10.45,,,0.0,0.0,,0.0,0.0,13.14,0.08,-1.0,,,,1781.0,10.45,10.45,10.45,10.45
20011205,,2383,台光電,0.43,55.36,0.77,11.15,,,0.0,0.0,,0.0,0.0,13.14,0.08,0.0,,,,937.0,11.15,11.15,11.15,11.15
20011206,,2383,台光電,0.43,55.72,0.78,11.9,,,0.0,0.0,,0.0,0.0,13.14,0.08,0.0,,,,384.0,11.9,11.9,11.9,11.9
20011207,,2383,台光電,0.45,56.72,0.79,12.7,,,0.0,0.0,,0.0,0.0,13.14,0.08,0.0,,,,1000.0,12.7,12.7,12.7,12.7
20011210,,2383,台光電,0.99,54.56,1.83,13.2,,,0.0,0.0,,0.0,0.0,13.14,0.08,0.0,,,,17507.0,13.2,12.8,13.55,13.55
20011211,,2383,台光電,0.61,54.24,1.16,13.6,,,0.0,0.0,,0.0,0.0,13.14,0.08,0.0,,,,11221.0,13.6,12.4,14.0,13.05
20011212,,2383,台光電,0.89,56.12,1.6,14.55,,,0.0,0.0,,0.0,0.0,13.14,0.08,0.0,,,,6801.0,14.55,13.7,14.55,13.9
20011213,,2383,台光電,1.45,50.17,2.96,14.9,,,0.0,0.0,,0.0,0.0,13.14,0.08,0.0,,,,13715.0,14.9,14.55,15.5,15.4
20011214,,2383,台光電,0.94,50.36,1.87,15.2,,,0.0,0.0,,0.0,0.0,13.14,0.08,0.0,,,,4441.0,15.2,14.4,15.8,14.4
20011217,,2383,台光電,0.48,49.11,0.98,14.15,,,0.0,0.0,,0.0,0.0,13.16,0.08,2.0,,,,4249.0,14.15,14.15,15.7,15.5
20011218,,2383,台光電,0.28,48.48,0.58,13.2,,,0.0,0.0,,0.0,0.0,13.16,0.08,0.0,,,,2828.0,13.2,13.2,14.4,14.3
20011219,,2383,台光電,0.18,47.32,0.39,12.3,,,0.0,0.0,,0.0,0.0,13.16,0.08,0.0,,,,3496.0,12.3,12.3,13.05,12.7
20011220,,2383,台光電,0.5,48.34,1.03,13.15,,,0.0,0.0,,0.0,0.0,13.16,0.08,0.0,,,,4143.0,13.15,11.5,13.15,12.0
20011221,,2383,台光電,0.57,49.25,1.17,13.3,,,0.0,0.0,,0.0,0.0,13.16,0.08,0.0,,,,6153.0,13.3,12.7,13.75,12.8
20011224,,2383,台光電,0.53,49.46,1.08,13.15,,,0.0,0.0,,0.0,0.0,13.16,0.08,0.0,,,,4417.0,13.15,13.15,14.0,13.7
20011225,,2383,台光電,0.4,50.37,0.79,13.55,,,0.0,0.0,,0.0,0.0,13.16,0.08,0.0,,,,3704.0,13.55,13.3,13.8,13.7
20011226,,2383,台光電,0.41,49.86,0.82,13.5,,,0.0,0.0,,0.0,0.0,13.16,0.08,0.0,,,,6342.0,13.5,13.45,14.1,13.9
20011227,,2383,台光電,0.22,48.26,0.45,12.6,,,0.0,0.0,,0.0,0.0,13.16,0.08,0.0,,,,4394.0,12.6,12.6,13.8,13.7
20011228,,2383,台光電,0.51,48.78,1.04,13.45,,,0.0,0.0,,0.0,0.0,13.16,0.08,0.0,,,,4205.0,13.45,12.3,13.45,12.6
20011231,,2383,台光電,0.39,48.41,0.81,13.95,,,0.0,0.0,,0.0,0.0,13.16,0.08,0.0,,,,5766.0,13.95,13.7,14.2,13.9
20020102,,2383,台光電,0.91,50.0,0.91,14.25,,,0.0,0.0,,0.0,0.0,13.16,0.08,0.0,,,,7229.0,14.25,13.6,14.5,14.0
20020103,,2383,台光電,0.89,50.66,1.76,13.6,,,0.0,0.0,,0.0,0.0,13.16,0.08,0.0,,,,5193.0,13.6,13.5,14.6,14.5
20020104,,2383,台光電,0.5,51.3,0.98,13.8,,,0.0,0.0,,0.0,0.0,13.16,0.08,0.0,,,,5589.0,13.8,13.8,14.25,14.0
20020107,,2383,台光電,0.45,53.24,0.85,14.25,,,0.0,0.0,,0.0,0.0,13.16,0.08,0.0,,,,6260.0,14.25,13.9,14.3,14.0
20020108,,2383,台光電,0.67,56.55,1.19,15.2,,,0.0,0.0,,0.0,0.0,13.16,0.08,0.0,,,,5729.0,15.2,14.4,15.2,14.4
20020109,,2383,台光電,0.72,58.46,1.24,16.2,,,0.0,0.0,,0.0,0.0,13.16,0.08,0.0,,,,1452.0,16.2,16.2,16.2,16.2
20020110,,2383,台光電,0.77,59.53,1.3,17.3,,,0.0,0.0,,0.0,0.0,13.16,0.08,0.0,,,,1824.0,17.3,17.3,17.3,17.3
20020111,,2383,台光電,1.83,55.42,3.44,,,,0.0,0.0,,0.0,0.0,13.21,0.08,-2.0,,,,25143.0,16.4,16.3,18.5,18.5
20020114,,2383,台光電,3.91,59.19,6.61,17.0,,,0.0,0.0,,0.0,0.0,13.21,0.08,0.0,,,,12063.0,17.0,16.0,17.4,16.4
20020115,,2383,台光電,2.94,58.29,5.86,17.0,,,0.0,0.0,,0.0,0.0,13.21,0.08,0.0,,,,7461.0,17.0,16.3,17.4,17.0
20020116,,2383,台光電,2.79,57.03,4.9,15.9,,,0.0,0.0,,0.0,0.0,13.21,0.08,0.0,,,,6212.0,15.9,15.9,17.3,17.0
20020117,,2383,台光電,1.89,56.61,3.35,15.0,,,0.0,0.0,,0.0,0.0,13.21,0.08,0.0,,,,4940.0,15.0,14.8,15.5,14.8
20020118,,2383,台光電,2.16,55.41,3.9,16.0,,,0.0,0.0,,0.0,0.0,13.21,0.08,0.0,,,,4409.0,16.0,15.2,16.0,15.2
20020121,,2383,台光電,1.24,57.75,2.14,17.1,,,0.0,0.0,,0.0,0.0,13.21,0.08,0.0,,,,10604.0,17.1,16.3,17.1,16.5
20020122,,2383,台光電,1.13,56.74,1.99,16.6,,,0.0,0.0,,0.0,0.0,13.21,0.08,0.0,,,,6827.0,16.6,16.5,17.2,16.9
20020123,,2383,台光電,1.25,58.13,2.15,16.3,,,0.0,0.0,,0.0,0.0,13.21,0.08,0.0,,,,6420.0,16.3,16.0,17.3,16.7
20020124,,2383,台光電,1.17,57.66,2.05,16.1,,,0.0,0.0,,0.0,0.0,13.21,0.08,0.0,,,,4375.0,16.1,16.0,17.0,16.6
20020125,,2383,台光電,1.1,56.78,1.94,16.5,,,0.0,0.0,,0.0,0.0,13.21,0.08,0.0,,,,4910.0,16.5,16.3,16.8,16.7
20020128,,2383,台光電,1.31,60.65,2.17,17.6,,,0.0,0.0,,0.0,0.0,13.21,0.08,0.0,,,,3759.0,17.6,16.8,17.6,17.0
20020129,,2383,台光電,1.3,59.48,2.18,17.2,,,0.0,0.0,,0.0,0.0,13.21,0.08,0.0,,,,11511.0,17.2,17.0,18.7,18.7
20020130,,2383,台光電,1.41,59.33,2.41,17.2,,,0.0,0.0,,0.0,0.0,13.21,0.08,0.0,,,,5281.0,17.2,16.7,17.5,16.7
20020131,,2383,台光電,1.37,58.15,2.36,17.0,,,0.0,0.0,,0.0,0.0,13.21,0.08,0.0,,,,9820.0,17.0,17.0,18.3,17.4
20020201,29.08,2383,台光電,1.42,57.95,2.45,17.1,,,0.0,0.0,,0.0,0.0,13.24,0.08,-1.0,,,,7033.0,17.1,17.0,17.9,17.2
20020204,2.58,2383,台光電,1.16,56.65,2.05,16.3,,,0.0,0.0,,0.0,0.0,13.24,0.08,0.0,,,,3495.0,16.3,16.2,17.4,17.1
20020205,0.0,2383,台光電,1.05,55.34,1.89,16.0,,,0.0,0.0,,0.0,0.0,13.24,0.08,0.0,,,,2368.0,16.0,15.8,16.2,16.0
20020206,6.4,2383,台光電,0.32,53.81,0.6,16.3,,,0.0,0.0,,0.0,0.0,13.41,0.08,-7.0,,,,3264.0,16.3,16.0,16.8,16.0
20020218,8.38,2383,台光電,0.32,53.61,0.6,16.5,,,0.0,0.0,,0.0,0.0,13.41,0.08,0.0,,,,2888.0,16.5,16.3,16.8,16.6
20020219,22.13,2383,台光電,0.39,54.29,0.72,16.7,,,0.0,0.0,,0.0,0.0,13.41,0.08,0.0,,,,5482.0,16.7,16.5,17.5,16.6
20020220,9.81,2383,台光電,0.38,54.65,0.69,16.1,,,0.0,0.0,,0.0,0.0,13.41,0.08,0.0,,,,3782.0,16.1,16.1,17.3,16.9
20020221,24.86,2383,台光電,0.68,54.35,1.25,15.8,,,0.0,0.0,,0.0,0.0,13.41,0.08,0.0,,,,3141.0,15.8,15.6,16.6,16.4
20020222,0.0,2383,台光電,0.43,53.64,0.8,15.3,,,0.0,0.0,,0.0,0.0,13.41,0.08,0.0,,,,1798.0,15.3,15.1,15.8,15.6
20020225,15.25,2383,台光電,0.59,53.11,1.12,14.8,,,0.0,0.0,,0.0,0.0,13.41,0.08,0.0,,,,1652.0,14.8,14.8,15.7,15.3
20020226,12.65,2383,台光電,0.59,52.89,1.12,14.5,,,0.0,0.0,,0.0,0.0,13.41,0.08,0.0,,,,1863.0,14.5,14.1,15.3,15.0
20020227,19.3,2383,台光電,0.63,53.24,1.18,15.4,,,0.0,0.0,,0.0,0.0,13.41,0.08,0.0,,,,2213.0,15.4,14.4,15.4,14.4
20020301,0.0,2383,台光電,0.59,53.79,1.1,15.1,,,0.0,0.0,,0.0,0.0,13.41,0.08,0.0,,,,1573.0,15.1,14.8,15.4,15.2
20020304,8.82,2383,台光電,0.56,53.76,1.05,15.8,,,0.0,0.0,,0.0,0.0,13.41,0.08,0.0,,,,2076.0,15.8,15.4,15.9,15.5
20020305,3.27,2383,台光電,0.46,53.98,0.85,15.5,,,0.0,0.0,,0.0,0.0,13.41,0.08,0.0,,,,2661.0,15.5,15.3,16.2,16.1
20020306,13.87,2383,台光電,0.9,57.14,1.57,16.5,,,0.0,0.0,,0.0,0.0,13.41,0.08,0.0,,,,3346.0,16.5,15.5,16.5,15.7
20020307,21.85,2383,台光電,0.61,56.02,1.08,16.7,,,0.0,0.0,16.7,0.01,18.0,13.41,0.08,0.0,,,,9552.0,16.7,16.5,17.4,17.4
20020308,28.74,2383,台光電,0.71,59.87,1.19,17.1,,,0.0,0.0,16.7,0.01,0.0,13.41,0.08,0.0,,,,14242.0,17.1,17.0,17.8,17.2
20020311,15.57,2383,台光電,0.72,60.43,1.19,17.4,,17.4,0.42,700.0,16.7,0.01,0.0,13.41,0.08,0.0,,,,9719.0,17.4,17.2,17.8,17.3
20020312,4.1,2383,台光電,0.64,60.55,1.06,16.5,,17.4,0.42,0.0,16.7,0.01,0.0,13.41,0.08,0.0,,,,4834.0,16.5,16.5,17.8,17.5
20020313,12.62,2383,台光電,0.71,58.98,1.21,16.2,,17.4,0.42,0.0,16.7,0.01,0.0,13.41,0.08,0.0,,,,3870.0,16.2,16.2,17.2,16.5
20020314,24.29,2383,台光電,1.06,62.2,1.71,17.3,,17.4,0.42,0.0,16.7,0.01,0.0,13.41,0.08,0.0,,,,7496.0,17.3,16.2,17.3,16.3
20020315,3.78,2383,台光電,0.72,60.96,1.17,16.5,,17.4,0.42,0.0,16.65,0.01,6.0,13.41,0.08,0.0,,,,5278.0,16.5,16.5,17.7,17.3
20020318,2.01,2383,台光電,0.58,60.01,0.96,16.4,,17.4,0.42,0.0,16.65,0.01,0.0,13.41,0.08,0.0,,,,2147.0,16.4,16.1,16.8,16.7
20020319,1.21,2383,台光電,0.57,57.94,0.98,15.8,,17.4,0.42,0.0,16.65,0.01,0.0,13.41,0.08,0.0,,,,2554.0,15.8,15.8,16.6,16.5
20020320,18.25,2383,台光電,1.44,58.59,2.46,16.9,,17.4,0.42,0.0,16.65,0.01,0.0,13.43,0.08,1.0,,,,4699.0,16.9,15.8,16.9,16.0
20020321,14.05,2383,台光電,1.28,58.51,2.19,17.0,,17.4,0.42,0.0,16.65,0.01,0.0,13.43,0.08,0.0,,,,4116.0,17.0,16.4,17.2,16.6
20020322,30.89,2383,台光電,0.88,68.09,1.3,17.6,,17.4,0.42,0.0,16.65,0.01,0.0,13.43,0.08,0.0,,,,22911.0,17.6,17.6,18.1,17.6
20020325,25.89,2383,台光電,0.93,72.09,1.29,17.8,,17.4,0.42,0.0,16.65,0.01,0.0,13.43,0.08,0.0,,,,15452.0,17.8,17.4,18.5,17.8
20020326,21.31,2383,台光電,1.13,72.06,1.57,18.1,,17.4,0.42,0.0,16.65,0.01,0.0,13.43,0.08,0.0,,,,15094.0,18.1,17.7,18.7,17.8
20020327,17.32,2383,台光電,1.08,73.8,1.46,17.3,,17.4,0.42,0.0,16.65,0.01,0.0,13.43,0.08,0.0,,,,14028.0,17.3,17.2,19.1,18.5
20020328,13.43,2383,台光電,0.91,72.07,1.26,17.1,,17.4,0.42,0.0,16.65,0.01,0.0,13.46,0.08,1.0,,,,5586.0,17.1,16.9,17.6,17.3
20020329,11.12,2383,台光電,0.93,71.7,1.3,17.3,,17.4,0.42,0.0,16.65,0.01,0.0,13.46,0.08,0.0,,,,3525.0,17.3,17.1,17.7,17.3
20020401,35.96,2383,台光電,1.21,72.26,1.67,17.7,,17.4,0.42,0.0,16.65,0.01,0.0,13.46,0.08,0.0,,,,10000.0,17.7,17.2,18.1,17.2
20020402,23.77,2383,台光電,0.69,76.89,0.9,18.9,,17.4,0.42,0.0,16.65,0.01,0.0,13.46,0.08,0.0,,,,16831.0,18.9,17.8,18.9,18.0
20020403,0.0,2383,台光電,0.39,78.7,0.5,20.2,,17.4,0.42,0.0,16.65,0.01,0.0,13.57,0.08,2.0,,,,15950.0,20.2,18.5,20.2,18.9
20020404,0.0,2383,台光電,0.01,73.61,0.01,18.8,,18.07,0.81,649.0,16.65,0.01,0.0,13.65,0.08,-2.0,,,,10198.0,18.8,18.8,20.2,20.2
20020408,0.0,2383,台光電,0.0,63.92,0.0,17.6,,18.07,0.81,0.0,16.65,0.01,0.0,13.65,0.08,0.0,,,,4994.0,17.6,17.6,18.6,18.0
20020409,0.0,2383,台光電,0.0,59.18,0.0,17.0,,18.07,0.39,-700.0,16.65,0.01,0.0,13.65,0.08,0.0,,,,4260.0,17.0,16.5,18.1,17.6
20020410,0.0,2383,台光電,0.0,56.99,0.0,17.5,,18.07,0.39,0.0,,0.0,-24.0,13.65,0.08,0.0,,,,2734.0,17.5,16.6,17.7,16.9
20020411,29.2,2383,台光電,0.1,60.61,0.16,17.6,,18.07,0.39,0.0,,0.0,0.0,13.65,0.08,0.0,,,,6813.0,17.6,17.5,18.2,17.9
20020412,26.43,2383,台光電,0.69,71.63,0.96,18.8,,18.07,0.39,0.0,,0.0,0.0,13.65,0.08,0.0,,,,12993.0,18.8,17.9,18.8,17.9
20020415,14.44,2383,台光電,0.56,70.58,0.8,19.1,,18.07,0.39,0.0,,0.0,0.0,13.65,0.08,0.0,,,,17261.0,19.1,19.0,20.1,20.1
20020416,9.56,2383,台光電,0.42,70.39,0.6,19.1,,19.1,0.21,-299.0,,0.0,0.0,13.65,0.08,0.0,,,,8176.0,19.1,18.7,19.7,19.3
20020417,6.78,2383,台光電,0.3,69.41,0.44,19.0,,19.1,0.21,0.0,,0.0,0.0,13.65,0.08,0.0,,,,6932.0,19.0,18.5,19.8,19.8
20020418,0.04,2383,台光電,0.21,67.11,0.31,18.2,,19.1,0.21,0.0,,0.0,0.0,13.68,0.08,-1.0,,,,4536.0,18.2,18.0,19.0,18.8
20020419,11.88,2383,台光電,0.26,67.53,0.39,18.5,,19.1,0.21,0.0,,0.0,0.0,13.68,0.08,0.0,,,,3965.0,18.5,18.2,18.8,18.2
20020422,19.57,2383,台光電,0.37,66.61,0.56,19.1,,19.1,1.09,1472.0,,0.0,0.0,13.68,0.08,0.0,,,,6771.0,19.1,18.6,19.3,18.8
20020423,17.81,2383,台光電,0.42,67.19,0.63,19.2,,19.14,1.71,1028.0,,0.0,0.0,13.68,0.08,0.0,,,,8898.0,19.2,19.1,19.8,19.3
20020424,22.82,2383,台光電,1.14,68.81,1.66,19.7,,19.33,2.6,1500.0,,0.0,0.0,13.68,0.08,0.0,,,,11938.0,19.7,19.1,19.8,19.2
20020425,31.66,2383,台光電,1.56,75.67,2.07,21.0,,19.56,3.02,700.0,21.0,0.06,100.0,13.68,0.08,0.0,,,,24904.0,21.0,19.6,21.0,20.0
20020426,0.0,2383,台光電,0.71,72.42,0.98,19.7,,19.56,3.02,0.0,21.0,0.06,0.0,13.68,0.08,0.0,,,,11071.0,19.7,19.6,20.9,20.9
20020429,0.0,2383,台光電,0.45,68.91,0.66,18.9,,19.48,3.44,700.0,21.0,0.06,0.0,13.68,0.08,0.0,,,,4434.0,18.9,18.4,19.5,19.0
20020430,9.66,2383,台光電,0.24,68.59,0.35,18.2,,19.48,3.44,0.0,,0.0,-100.0,13.68,0.08,0.0,,,,4245.0,18.2,18.0,19.2,18.6
20020502,2.99,2383,台光電,0.14,66.14,0.21,17.0,,19.48,3.44,0.0,,0.0,0.0,13.68,0.08,0.0,,,,4106.0,17.0,17.0,18.6,18.3
20020503,1.17,2383,台光電,0.09,65.38,0.14,16.7,,19.48,3.23,-350.0,,0.0,0.0,13.68,0.08,0.0,,,,3596.0,16.7,16.0,17.0,17.0
20020506,0.0,2383,台光電,0.06,63.25,0.09,15.6,,19.04,3.65,700.0,,0.0,0.0,13.68,0.08,0.0,,,,2564.0,15.6,15.6,16.5,16.5
20020507,21.91,2383,台光電,0.23,63.35,0.36,16.2,,19.04,3.65,0.0,,0.0,0.0,13.68,0.08,0.0,,,,2861.0,16.2,14.9,16.4,15.0
20020508,7.71,2383,台光電,0.22,62.47,0.35,15.8,,19.04,3.65,0.0,,0.0,0.0,13.68,0.08,0.0,,,,2828.0,15.8,15.5,16.6,16.2
20020509,9.75,2383,台光電,0.3,61.89,0.49,16.0,,19.04,3.65,0.0,,0.0,0.0,13.68,0.08,0.0,,,,2716.0,16.0,15.8,16.6,16.5
20020510,14.55,2383,台光電,0.32,61.99,0.52,16.4,,19.04,3.65,0.0,,0.0,0.0,13.68,0.08,0.0,,,,1917.0,16.4,15.1,16.5,16.0
20020513,0.0,2383,台光電,0.23,61.92,0.37,15.8,,19.04,3.65,0.0,,0.0,0.0,13.68,0.08,0.0,,,,1112.0,15.8,15.8,16.3,16.0
20020514,16.99,2383,台光電,0.68,62.2,1.1,16.2,,19.04,3.65,0.0,,0.0,0.0,13.68,0.08,0.0,,,,2277.0,16.2,16.0,16.5,16.2
20020515,31.72,2383,台光電,0.76,63.6,1.19,17.3,,19.04,3.65,0.0,,0.0,0.0,13.68,0.08,0.0,,,,6290.0,17.3,16.4,17.3,16.5
20020516,3.31,2383,台光電,0.64,63.4,1.0,17.0,,19.04,3.65,0.0,,0.0,0.0,13.68,0.08,0.0,,,,3684.0,17.0,16.5,17.6,17.3
20020517,5.73,2383,台光電,0.61,62.45,0.98,16.2,,19.04,3.65,0.0,,0.0,0.0,13.68,0.08,0.0,,,,2912.0,16.2,16.2,17.1,16.9
20020520,0.0,2383,台光電,0.38,60.21,0.64,15.1,,19.04,3.65,0.0,,0.0,0.0,13.68,0.08,0.0,,,,2341.0,15.1,15.1,16.1,15.9
20020521,0.0,2383,台光電,0.37,57.98,0.64,14.05,,19.04,3.65,0.0,,0.0,0.0,13.69,0.08,3.0,,,,2273.0,14.05,14.05,14.7,14.1
20020522,16.44,2383,台光電,1.08,58.04,1.86,14.2,,19.04,3.37,-480.0,,0.0,0.0,13.69,0.08,0.0,,,,2506.0,14.2,13.5,14.4,13.6
20020523,11.01,2383,台光電,1.29,57.66,2.23,14.3,,19.04,3.37,0.0,,0.0,0.0,13.69,0.08,0.0,,,,1726.0,14.3,14.2,14.6,14.2
20020524,24.66,2383,台光電,1.16,57.42,2.01,15.3,,19.04,3.37,0.0,,0.0,0.0,13.69,0.08,0.0,,,,2952.0,15.3,14.55,15.3,14.8
20020527,0.0,2383,台光電,1.1,57.74,1.91,15.2,,19.04,3.37,0.0,,0.0,0.0,13.69,0.08,0.0,,,,1449.0,15.2,14.6,15.2,14.6
20020528,13.05,2383,台光電,1.2,58.8,2.04,15.2,,19.04,3.37,0.0,,0.0,0.0,13.69,0.08,0.0,,,,2550.0,15.2,15.0,15.8,15.3
20020529,0.0,2383,台光電,1.13,58.9,1.92,14.8,,19.04,3.37,0.0,,0.0,0.0,13.69,0.08,0.0,,,,1095.0,14.8,14.7,15.1,15.0
20020530,12.01,2383,台光電,0.52,58.94,0.89,15.2,,19.04,3.37,0.0,,0.0,0.0,13.69,0.08,0.0,,,,1722.0,15.2,14.8,15.4,14.95
20020531,13.05,2383,台光電,0.46,58.73,0.79,15.0,,19.04,3.37,0.0,,0.0,0.0,13.69,0.08,0.0,,,,1050.0,15.0,15.0,15.4,15.2
20020603,0.0,2383,台光電,0.37,57.98,0.64,14.35,,19.04,3.37,0.0,,0.0,0.0,13.69,0.08,0.0,,,,950.0,14.35,14.2,14.95,14.75
20020604,9.98,2383,台光電,0.4,57.89,0.7,14.55,,19.04,3.37,0.0,,0.0,0.0,13.69,0.08,0.0,,,,610.0,14.55,13.9,14.55,13.9
20020605,11.87,2383,台光電,0.42,57.8,0.72,14.95,,19.04,3.37,0.0,,0.0,0.0,13.69,0.08,0.0,,,,1010.0,14.95,14.7,15.0,14.7
20020606,12.47,2383,台光電,0.44,57.86,0.76,14.8,,19.04,3.37,0.0,,0.0,0.0,13.69,0.08,0.0,,,,1378.0,14.8,14.8,15.3,15.0
20020607,0.0,2383,台光電,0.4,57.3,0.69,14.2,,19.04,3.37,0.0,,0.0,0.0,13.69,0.08,0.0,,,,873.0,14.2,14.2,14.75,14.65
20020610,4.11,2383,台光電,0.52,57.66,0.91,14.6,,19.04,3.37,0.0,,0.0,0.0,13.69,0.08,0.0,,,,901.0,14.6,14.3,14.7,14.65
20020611,0.26,2383,台光電,0.4,56.54,0.7,14.2,,19.04,3.37,0.0,,0.0,0.0,13.69,0.08,0.0,,,,1172.0,14.2,14.1,14.8,14.7
20020612,8.15,2383,台光電,0.4,56.47,0.72,14.55,,19.04,3.11,-420.0,,0.0,0.0,13.69,0.08,0.0,,,,1510.0,14.55,14.0,14.55,14.0
20020613,35.56,2383,台光電,2.23,60.08,3.71,15.0,,19.04,3.11,0.0,,0.0,0.0,13.69,0.08,0.0,,,,6299.0,15.0,14.65,15.3,14.8
20020614,1.11,2383,台光電,0.47,58.33,0.8,14.8,,19.04,3.11,0.0,,0.0,0.0,13.69,0.08,0.0,,,,1794.0,14.8,14.6,15.0,15.0
20020617,4.71,2383,台光電,0.44,58.47,0.75,14.5,,19.04,2.99,-200.0,,0.0,0.0,13.69,0.08,0.0,,,,1188.0,14.5,14.5,15.1,15.0
20020618,9.32,2383,台光電,0.48,58.76,0.81,14.6,,19.04,2.87,-200.0,,0.0,0.0,13.69,0.08,0.0,,,,1384.0,14.6,14.6,14.95,14.8
20020619,0.11,2383,台光電,0.37,58.87,0.62,13.85,,19.04,2.4,-800.0,,0.0,0.0,13.69,0.08,0.0,,,,1750.0,13.85,13.6,14.75,14.6
20020620,8.13,2383,台光電,0.28,58.28,0.48,13.85,,19.04,2.4,0.0,,0.0,0.0,13.69,0.08,0.0,,,,1230.0,13.85,13.2,13.95,13.3
20020621,14.0,2383,台光電,0.26,58.14,0.45,14.0,,19.04,2.4,0.0,,0.0,0.0,13.69,0.08,0.0,,,,1513.0,14.0,13.5,14.15,13.7
20020624,20.58,2383,台光電,0.34,57.82,0.58,14.0,,19.04,2.4,0.0,,0.0,0.0,13.69,0.08,0.0,,,,2710.0,14.0,13.45,14.2,13.85
20020625,54.36,2383,台光電,1.25,61.32,2.05,14.0,,19.04,2.4,0.0,,0.0,0.0,13.69,0.08,0.0,,,,11490.0,14.0,13.85,14.95,14.6
20020626,0.0,2383,台光電,1.02,59.98,1.7,13.05,,19.04,2.4,0.0,,0.0,0.0,13.69,0.08,0.0,,,,1984.0,13.05,13.05,13.8,13.8
20020627,0.0,2383,台光電,0.72,56.77,1.27,12.15,,19.04,2.4,0.0,,0.0,0.0,13.69,0.08,0.0,,,,2253.0,12.15,12.15,13.0,12.7
20020628,12.84,2383,台光電,0.65,56.45,1.15,12.4,,19.04,2.4,0.0,,0.0,0.0,13.69,0.08,0.0,,,,1643.0,12.4,12.2,12.55,12.45
20020701,1.56,2383,台光電,0.61,55.62,1.09,11.55,,19.04,2.4,0.0,,0.0,0.0,13.69,0.08,0.0,,,,642.0,11.55,11.55,12.4,12.4
20020702,0.0,2383,台光電,0.58,52.68,1.1,11.2,,19.04,2.4,0.0,,0.0,0.0,13.69,0.08,0.0,,,,2506.0,11.2,10.75,11.25,10.75
20020703,5.49,2383,台光電,0.44,53.53,0.82,11.1,,19.04,2.4,0.0,,0.0,0.0,13.69,0.08,0.0,,,,3150.0,11.1,10.45,11.25,10.8
20020704,14.17,2383,台光電,0.48,53.51,0.9,11.25,,19.04,2.4,0.0,,0.0,0.0,13.69,0.08,0.0,,,,2315.0,11.25,10.7,11.55,11.0
20020705,42.97,2383,台光電,0.9,54.03,1.66,12.0,,19.04,2.4,0.0,,0.0,0.0,13.69,0.08,0.0,,,,4088.0,12.0,11.3,12.0,11.35
20020708,9.38,2383,台光電,0.54,53.19,1.02,12.3,,19.04,2.4,0.0,,0.0,0.0,13.69,0.08,0.0,,,,2514.0,12.3,12.2,12.55,12.4
20020709,0.0,2383,台光電,0.47,53.04,0.88,12.0,,19.04,2.4,0.0,,0.0,0.0,13.69,0.08,0.0,,,,1066.0,12.0,11.8,12.2,12.2
20020710,0.0,2383,台光電,0.24,52.55,0.46,11.6,,19.04,2.4,0.0,,0.0,0.0,13.69,0.08,0.0,,,,817.0,11.6,11.4,11.9,11.6
20020711,9.06,2383,台光電,0.22,52.51,0.42,11.5,,19.04,2.4,0.0,,0.0,0.0,13.69,0.08,0.0,,,,795.0,11.5,11.1,11.65,11.2
20020712,11.93,2383,台光電,0.25,51.96,0.47,12.3,,19.04,2.4,0.0,,0.0,0.0,13.69,0.08,0.0,,,,1768.0,12.3,11.7,12.3,11.7
20020715,31.3,2383,台光電,0.55,53.85,1.01,12.8,,19.04,2.4,0.0,,0.0,0.0,13.69,0.08,0.0,,,,5706.0,12.8,12.5,13.15,12.8
20020716,3.54,2383,台光電,0.28,53.22,0.54,12.1,,19.04,2.4,0.0,,0.0,0.0,13.69,0.08,0.0,,,,2233.0,12.1,12.1,12.95,12.9
20020717,0.17,2383,台光電,0.24,53.49,0.46,11.85,,19.04,2.4,0.0,,0.0,0.0,13.69,0.08,0.0,,,,1163.0,11.85,11.7,12.1,12.0
20020718,22.87,2383,台光電,0.27,53.5,0.51,12.0,,19.04,2.4,0.0,,0.0,0.0,13.69,0.08,0.0,,,,1465.0,12.0,11.8,12.2,11.9
20020719,0.0,2383,台光電,0.25,53.45,0.47,11.85,,19.04,2.4,0.0,,0.0,0.0,13.69,0.08,0.0,,,,667.0,11.85,11.65,11.9,11.8
20020722,0.0,2383,台光電,0.23,53.38,0.43,11.15,,19.04,2.4,0.0,,0.0,0.0,13.69,0.08,0.0,,,,865.0,11.15,11.1,11.8,11.6
20020723,21.82,2383,台光電,0.18,53.49,0.34,11.7,,19.04,2.4,0.0,,0.0,0.0,13.69,0.08,0.0,,,,1054.0,11.7,11.0,11.7,11.0
20020724,0.0,2383,台光電,0.18,53.37,0.34,11.35,,19.04,2.4,0.0,,0.0,0.0,13.69,0.08,0.0,,,,632.0,11.35,11.2,11.6,11.55
20020725,22.67,2383,台光電,0.25,53.3,0.47,11.5,,19.04,2.4,0.0,,0.0,0.0,13.69,0.08,0.0,,,,1729.0,11.5,11.3,11.95,11.7
20020726,0.0,2383,台光電,0.14,52.86,0.27,10.7,,19.04,2.4,0.0,,0.0,0.0,13.69,0.08,0.0,,,,1094.0,10.7,10.7,11.3,11.1
20020729,18.16,2383,台光電,0.13,53.1,0.25,10.8,,19.04,2.4,0.0,,0.0,0.0,13.69,0.08,0.0,,,,781.0,10.8,10.5,11.1,10.5
20020730,7.31,2383,台光電,0.24,53.25,0.45,11.3,,19.04,2.4,0.0,,0.0,0.0,11.96,0.08,93.0,,,,1012.0,11.3,11.1,11.4,11.25
20020731,0.0,2383,台光電,0.1,53.49,0.19,10.85,,19.04,2.22,-300.0,,0.0,0.0,11.96,0.08,0.0,,,,844.0,10.85,10.85,11.4,11.4
20020801,16.26,2383,台光電,0.16,54.36,0.3,10.85,,19.04,1.68,-900.0,,0.0,0.0,11.96,0.08,0.0,,,,1599.0,10.85,10.8,11.05,10.85
20020802,3.47,2383,台光電,0.16,55.09,0.29,11.0,,19.04,1.08,-1000.0,,0.0,0.0,11.96,0.08,0.0,,,,1755.0,11.0,10.55,11.0,10.85
20020805,0.0,2383,台光電,0.15,54.82,0.27,10.25,,19.04,1.05,-40.0,,0.0,0.0,11.96,0.08,0.0,,,,514.0,10.25,10.25,10.5,10.25
20020806,8.22,2383,台光電,0.17,53.69,0.33,10.25,,19.04,0.48,-960.0,,0.0,0.0,11.96,0.08,0.0,,,,2798.0,10.25,9.55,10.25,9.55
20020807,50.57,2383,台光電,4.18,58.21,7.19,10.2,,,0.0,-800.0,,0.0,0.0,11.96,0.08,0.0,,,,14515.0,10.2,10.15,10.95,10.95
20020808,0.0,2383,台光電,1.26,57.02,2.21,9.6,,,0.0,0.0,,0.0,0.0,11.96,0.08,0.0,,,,3093.0,9.6,9.6,10.1,10.0
20020809,15.61,2383,台光電,1.18,57.51,2.05,9.95,,,0.0,0.0,,0.0,0.0,11.96,0.08,0.0,,,,1966.0,9.95,9.7,10.05,9.9
20020812,4.35,2383,台光電,0.95,57.35,1.65,9.9,,,0.0,0.0,,0.0,0.0,11.96,0.08,0.0,,,,966.0,9.9,9.8,10.2,10.2
20020813,4.73,2383,台光電,0.98,57.01,1.72,9.85,,,0.0,0.0,,0.0,0.0,11.96,0.08,0.0,,,,760.0,9.85,9.8,10.15,10.1
20020814,16.56,2383,台光電,0.65,57.38,1.13,10.1,,,0.0,0.0,,0.0,0.0,11.96,0.08,0.0,,,,1442.0,10.1,9.75,10.1,9.8
20020815,4.94,2383,台光電,0.66,58.12,1.13,10.25,,,0.0,0.0,,0.0,0.0,11.96,0.08,0.0,,,,2954.0,10.25,10.2,10.5,10.5
20020816,14.64,2383,台光電,0.43,57.49,0.75,10.4,,,0.0,0.0,,0.0,0.0,11.96,0.08,0.0,,,,2240.0,10.4,10.3,10.6,10.4
20020819,7.98,2383,台光電,0.44,56.89,0.77,10.2,,,0.0,0.0,,0.0,0.0,11.96,0.08,0.0,,,,1014.0,10.2,10.2,10.55,10.55
20020820,6.73,2383,台光電,0.57,57.53,0.99,10.35,,,0.0,0.0,,0.0,0.0,11.96,0.08,0.0,,,,1441.0,10.35,10.35,10.6,10.4
20020821,0.0,2383,台光電,0.41,57.61,0.72,10.05,,,0.0,0.0,,0.0,0.0,11.96,0.08,0.0,,,,832.0,10.05,10.0,10.3,10.3
20020822,6.19,2383,台光電,0.41,57.63,0.71,10.2,,,0.0,0.0,,0.0,0.0,11.96,0.08,0.0,,,,1082.0,10.2,10.1,10.3,10.2
20020823,8.93,2383,台光電,0.43,57.36,0.74,10.2,,,0.0,0.0,,0.0,0.0,11.96,0.08,0.0,,,,1152.0,10.2,10.2,10.5,10.3
20020826,12.86,2383,台光電,0.75,58.15,1.28,10.9,,,0.0,0.0,,0.0,0.0,11.96,0.08,0.0,,,,3787.0,10.9,10.2,10.9,10.2
20020827,13.01,2383,台光電,1.21,57.89,2.09,11.2,,,0.0,0.0,,0.0,0.0,11.96,0.08,0.0,,,,7026.0,11.2,11.1,11.5,11.2
20020828,0.0,2383,台光電,0.53,57.75,0.92,10.8,,,0.0,0.0,,0.0,0.0,11.96,0.08,0.0,,,,1749.0,10.8,10.6,11.2,11.2
20020829,17.09,2383,台光電,0.48,57.56,0.84,10.9,,,0.0,0.0,,0.0,0.0,11.96,0.08,0.0,,,,1093.0,10.9,10.6,10.95,10.7
20020830,20.15,2383,台光電,0.74,57.42,1.28,11.1,,,0.0,0.0,,0.0,0.0,11.96,0.08,0.0,,,,2679.0,11.1,10.95,11.4,11.05
20020902,0.0,2383,台光電,0.58,57.34,1.01,10.35,,,0.0,0.0,,0.0,0.0,11.96,0.08,0.0,,,,1055.0,10.35,10.35,11.1,10.9
20020903,13.81,2383,台光電,0.57,57.26,1.0,10.4,,,0.0,0.0,,0.0,0.0,11.96,0.08,0.0,,,,1454.0,10.4,10.1,10.6,10.35
20020904,0.0,2383,台光電,0.44,56.83,0.77,10.25,,,0.0,0.0,10.25,0.0,1.0,11.96,0.08,0.0,,,,1408.0,10.25,9.75,10.3,9.9
20020905,46.62,2383,台光電,1.86,58.44,3.18,9.95,,,0.0,0.0,10.25,0.0,0.0,11.96,0.08,0.0,,,,6222.0,9.95,9.95,10.95,10.65
20020909,2.58,2383,台光電,1.76,58.34,3.02,9.8,,,0.0,0.0,10.03,0.0,1.0,11.96,0.08,0.0,,,,1511.0,9.8,9.55,10.0,10.0
20020910,20.06,2383,台光電,1.93,58.58,3.29,10.3,,,0.0,0.0,10.03,0.0,-1.0,11.96,0.08,0.0,,,,1725.0,10.3,9.8,10.3,9.95
20020911,10.63,2383,台光電,1.87,59.02,3.17,10.0,,,0.0,0.0,10.03,0.0,0.0,11.96,0.08,0.0,,,,2313.0,10.0,10.0,10.55,10.3
20020912,3.1,2383,台光電,1.69,59.41,2.85,9.9,,,0.0,0.0,,0.0,-1.0,11.96,0.08,0.0,,,,1224.0,9.9,9.8,10.2,10.0
20020913,5.58,2383,台光電,1.65,59.24,2.79,9.8,,,0.0,0.0,,0.0,0.0,11.96,0.08,0.0,,,,788.0,9.8,9.65,9.9,9.65
20020916,4.82,2383,台光電,0.47,58.33,0.81,9.6,,,0.0,0.0,,0.0,0.0,11.96,0.08,0.0,,,,1327.0,9.6,9.6,10.0,9.8
20020917,19.26,2383,台光電,0.5,58.59,0.86,10.25,,,0.0,0.0,,0.0,0.0,11.96,0.08,0.0,,,,1920.0,10.25,9.3,10.25,9.3
20020918,0.0,2383,台光電,0.38,58.11,0.65,9.65,,,0.0,0.0,,0.0,0.0,11.96,0.08,0.0,,,,1281.0,9.65,9.6,9.8,9.6
20020919,9.99,2383,台光電,0.36,58.02,0.61,9.6,,,0.0,0.0,9.6,0.06,100.0,11.96,0.08,0.0,,,,941.0,9.6,9.6,9.9,9.7
20020920,0.0,2383,台光電,0.32,57.95,0.55,9.35,,,0.0,0.0,9.6,0.06,0.0,11.96,0.08,0.0,,,,681.0,9.35,9.2,9.5,9.5
20020923,0.3,2383,台光電,0.29,57.36,0.51,8.7,,,0.0,0.0,9.6,0.06,0.0,11.96,0.08,0.0,,,,995.0,8.7,8.7,9.45,9.45
20020924,0.0,2383,台光電,0.27,56.58,0.47,8.1,,,0.0,0.0,,0.0,-100.0,11.96,0.08,0.0,,,,1125.0,8.1,8.1,8.7,8.2
20020925,0.0,2383,台光電,0.25,55.62,0.46,7.55,,,0.0,0.0,7.55,0.0,2.0,11.96,0.08,0.0,,,,1175.0,7.55,7.55,8.0,7.75
20020926,11.27,2383,台光電,0.29,54.83,0.53,7.4,,,0.0,0.0,7.55,0.0,-1.0,11.79,0.08,5.0,,,,1872.0,7.4,7.25,7.9,7.6
20020927,7.92,2383,台光電,0.27,54.69,0.49,7.3,,,0.0,0.0,,0.0,-1.0,11.79,0.08,0.0,,,,1261.0,7.3,7.2,7.55,7.4
20020930,0.0,2383,台光電,0.27,54.05,0.5,7.25,,,0.0,0.0,,0.0,0.0,11.79,0.08,0.0,,,,963.0,7.25,6.9,7.25,7.0
20021001,11.76,2383,台光電,0.31,53.78,0.58,7.5,,,0.0,0.0,,0.0,0.0,11.79,0.08,0.0,,,,1513.0,7.5,7.15,7.7,7.15
20021002,8.55,2383,台光電,0.41,53.18,0.77,7.65,,,0.0,0.0,,0.0,0.0,11.79,0.08,0.0,,,,1542.0,7.65,7.65,7.85,7.8
20021003,0.0,2383,台光電,0.39,52.81,0.73,7.2,,,0.0,0.0,,0.0,0.0,11.79,0.08,0.0,,,,836.0,7.2,7.2,7.55,7.5
20021004,18.44,2383,台光電,0.46,52.75,0.88,7.5,,,0.0,0.0,,0.0,0.0,11.79,0.08,0.0,,,,1128.0,7.5,7.2,7.65,7.2
20021007,0.0,2383,台光電,0.46,52.49,0.87,7.05,,,0.0,0.0,,0.0,0.0,11.79,0.08,0.0,,,,837.0,7.05,7.05,7.45,7.4
20021008,13.56,2383,台光電,0.44,52.03,0.84,7.4,,,0.0,0.0,,0.0,0.0,11.79,0.08,0.0,,,,825.0,7.4,7.05,7.4,7.05
20021009,15.2,2383,台光電,0.37,51.71,0.71,7.35,,,0.0,0.0,,0.0,0.0,11.79,0.08,0.0,,,,828.0,7.35,7.3,7.7,7.4
20021011,4.23,2383,台光電,0.38,51.58,0.74,7.1,,,0.0,0.0,,0.0,0.0,11.79,0.08,0.0,,,,591.0,7.1,7.1,7.65,7.65
20021014,15.59,2383,台光電,0.36,51.61,0.71,7.2,,,0.0,0.0,,0.0,0.0,11.79,0.08,0.0,,,,1025.0,7.2,7.1,7.35,7.1
20021015,6.06,2383,台光電,0.32,52.26,0.61,7.7,,,0.0,0.0,,0.0,0.0,11.79,0.08,0.0,,,,1403.0,7.7,7.3,7.7,7.3
20021016,15.58,2383,台光電,0.45,52.21,0.87,8.2,,,0.0,0.0,,0.0,0.0,11.65,0.08,-5.0,,,,2676.0,8.2,7.8,8.2,8.1
20021017,21.43,2383,台光電,0.49,52.75,0.93,8.2,,,0.0,0.0,,0.0,0.0,11.65,0.08,0.0,,,,2412.0,8.2,8.0,8.3,8.0
20021018,19.84,2383,台光電,0.46,52.95,0.86,8.7,,,0.0,0.0,,0.0,0.0,11.65,0.08,0.0,,,,3175.0,8.7,8.3,8.75,8.35
20021021,13.94,2383,台光電,0.45,53.61,0.85,8.75,,,0.0,0.0,,0.0,0.0,11.65,0.08,0.0,,,,2166.0,8.75,8.5,9.0,8.7
20021022,7.95,2383,台光電,0.19,53.69,0.36,8.2,,,0.0,0.0,,0.0,0.0,11.65,0.08,0.0,,,,2176.0,8.2,8.15,8.95,8.75
20021023,21.03,2383,台光電,0.18,54.19,0.34,8.75,,,0.0,0.0,,0.0,0.0,11.65,0.08,0.0,,,,2040.0,8.75,8.0,8.75,8.2
20021024,13.77,2383,台光電,0.31,53.57,0.57,8.8,,,0.0,0.0,,0.0,0.0,11.65,0.08,0.0,,,,3602.0,8.8,8.8,9.1,8.95
20021025,4.55,2383,台光電,0.29,53.61,0.55,8.7,,,0.0,0.0,,0.0,0.0,11.65,0.08,0.0,,,,988.0,8.7,8.55,8.8,8.7
20021028,4.49,2383,台光電,0.26,53.52,0.48,8.6,,,0.0,0.0,,0.0,0.0,11.65,0.08,0.0,,,,1157.0,8.6,8.6,9.0,8.9
20021029,0.97,2383,台光電,0.12,53.64,0.22,8.55,,,0.0,0.0,,0.0,0.0,11.65,0.08,0.0,,,,823.0,8.55,8.5,8.75,8.6
20021030,3.7,2383,台光電,0.1,54.67,0.19,8.2,,,0.0,0.0,,0.0,0.0,11.65,0.08,0.0,,,,1377.0,8.2,8.2,8.7,8.6
20021031,5.83,2383,台光電,0.1,54.73,0.18,8.55,,,0.0,0.0,,0.0,0.0,11.65,0.08,0.0,,,,686.0,8.55,8.4,8.55,8.45
20021101,1.41,2383,台光電,0.1,54.63,0.18,8.25,,,0.0,0.0,,0.0,0.0,11.65,0.08,0.0,,,,778.0,8.25,8.2,8.7,8.6
20021104,11.88,2383,台光電,0.08,54.74,0.15,8.2,,,0.0,0.0,,0.0,0.0,11.65,0.08,0.0,,,,589.0,8.2,8.1,8.5,8.45
20021105,11.3,2383,台光電,0.09,54.97,0.16,8.3,,,0.0,0.0,,0.0,0.0,11.65,0.08,0.0,,,,477.0,8.3,8.2,8.4,8.3
20021106,7.29,2383,台光電,0.09,55.16,0.16,8.65,,,0.0,0.0,,0.0,0.0,11.65,0.08,0.0,,,,1193.0,8.65,8.3,8.7,8.3
20021107,11.5,2383,台光電,0.41,56.08,0.73,9.1,,,0.0,0.0,,0.0,0.0,11.65,0.08,0.0,,,,2243.0,9.1,8.7,9.1,8.7
20021108,20.66,2383,台光電,0.43,56.82,0.75,9.4,,,0.0,0.0,,0.0,0.0,11.65,0.08,0.0,,,,3388.0,9.4,9.0,9.4,9.1
20021111,0.06,2383,台光電,0.34,56.62,0.6,9.3,,,0.0,0.0,,0.0,0.0,11.65,0.08,0.0,,,,1668.0,9.3,9.0,9.4,9.4
20021112,3.13,2383,台光電,0.34,57.22,0.6,9.4,,,0.0,0.0,,0.0,0.0,11.65,0.08,0.0,,,,1244.0,9.4,9.05,9.4,9.3
20021113,59.64,2383,台光電,3.57,58.25,6.13,9.4,,,0.0,0.0,,0.0,0.0,11.65,0.08,0.0,,,,19144.0,9.4,9.25,10.05,9.8
20021114,6.78,2383,台光電,2.75,57.56,4.78,9.05,,,0.0,0.0,,0.0,0.0,11.65,0.08,0.0,,,,2005.0,9.05,9.05,9.55,9.4
20021115,7.49,2383,台光電,1.36,56.94,2.38,9.2,,,0.0,0.0,,0.0,0.0,11.65,0.08,0.0,,,,2230.0,9.2,9.1,9.45,9.2
20021118,6.93,2383,台光電,1.1,56.8,1.94,9.2,,,0.0,0.0,,0.0,0.0,11.65,0.08,0.0,,,,1284.0,9.2,9.2,9.4,9.25
20021119,7.1,2383,台光電,1.11,56.58,1.96,9.15,,,0.0,0.0,9.15,0.0,4.0,11.65,0.08,0.0,,,,507.0,9.15,9.15,9.35,9.2
20021120,0.49,2383,台光電,0.93,56.78,1.64,8.8,,,0.0,0.0,9.15,0.0,0.0,11.65,0.08,0.0,,,,815.0,8.8,8.8,9.2,9.1
20021121,3.91,2383,台光電,0.25,55.62,0.45,8.6,,,0.0,0.0,8.77,0.01,9.0,11.65,0.08,0.0,,,,1175.0,8.6,8.5,9.1,9.0
20021122,6.74,2383,台光電,0.17,55.54,0.31,8.8,,,0.0,0.0,8.77,0.01,2.0,11.65,0.08,0.0,,,,846.0,8.8,8.7,8.9,8.7
20021124,,2383,台光電,,,,,,,,,,,,,,,,,,,,,,
20021125,0.2,2383,台光電,0.1,55.63,0.17,8.65,,,0.0,0.0,8.77,0.01,0.0,11.65,0.08,0.0,,,,504.0,8.65,8.65,8.85,8.8
20021126,9.48,2383,台光電,0.22,55.84,0.39,8.65,,,0.0,0.0,8.77,0.01,0.0,11.65,0.08,0.0,,,,633.0,8.65,8.6,8.85,8.7
20021127,0.0,2383,台光電,0.1,55.48,0.18,8.15,,,0.0,0.0,8.77,0.01,0.0,11.65,0.08,0.0,,,,1007.0,8.15,8.05,8.35,8.05
20021128,11.09,2383,台光電,0.13,55.62,0.24,8.05,,,0.0,0.0,8.77,0.01,0.0,11.65,0.08,0.0,,,,1360.0,8.05,8.05,8.35,8.1
20021129,21.11,2383,台光電,0.16,55.94,0.29,8.1,,,0.0,0.0,8.77,0.01,0.0,11.65,0.08,0.0,,,,1440.0,8.1,7.95,8.15,7.95
20021202,0.14,2383,台光電,0.13,57.91,0.23,7.95,,,0.0,0.0,8.77,0.01,-4.0,11.65,0.08,0.0,,,,2106.0,7.95,7.8,8.2,8.0
20021203,11.23,2383,台光電,0.3,60.58,0.49,8.5,,,0.0,0.0,8.77,0.01,0.0,11.65,0.08,0.0,,,,5298.0,8.5,7.95,8.5,8.0
20021204,27.61,2383,台光電,1.7,62.24,2.72,8.8,,8.8,1.8,3000.0,8.77,0.01,0.0,23.64,0.08,160.0,,,,20510.0,8.8,8.8,9.05,9.05
20021205,19.28,2383,台光電,2.48,68.91,3.6,9.4,,8.96,2.47,1126.0,8.91,0.01,3.0,23.64,0.08,0.0,,,,12669.0,9.4,8.8,9.4,8.8
20021206,0.94,2383,台光電,1.66,68.29,2.43,9.25,,9.05,3.52,1745.0,8.91,0.01,0.0,23.64,0.08,0.0,,,,6359.0,9.25,9.1,9.4,9.4
20021209,15.81,2383,台光電,1.29,68.25,1.88,9.3,,9.07,3.9,650.0,8.91,0.01,0.0,23.64,0.08,0.0,,,,7728.0,9.3,9.05,9.5,9.5
20021210,0.0,2383,台光電,0.73,68.49,1.07,9.0,,9.07,3.92,31.0,8.91,0.01,0.0,9.0,0.08,-160.0,,,,3973.0,9.0,8.8,9.25,9.2
20021211,22.61,2383,台光電,1.39,70.29,1.98,9.4,,9.14,4.22,500.0,9.39,0.32,526.0,9.0,0.08,0.0,,,,10280.0,9.4,8.8,9.4,8.8
20021212,7.67,2383,台光電,0.94,76.12,1.23,9.0,,9.14,3.41,-1350.0,9.39,0.32,0.0,9.0,0.08,0.0,,,,10262.0,9.0,8.85,9.8,9.6
20021213,0.0,2383,台光電,0.66,75.12,0.87,8.4,,9.12,3.49,120.0,9.39,0.32,0.0,9.0,0.08,0.0,,,,3957.0,8.4,8.4,8.9,8.8
20021216,0.0,2383,台光電,0.3,76.65,0.39,8.0,,9.12,2.21,-2126.0,9.1,0.14,-300.0,9.0,0.08,0.0,,,,4282.0,8.0,7.95,8.3,8.0
20021217,30.47,2383,台光電,0.48,76.34,0.63,8.0,,9.12,2.21,0.0,9.1,0.02,-200.0,9.0,0.08,0.0,,,,3495.0,8.0,8.0,8.25,8.15
20021218,1.69,2383,台光電,0.27,74.14,0.36,7.7,,9.04,2.35,231.0,9.1,0.01,-20.0,9.0,0.08,0.0,,,,2843.0,7.7,7.5,8.15,8.1
20021219,16.86,2383,台光電,0.52,74.0,0.71,7.7,,9.03,2.36,20.0,9.1,0.01,0.0,9.0,0.08,0.0,,,,2295.0,7.7,7.6,7.9,7.7
20021220,20.37,2383,台光電,0.71,73.65,0.96,7.85,,9.03,2.36,0.0,9.1,0.01,-3.0,9.0,0.08,0.0,,,,3029.0,7.85,7.35,8.0,7.7
20021223,1.59,2383,台光電,0.67,73.16,0.92,7.5,,9.03,2.36,0.0,9.1,0.01,0.0,9.0,0.08,0.0,,,,1322.0,7.5,7.5,8.0,7.85
20021224,22.05,2383,台光電,0.9,73.61,1.23,7.5,,9.03,2.36,0.0,9.1,0.0,-11.0,9.0,0.08,0.0,,,,1632.0,7.5,7.5,7.75,7.5
20021225,13.25,2383,台光電,0.85,73.26,1.16,7.5,,9.03,2.36,0.0,9.1,0.0,-2.0,9.0,0.08,0.0,,,,1321.0,7.5,7.35,7.55,7.4
20021226,23.0,2383,台光電,1.37,74.81,1.83,8.0,,9.03,2.36,0.0,9.1,0.0,-1.0,9.0,0.08,0.0,,,,4260.0,8.0,7.6,8.0,7.6
20021227,0.0,2383,台光電,0.99,74.05,1.34,7.85,,9.03,2.36,0.0,9.1,0.0,-1.0,9.0,0.08,0.0,,,,2484.0,7.85,7.7,7.95,7.95
20021230,0.0,2383,台光電,0.75,73.33,1.02,7.4,,9.03,2.36,0.0,9.1,0.0,0.0,9.0,0.08,0.0,,,,1192.0,7.4,7.4,7.7,7.45
20021231,0.0,2383,台光電,0.56,72.66,0.77,7.2,,9.03,2.36,0.0,9.1,0.0,0.0,9.0,0.08,0.0,,,,2069.0,7.2,6.9,7.25,6.9
20030102,5.17,2383,台光電,0.56,73.63,0.76,7.2,,9.03,2.07,-488.0,9.1,0.0,-1.0,9.0,0.08,0.0,,,,1586.0,7.2,7.05,7.4,7.1
20030103,10.65,2383,台光電,0.47,74.79,0.63,7.4,,9.03,1.47,-1012.0,,0.0,-1.0,9.0,0.08,0.0,,,,3023.0,7.4,7.35,7.6,7.55
20030106,8.03,2383,台光電,0.45,75.01,0.6,7.35,,9.03,1.47,0.0,,0.0,0.0,9.0,0.08,0.0,,,,2315.0,7.35,7.2,7.5,7.35
20030107,19.2,2383,台光電,0.27,75.0,0.36,7.45,,9.03,1.47,0.0,,0.0,0.0,9.0,0.08,0.0,,,,4204.0,7.45,7.4,7.75,7.45
20030108,7.68,2383,台光電,0.23,74.38,0.31,7.6,,9.03,1.47,0.0,,0.0,0.0,9.0,0.08,0.0,,,,2291.0,7.6,7.35,7.6,7.5
20030109,12.03,2383,台光電,0.21,73.57,0.28,7.6,,9.03,1.47,0.0,,0.0,0.0,9.0,0.08,0.0,,,,2054.0,7.6,7.45,7.7,7.5
20030110,16.64,2383,台光電,0.25,75.25,0.33,8.1,,9.03,1.47,0.0,,0.0,0.0,9.0,0.08,0.0,,,,7007.0,8.1,7.9,8.1,7.9
20030113,16.75,2383,台光電,0.26,74.66,0.34,8.5,,9.03,1.47,0.0,,0.0,0.0,9.0,0.08,0.0,,,,7474.0,8.5,8.15,8.5,8.25
20030114,0.12,2383,台光電,0.23,76.22,0.3,8.3,,9.03,1.47,0.0,8.3,0.0,2.0,9.0,0.08,0.0,,,,3403.0,8.3,8.3,8.55,8.55
20030115,12.52,2383,台光電,0.27,75.93,0.35,8.7,,9.03,1.47,0.0,8.57,0.0,4.0,9.0,0.08,0.0,,,,4689.0,8.7,8.3,8.8,8.5
20030116,0.0,2383,台光電,0.25,76.31,0.32,8.25,,9.03,1.47,0.0,8.57,0.0,0.0,9.0,0.08,0.0,,,,2736.0,8.25,8.25,8.7,8.65
20030117,0.89,2383,台光電,0.22,77.41,0.28,8.2,,9.03,1.47,0.0,8.57,0.0,0.0,9.0,0.08,0.0,,,,1794.0,8.2,8.0,8.4,8.3
20030120,0.0,2383,台光電,0.2,77.26,0.26,7.85,,9.03,1.47,0.0,8.57,0.0,0.0,9.0,0.08,0.0,,,,1273.0,7.85,7.85,8.15,8.1
20030121,7.94,2383,台光電,0.18,77.23,0.23,7.95,,9.03,1.47,0.0,8.23,0.01,7.0,9.0,0.08,0.0,,,,1826.0,7.95,7.85,8.15,7.85
20030122,7.97,2383,台光電,0.19,77.76,0.25,8.0,,9.03,1.47,0.0,8.23,0.01,0.0,9.0,0.08,0.0,,,,1993.0,8.0,7.95,8.25,8.25
20030123,14.21,2383,台光電,0.23,77.12,0.3,8.25,,9.03,1.47,0.0,8.23,0.01,0.0,9.0,0.08,0.0,,,,4054.0,8.25,8.1,8.55,8.15
20030124,8.11,2383,台光電,0.21,76.15,0.28,8.1,,9.03,1.47,0.0,8.23,0.01,0.0,40.46,0.08,500.0,,,,3241.0,8.1,8.1,8.5,8.5
20030127,10.98,2383,台光電,0.19,75.4,0.25,7.95,,9.03,1.47,0.0,8.21,0.01,-3.0,40.46,0.08,0.0,,,,2284.0,7.95,7.9,8.25,8.1
20030128,10.53,2383,台光電,0.17,74.4,0.23,8.05,,9.03,1.47,0.0,8.21,0.01,0.0,40.46,0.08,0.0,,,,1785.0,8.05,8.0,8.2,8.0
20030206,0.0,2383,台光電,0.14,73.75,0.19,7.5,,9.03,1.47,0.0,8.21,0.0,-2.0,40.46,0.08,0.0,,,,1419.0,7.5,7.5,8.05,8.0
20030207,0.29,2383,台光電,0.14,74.43,0.18,7.5,,9.03,1.45,-20.0,8.21,0.0,-1.0,7.5,0.08,-500.0,,,,1705.0,7.5,7.25,7.5,7.4
20030210,0.0,2383,台光電,0.13,74.29,0.18,7.35,,9.03,1.45,0.0,8.21,0.0,0.0,7.5,0.08,0.0,,,,820.0,7.35,7.2,7.5,7.3
20030211,4.22,2383,台光電,0.14,74.86,0.19,7.4,,9.03,1.12,-557.0,8.21,0.0,0.0,7.5,0.08,0.0,,,,1399.0,7.4,7.35,7.6,7.45
20030212,0.0,2383,台光電,0.17,75.01,0.22,7.35,,9.03,1.1,-38.0,8.21,0.0,0.0,7.5,0.08,0.0,,,,644.0,7.35,7.3,7.45,7.45
20030213,0.77,2383,台光電,0.17,74.88,0.23,7.25,,9.03,1.06,-62.0,8.09,0.0,1.0,7.5,0.08,0.0,,,,521.0,7.25,7.2,7.4,7.4
20030214,6.43,2383,台光電,0.17,75.11,0.23,7.25,,9.03,0.82,-406.0,8.09,0.0,0.0,7.5,0.08,0.0,,,,1167.0,7.25,7.25,7.45,7.3
20030217,11.05,2383,台光電,0.16,76.47,0.21,7.7,,9.03,0.48,-564.0,8.09,0.0,0.0,7.5,0.08,0.0,,,,2525.0,7.7,7.4,7.75,7.5
20030218,0.0,2383,台光電,0.16,76.81,0.21,7.45,,9.03,0.48,0.0,8.09,0.0,0.0,7.5,0.08,0.0,,,,1319.0,7.45,7.45,7.75,7.75
20030219,1.65,2383,台光電,0.1,76.47,0.13,7.45,,9.03,0.48,0.0,8.09,0.0,0.0,7.5,0.08,0.0,,,,1028.0,7.45,7.45,7.7,7.55
20030220,10.62,2383,台光電,0.09,76.06,0.12,7.45,,9.03,0.48,0.0,8.09,0.0,0.0,7.5,0.08,0.0,,,,885.0,7.45,7.4,7.6,7.4
20030221,3.59,2383,台光電,0.09,75.25,0.12,7.4,,9.03,0.48,0.0,8.09,0.0,0.0,7.5,0.08,0.0,,,,697.0,7.4,7.4,7.6,7.5
20030224,3.47,2383,台光電,0.09,74.73,0.12,7.35,,9.03,0.48,0.0,8.09,0.0,0.0,7.5,0.08,0.0,,,,606.0,7.35,7.25,7.45,7.4
20030225,0.0,2383,台光電,0.09,74.44,0.12,7.1,,9.03,0.48,0.0,8.09,0.0,-1.0,7.5,0.08,0.0,,,,528.0,7.1,7.1,7.25,7.25
20030226,0.7,2383,台光電,0.13,74.42,0.17,7.2,,9.03,0.48,0.0,8.09,0.0,0.0,7.5,0.08,0.0,,,,426.0,7.2,7.1,7.3,7.2
20030227,0.0,2383,台光電,0.1,73.9,0.14,7.05,,9.03,0.48,0.0,8.09,0.0,0.0,7.5,0.08,0.0,,,,549.0,7.05,6.95,7.2,7.2
20030303,3.7,2383,台光電,0.1,73.96,0.14,7.2,,9.03,0.48,0.0,8.09,0.0,0.0,7.5,0.08,0.0,,,,432.0,7.2,7.1,7.25,7.1
20030304,2.87,2383,台光電,0.1,73.84,0.14,7.15,,9.03,0.48,0.0,8.09,0.0,0.0,7.5,0.08,0.0,,,,174.0,7.15,7.1,7.2,7.15
20030305,0.0,2383,台光電,0.1,73.15,0.14,6.9,,9.03,0.48,0.0,8.09,0.0,0.0,7.5,0.08,0.0,,,,584.0,6.9,6.8,7.1,7.1
20030306,0.53,2383,台光電,0.09,73.07,0.12,6.9,,9.03,0.48,0.0,8.09,0.0,0.0,7.5,0.08,0.0,,,,378.0,6.9,6.8,7.05,6.9
20030307,0.8,2383,台光電,0.1,73.12,0.14,6.9,,9.03,0.48,0.0,8.09,0.0,0.0,7.5,0.08,0.0,,,,502.0,6.9,6.6,6.95,6.7
20030310,0.0,2383,台光電,0.08,72.65,0.11,6.85,,9.03,0.48,0.0,8.09,0.0,0.0,7.5,0.08,0.0,,,,528.0,6.85,6.6,6.9,6.8
20030311,0.0,2383,台光電,0.08,70.74,0.11,6.65,,9.03,0.48,0.0,8.09,0.0,0.0,7.5,0.08,0.0,,,,657.0,6.65,6.45,6.8,6.65
20030312,5.56,2383,台光電,0.07,70.83,0.1,6.8,,9.03,0.48,0.0,8.09,0.0,0.0,7.5,0.08,0.0,,,,611.0,6.8,6.65,6.85,6.65
20030313,21.38,2383,台光電,0.08,70.38,0.12,6.9,,9.03,0.48,0.0,8.09,0.0,-2.0,7.5,0.08,0.0,,,,753.0,6.9,6.8,7.05,7.0
20030314,1.93,2383,台光電,0.07,70.45,0.11,7.05,,9.03,0.48,0.0,8.09,0.0,0.0,7.5,0.08,0.0,,,,933.0,7.05,7.0,7.2,7.1
20030317,0.0,2383,台光電,0.07,70.53,0.11,6.8,,9.03,0.48,0.0,8.09,0.0,-1.0,7.5,0.08,0.0,,,,414.0,6.8,6.7,6.95,6.9
20030318,2.49,2383,台光電,0.08,70.35,0.12,7.0,,9.03,0.48,0.0,8.09,0.0,0.0,7.5,0.08,0.0,,,,1045.0,7.0,7.0,7.15,7.0
20030319,0.39,2383,台光電,0.08,70.47,0.11,6.85,,9.03,0.48,0.0,8.09,0.0,0.0,7.5,0.08,0.0,,,,515.0,6.85,6.85,7.05,7.05
20030320,8.47,2383,台光電,0.06,70.21,0.09,6.9,,9.03,0.48,0.0,8.09,0.0,0.0,7.5,0.08,0.0,,,,649.0,6.9,6.8,7.0,6.9
20030321,0.0,2383,台光電,0.07,70.08,0.1,6.9,,9.03,0.48,0.0,8.09,0.0,0.0,7.5,0.08,0.0,,,,357.0,6.9,6.8,6.95,6.95
20030324,1.55,2383,台光電,0.16,69.96,0.23,6.9,,9.03,0.48,0.0,8.09,0.0,0.0,7.5,0.08,0.0,,,,644.0,6.9,6.9,7.1,7.0
20030325,0.0,2383,台光電,0.13,69.32,0.18,6.85,,9.03,0.48,0.0,8.09,0.0,0.0,7.5,0.08,0.0,,,,629.0,6.85,6.75,6.85,6.8
20030326,0.24,2383,台光電,0.13,68.68,0.19,6.85,,9.03,0.48,0.0,8.09,0.0,0.0,7.5,0.08,0.0,,,,420.0,6.85,6.85,6.95,6.9
20030327,5.23,2383,台光電,0.13,68.39,0.19,6.9,,9.03,0.48,0.0,8.09,0.0,0.0,7.5,0.08,0.0,,,,573.0,6.9,6.85,6.95,6.85
20030328,9.61,2383,台光電,0.16,69.45,0.22,7.05,,8.64,0.6,200.0,8.09,0.0,0.0,7.5,0.08,0.0,,,,2227.0,7.05,6.95,7.25,6.95
20030331,0.0,2383,台光電,0.15,68.16,0.22,6.6,,8.64,0.6,0.0,8.09,0.0,0.0,7.5,0.08,0.0,,,,1465.0,6.6,6.6,7.0,7.0
20030401,5.56,2383,台光電,0.17,67.39,0.25,6.75,,8.64,0.6,0.0,8.09,0.0,0.0,7.5,0.08,0.0,,,,450.0,6.75,6.5,6.75,6.5
20030402,3.55,2383,台光電,0.1,66.69,0.15,6.7,,8.64,0.6,0.0,8.09,0.0,0.0,7.5,0.08,0.0,,,,844.0,6.7,6.7,6.85,6.75
20030403,2.4,2383,台光電,0.07,66.75,0.11,6.7,,8.64,0.6,0.0,8.09,0.0,0.0,7.5,0.08,0.0,,,,876.0,6.7,6.7,6.85,6.85
20030404,4.53,2383,台光電,0.08,65.98,0.12,6.95,,8.64,0.6,0.0,8.09,0.0,-2.0,7.5,0.08,0.0,,,,861.0,6.95,6.7,7.0,6.8
20030407,2.41,2383,台光電,0.08,65.7,0.12,7.05,,8.64,0.6,0.0,8.09,0.0,0.0,7.5,0.08,0.0,,,,1327.0,7.05,6.95,7.15,6.95
20030408,1.04,2383,台光電,0.06,65.95,0.09,6.9,,8.64,0.6,0.0,8.09,0.0,0.0,7.5,0.08,0.0,,,,865.0,6.9,6.9,7.05,7.0
20030409,3.11,2383,台光電,0.22,65.41,0.34,7.05,,8.64,0.6,0.0,8.09,0.0,0.0,7.5,0.08,0.0,,,,771.0,7.05,6.9,7.05,6.95
20030410,3.07,2383,台光電,0.22,65.06,0.33,7.1,,8.64,0.6,0.0,8.09,0.0,0.0,7.5,0.08,0.0,,,,912.0,7.1,7.0,7.15,7.05
20030411,6.26,2383,台光電,0.25,64.86,0.39,7.1,,8.64,0.6,0.0,8.09,0.0,0.0,7.5,0.08,0.0,,,,1039.0,7.1,7.1,7.25,7.15
20030414,0.0,2383,台光電,0.26,64.5,0.4,7.15,,8.64,0.6,0.0,8.09,0.0,0.0,7.5,0.08,0.0,,,,612.0,7.15,7.05,7.2,7.1
20030415,7.0,2383,台光電,0.28,63.85,0.44,7.2,,8.64,0.6,0.0,8.09,0.0,0.0,7.5,0.08,0.0,,,,1215.0,7.2,7.2,7.35,7.25
20030416,13.14,2383,台光電,0.28,62.61,0.44,7.5,,8.64,0.6,0.0,8.09,0.0,0.0,7.5,0.08,0.0,,,,2350.0,7.5,7.25,7.6,7.25
20030417,0.0,2383,台光電,0.22,62.21,0.36,7.4,,8.64,0.6,0.0,8.09,0.0,-1.0,7.5,0.08,0.0,,,,974.0,7.4,7.3,7.5,7.5
20030418,0.0,2383,台光電,0.0,62.62,0.0,7.75,,8.64,0.6,0.0,7.81,0.0,5.0,7.5,0.08,0.0,,,,2620.0,7.75,7.5,7.8,7.5
20030421,0.0,2383,台光電,0.0,60.34,0.0,7.8,,8.64,0.6,0.0,7.81,0.0,0.0,7.5,0.08,0.0,,,,1607.0,7.8,7.65,7.85,7.85
20030422,0.0,2383,台光電,0.0,58.85,0.0,7.5,,8.64,0.6,0.0,7.81,0.0,0.0,7.5,0.08,0.0,,,,1550.0,7.5,7.3,7.75,7.7
20030423,0.0,2383,台光電,0.0,56.73,0.0,7.15,,8.64,0.6,0.0,7.64,0.0,2.0,7.5,0.08,0.0,,,,1474.0,7.15,7.15,7.65,7.4
20030424,1.24,2383,台光電,0.03,56.15,0.06,6.9,,8.64,0.6,0.0,7.36,0.01,5.0,7.5,0.08,0.0,,,,1768.0,6.9,6.8,7.3,7.2
20030425,17.01,2383,台光電,0.1,56.29,0.17,6.85,,8.64,0.6,0.0,7.24,0.01,4.0,7.5,0.08,0.0,,,,1693.0,6.85,6.8,7.1,6.8
20030428,0.0,2383,台光電,0.08,55.45,0.14,6.4,,8.64,0.6,0.0,7.24,0.01,0.0,7.5,0.08,0.0,,,,505.0,6.4,6.4,6.4,6.4
20030429,5.11,2383,台光電,0.05,54.18,0.09,6.15,,8.64,0.6,0.0,6.89,0.01,8.0,7.5,0.08,0.0,,,,1781.0,6.15,6.05,6.6,6.5
20030430,5.65,2383,台光電,0.05,54.1,0.08,5.75,,8.64,0.6,0.0,6.89,0.01,0.0,7.5,0.08,0.0,,,,1647.0,5.75,5.75,6.3,6.05
20030502,4.44,2383,台光電,0.05,52.41,0.09,5.65,,8.64,0.6,0.0,6.66,0.02,2.0,7.5,0.08,0.0,,,,2318.0,5.65,5.35,5.75,5.4
20030505,9.66,2383,台光電,0.11,52.24,0.2,5.7,,8.64,0.6,0.0,6.66,0.02,-1.0,7.5,0.08,0.0,,,,1221.0,5.7,5.4,5.75,5.6
20030506,11.43,2383,台光電,0.09,52.2,0.18,5.9,,8.64,0.6,0.0,6.66,0.01,-1.0,7.5,0.08,0.0,,,,1514.0,5.9,5.6,5.95,5.7
20030507,13.5,2383,台光電,0.09,52.57,0.17,6.2,,8.64,0.6,0.0,6.66,0.01,0.0,7.5,0.08,0.0,,,,1607.0,6.2,5.95,6.2,5.95
20030508,0.0,2383,台光電,0.09,51.58,0.17,5.85,,8.64,0.6,0.0,6.66,0.01,-8.0,7.5,0.08,0.0,,,,993.0,5.85,5.85,6.2,6.2
20030509,9.32,2383,台光電,0.11,51.44,0.21,6.0,,8.64,0.6,0.0,6.66,0.01,-3.0,7.5,0.08,0.0,,,,848.0,6.0,5.75,6.05,5.8
20030512,5.7,2383,台光電,0.12,52.09,0.23,6.05,,8.64,0.6,0.0,6.66,0.01,0.0,7.5,0.08,0.0,,,,1194.0,6.05,5.9,6.2,6.0
20030513,5.58,2383,台光電,0.12,52.26,0.22,6.05,,8.64,0.6,0.0,6.66,0.01,0.0,7.5,0.08,0.0,,,,1218.0,6.05,6.05,6.3,6.1
20030514,2.31,2383,台光電,0.09,51.98,0.18,6.1,,8.64,0.6,0.0,6.66,0.01,0.0,7.5,0.08,0.0,,,,694.0,6.1,6.0,6.15,6.15
20030515,2.49,2383,台光電,0.09,52.23,0.18,6.1,,8.64,0.6,0.0,6.66,0.01,0.0,7.5,0.08,0.0,,,,602.0,6.1,5.9,6.1,6.05
20030516,2.57,2383,台光電,0.09,52.29,0.18,6.0,,8.64,0.6,0.0,6.58,0.01,2.0,7.5,0.08,0.0,,,,582.0,6.0,6.0,6.15,6.15
20030519,0.0,2383,台光電,0.09,52.11,0.17,5.8,,8.64,0.6,0.0,6.58,0.01,0.0,7.5,0.08,0.0,,,,306.0,5.8,5.8,5.9,5.9
20030520,3.57,2383,台光電,0.1,51.73,0.19,5.7,,8.64,0.6,0.0,6.58,0.01,-4.0,7.5,0.08,0.0,,,,532.0,5.7,5.65,5.8,5.7
20030521,8.12,2383,台光電,0.08,51.93,0.16,5.7,,8.64,0.6,0.0,6.58,0.01,0.0,7.5,0.08,0.0,,,,468.0,5.7,5.65,5.8,5.8
20030522,9.85,2383,台光電,0.08,52.15,0.15,5.75,,8.64,0.6,0.0,6.58,0.0,-7.0,7.5,0.08,0.0,,,,467.0,5.75,5.65,5.8,5.7
20030523,5.71,2383,台光電,0.07,52.43,0.14,5.95,,8.64,0.6,0.0,6.58,0.0,0.0,7.5,0.08,0.0,,,,909.0,5.95,5.8,6.05,5.8
20030526,9.0,2383,台光電,0.1,53.27,0.19,6.35,,8.64,0.6,0.0,6.58,0.0,0.0,7.5,0.08,0.0,,,,1800.0,6.35,6.05,6.35,6.1
20030527,17.64,2383,台光電,0.12,52.69,0.22,6.65,,8.64,0.6,0.0,6.58,0.0,0.0,7.5,0.08,0.0,,,,3871.0,6.65,6.35,6.75,6.45
20030528,12.82,2383,台光電,0.23,52.57,0.43,6.55,,8.64,0.6,0.0,6.58,0.0,0.0,7.5,0.08,0.0,,,,2192.0,6.55,6.55,6.95,6.8
20030529,10.56,2383,台光電,0.24,52.68,0.45,6.55,,8.64,0.6,0.0,6.58,0.0,0.0,7.5,0.08,0.0,,,,1042.0,6.55,6.5,6.75,6.65
20030530,21.04,2383,台光電,0.29,53.1,0.55,6.85,,8.64,0.6,0.0,6.58,0.0,-2.0,7.5,0.08,0.0,,,,3204.0,6.85,6.55,7.0,6.65
20030602,15.99,2383,台光電,0.28,53.72,0.52,6.95,,8.64,0.6,0.0,6.58,0.0,0.0,7.5,0.08,0.0,,,,3652.0,6.95,6.9,7.15,7.0
20030603,3.68,2383,台光電,0.28,53.63,0.52,6.75,,8.64,0.6,0.0,6.58,0.0,-1.0,7.5,0.08,0.0,,,,1439.0,6.75,6.75,7.0,6.95
20030605,3.89,2383,台光電,0.27,54.64,0.5,7.05,,8.64,0.6,0.0,6.58,0.0,0.0,7.5,0.08,0.0,,,,2778.0,7.05,6.95,7.1,6.95
20030606,15.07,2383,台光電,0.28,53.95,0.53,7.15,,8.64,0.6,0.0,6.58,0.0,0.0,7.5,0.08,0.0,,,,2083.0,7.15,6.95,7.15,7.1
20030609,15.13,2383,台光電,0.49,56.12,0.87,7.65,,8.64,0.6,0.0,6.58,0.0,0.0,7.5,0.08,0.0,,,,3674.0,7.65,7.05,7.65,7.1
20030610,13.2,2383,台光電,0.84,53.67,1.56,8.1,,8.64,0.6,0.0,6.58,0.0,0.0,7.5,0.08,0.0,,,,7726.0,8.1,7.65,8.1,7.8
20030611,13.14,2383,台光電,1.02,55.59,1.83,8.2,,8.42,1.2,1000.0,6.58,0.0,0.0,7.5,0.08,0.0,,,,8397.0,8.2,8.15,8.5,8.4
20030612,1.12,2383,台光電,0.55,55.45,0.99,7.8,,8.28,1.38,300.0,6.58,0.0,0.0,7.5,0.08,0.0,,,,5451.0,7.8,7.75,8.4,8.3
20030613,17.11,2383,台光電,0.66,54.86,1.2,8.05,,8.28,1.38,0.0,6.58,0.0,0.0,7.5,0.08,0.0,,,,3371.0,8.05,7.7,8.1,7.85
20030616,13.63,2383,台光電,0.79,58.23,1.35,8.6,,8.28,1.38,0.0,6.58,0.0,0.0,7.5,0.08,0.0,,,,9230.0,8.6,8.05,8.6,8.3
20030617,11.17,2383,台光電,0.83,56.93,1.46,8.85,,8.28,1.38,0.0,8.4,0.01,8.0,7.5,0.08,0.0,,,,9823.0,8.85,8.75,9.1,9.05
20030618,14.61,2383,台光電,1.03,58.86,1.76,9.45,,8.28,1.38,0.0,8.57,0.01,2.0,7.5,0.08,0.0,,,,10396.0,9.45,8.9,9.45,9.0
20030619,20.62,2383,台光電,1.59,59.69,2.66,10.1,,8.28,1.38,0.0,9.57,0.02,17.0,7.5,0.08,0.0,,,,10644.0,10.1,9.25,10.1,9.55
20030620,18.03,2383,台光電,1.84,57.35,3.21,10.2,,8.28,1.38,0.0,9.57,0.02,0.0,8.29,0.08,10.0,,,,12761.0,10.2,10.1,10.75,10.2
20030623,2.56,2383,台光電,1.28,57.65,2.22,9.5,,8.28,1.38,0.0,9.57,0.02,0.0,12.66,0.08,59.0,,,,6298.0,9.5,9.5,10.5,10.25
20030624,0.19,2383,台光電,0.9,60.83,1.48,9.4,,8.28,0.48,-1500.0,9.57,0.02,0.0,13.83,0.08,16.0,,,,8463.0,9.4,8.85,9.5,9.05
20030625,1.78,2383,台光電,0.8,60.81,1.31,9.05,,8.28,0.48,0.0,9.57,0.02,0.0,13.54,0.08,-2.0,,,,5612.0,9.05,9.0,9.6,9.4
20030626,8.35,2383,台光電,1.03,60.78,1.7,8.5,,8.28,0.48,0.0,9.57,0.02,0.0,13.54,0.08,0.0,,,,3531.0,8.5,8.5,9.3,9.05
20030627,13.78,2383,台光電,1.24,59.59,2.08,8.75,,8.28,0.48,0.0,9.57,0.02,-2.0,13.54,0.08,0.0,,,,4100.0,8.75,8.6,9.0,8.8
20030630,18.15,2383,台光電,1.27,59.65,2.13,8.85,,8.28,0.48,0.0,9.57,0.02,0.0,13.54,0.08,0.0,,,,1890.0,8.85,8.65,9.0,8.75
20030701,4.04,2383,台光電,1.46,60.8,2.4,9.45,,8.28,0.48,0.0,9.57,0.02,0.0,13.54,0.08,0.0,,,,3265.0,9.45,9.0,9.45,9.0
20030702,12.5,2383,台光電,1.35,61.7,2.19,9.9,,8.67,0.63,250.0,9.65,0.02,8.0,13.54,0.08,0.0,,,,9131.0,9.9,9.8,10.05,9.95
20030703,4.31,2383,台光電,1.31,62.78,2.09,9.25,,8.67,0.63,0.0,9.65,0.02,-1.0,13.54,0.08,0.0,,,,6467.0,9.25,9.25,10.3,10.1
20030704,21.93,2383,台光電,1.23,63.15,1.94,9.6,,8.67,0.63,0.0,9.65,0.02,0.0,13.54,0.08,0.0,,,,3945.0,9.6,9.15,9.6,9.25
20030707,11.56,2383,台光電,1.06,63.23,1.68,9.5,,8.67,0.63,0.0,9.65,0.02,0.0,13.54,0.08,0.0,,,,6342.0,9.5,9.5,9.85,9.85
20030708,33.63,2383,台光電,1.13,65.16,1.74,9.7,,8.67,0.63,0.0,9.65,0.02,0.0,13.54,0.08,0.0,,,,13930.0,9.7,9.4,10.15,9.6
20030709,18.09,2383,台光電,1.1,65.89,1.67,9.85,,8.67,0.63,0.0,9.65,0.02,0.0,13.54,0.08,0.0,,,,7018.0,9.85,9.7,10.0,9.75
20030710,33.3,2383,台光電,1.15,67.22,1.71,9.85,,8.67,0.24,-650.0,9.65,0.02,-5.0,13.54,0.08,0.0,,,,10587.0,9.85,9.7,10.25,9.95
20030711,0.32,2383,台光電,1.02,68.02,1.5,9.6,,,0.0,-400.0,9.65,0.02,-1.0,14.14,0.08,8.0,,,,3173.0,9.6,9.45,9.85,9.85
20030714,39.56,2383,台光電,0.98,68.78,1.43,9.75,,,0.0,0.0,9.65,0.02,1.0,15.28,0.08,15.0,,,,6553.0,9.75,9.65,10.1,9.8
20030715,3.34,2383,台光電,0.97,68.67,1.41,9.65,,,0.0,0.0,9.65,0.02,0.0,14.45,0.08,-7.0,,,,3320.0,9.65,9.6,9.95,9.95
20030716,7.09,2383,台光電,0.92,68.02,1.36,9.6,,,0.0,0.0,9.64,0.02,5.0,14.11,0.08,-3.0,,,,3484.0,9.6,9.55,9.85,9.8
20030717,7.67,2383,台光電,0.99,67.33,1.47,9.25,,,0.0,0.0,9.64,0.02,-8.0,14.0,0.08,-1.0,,,,3013.0,9.25,9.0,9.8,9.6
20030718,2.96,2383,台光電,1.01,66.85,1.5,9.0,,,0.0,0.0,9.64,0.02,0.0,14.0,0.08,0.0,,,,2266.0,9.0,8.75,9.4,8.75
20030721,17.15,2383,台光電,1.43,67.29,2.12,8.95,,,0.0,0.0,9.64,0.01,-1.0,12.91,0.08,-10.0,,,,1942.0,8.95,8.95,9.35,9.15
20030722,3.87,2383,台光電,1.09,67.5,1.62,8.9,,,0.0,0.0,9.56,0.02,3.0,13.6,0.08,10.0,,,,2039.0,8.9,8.7,9.1,8.95
20030723,7.98,2383,台光電,1.05,68.01,1.54,8.8,,,0.0,0.0,9.56,0.02,0.0,13.6,0.08,0.0,,,,1815.0,8.8,8.8,9.1,9.0
20030724,11.36,2383,台光電,1.0,67.94,1.48,9.3,,9.3,0.3,500.0,9.56,0.02,0.0,13.6,0.08,0.0,,,,4162.0,9.3,8.85,9.3,9.0
20030725,36.65,2383,台光電,0.85,71.86,1.19,9.3,,9.3,0.3,0.0,9.55,0.02,-2.0,13.6,0.08,0.0,,,,9701.0,9.3,9.3,9.8,9.3
20030728,3.99,2383,台光電,0.65,70.12,0.93,8.95,,9.3,0.3,0.0,9.55,0.02,0.0,15.69,0.08,30.0,,,,4907.0,8.95,8.9,9.65,9.5
20030729,6.43,2383,台光電,0.54,69.84,0.77,8.85,,9.3,0.3,0.0,9.55,0.02,0.0,15.69,0.08,0.0,,,,1895.0,8.85,8.75,9.15,9.15
20030730,8.51,2383,台光電,0.54,69.8,0.78,8.85,,9.3,0.3,0.0,9.53,0.01,-1.0,15.69,0.08,0.0,,,,1527.0,8.85,8.8,9.05,9.05
20030731,11.08,2383,台光電,0.59,69.54,0.85,8.8,,9.3,0.3,0.0,9.53,0.01,0.0,15.69,0.08,0.0,,,,1318.0,8.8,8.75,9.0,8.95
20030801,8.26,2383,台光電,0.54,69.76,0.77,8.9,,9.3,0.3,0.0,9.53,0.01,0.0,15.69,0.08,0.0,,,,1451.0,8.9,8.85,9.0,8.95
20030804,6.72,2383,台光電,0.52,70.36,0.75,8.7,,9.3,0.06,-402.0,9.53,0.01,0.0,12.4,0.08,-27.0,,,,1442.0,8.7,8.7,9.05,8.95
20030805,2.87,2383,台光電,0.53,70.65,0.76,8.2,,,0.0,-98.0,9.53,0.01,-2.0,8.64,0.08,-39.0,,,,1706.0,8.2,8.2,8.8,8.7
20030806,0.0,2383,台光電,0.45,70.81,0.64,7.9,,,0.0,0.0,9.53,0.01,0.0,8.64,0.08,0.0,,,,1680.0,7.9,7.8,8.2,8.1
20030807,7.88,2383,台光電,0.38,70.3,0.54,8.1,,,0.0,0.0,9.53,0.01,0.0,8.64,0.08,0.0,,,,1370.0,8.1,7.65,8.1,8.0
20030808,1.99,2383,台光電,0.37,69.82,0.53,7.95,,,0.0,0.0,9.53,0.01,0.0,8.64,0.08,0.0,,,,1207.0,7.95,7.8,8.2,8.1
20030811,2.19,2383,台光電,0.31,69.4,0.44,7.85,,,0.0,0.0,9.53,0.01,0.0,8.64,0.08,0.0,,,,637.0,7.85,7.7,8.0,8.0
20030812,1.64,2383,台光電,0.26,69.24,0.37,7.85,,,0.0,0.0,9.53,0.01,0.0,8.64,0.08,0.0,,,,729.0,7.85,7.85,8.0,7.95
20030813,9.66,2383,台光電,0.34,70.1,0.49,8.3,,,0.0,0.0,9.53,0.01,0.0,8.64,0.08,0.0,,,,1655.0,8.3,7.95,8.3,8.0
20030814,0.15,2383,台光電,0.26,70.94,0.36,7.9,,,0.0,0.0,9.34,0.02,3.0,8.64,0.08,0.0,,,,1301.0,7.9,7.9,8.4,8.35
20030815,11.28,2383,台光電,0.3,70.97,0.42,8.1,,,0.0,0.0,9.2,0.02,0.0,8.64,0.08,0.0,,,,1285.0,8.1,7.9,8.1,8.0
20030818,0.27,2383,台光電,0.29,70.87,0.41,8.0,,,0.0,0.0,9.2,0.01,-1.0,8.64,0.08,0.0,,,,729.0,8.0,8.0,8.2,8.0
20030819,8.37,2383,台光電,0.34,70.92,0.48,8.0,,,0.0,0.0,9.11,0.02,2.0,8.64,0.08,0.0,,,,1577.0,8.0,8.0,8.2,8.05
20030820,5.45,2383,台光電,0.34,70.87,0.47,7.95,,,0.0,0.0,9.11,0.01,-5.0,8.64,0.08,0.0,,,,733.0,7.95,7.9,8.15,8.1
20030821,5.2,2383,台光電,0.33,70.59,0.46,7.9,,,0.0,0.0,8.92,0.01,-3.0,8.64,0.08,0.0,,,,691.0,7.9,7.9,8.05,7.95
20030822,3.53,2383,台光電,0.3,70.47,0.42,7.8,,,0.0,0.0,8.92,0.01,-4.0,7.03,0.08,-24.0,,,,907.0,7.8,7.8,8.0,7.95
20030825,1.18,2383,台光電,0.25,69.58,0.36,7.7,,,0.0,0.0,8.92,0.01,-2.0,7.03,0.08,0.0,,,,1104.0,7.7,7.6,7.8,7.8
20030826,0.0,2383,台光電,0.2,68.88,0.29,7.35,,,0.0,0.0,8.92,0.01,0.0,7.03,0.08,0.0,,,,1264.0,7.35,7.25,7.65,7.65
20030827,0.0,2383,台光電,0.19,68.49,0.28,7.1,,,0.0,0.0,7.49,0.01,1.0,7.03,0.08,0.0,,,,1673.0,7.1,7.1,7.35,7.25
20030828,1.74,2383,台光電,0.07,68.25,0.1,6.85,,,0.0,0.0,7.49,0.01,0.0,7.03,0.08,0.0,,,,1151.0,6.85,6.85,7.2,7.2
20030829,8.66,2383,台光電,0.1,68.54,0.15,7.1,,,0.0,0.0,7.42,0.01,3.0,7.03,0.08,0.0,,,,1823.0,7.1,6.8,7.1,6.95
20030901,0.0,2383,台光電,0.07,66.6,0.1,6.8,,,0.0,0.0,7.42,0.01,0.0,7.03,0.08,0.0,,,,2228.0,6.8,6.75,7.1,7.0
20030902,15.08,2383,台光電,0.12,66.99,0.18,7.0,,,0.0,0.0,7.34,0.01,4.0,5.01,0.08,-37.0,,,,1392.0,7.0,6.75,7.0,6.8
20030903,9.93,2383,台光電,0.28,68.13,0.41,7.45,,,0.0,0.0,7.34,0.01,0.0,5.01,0.08,0.0,,,,3151.0,7.45,7.1,7.45,7.1
20030904,3.73,2383,台光電,0.2,68.69,0.29,7.2,,,0.0,0.0,7.34,0.01,0.0,5.01,0.08,0.0,,,,3053.0,7.2,7.2,7.6,7.5
20030905,6.42,2383,台光電,0.2,68.71,0.3,7.3,,,0.0,0.0,7.34,0.01,0.0,5.01,0.08,0.0,,,,981.0,7.3,7.2,7.5,7.3
20030908,6.64,2383,台光電,0.17,68.46,0.24,7.15,,,0.0,0.0,7.3,0.02,6.0,5.01,0.08,0.0,,,,1054.0,7.15,7.15,7.4,7.25
20030909,13.2,2383,台光電,0.1,68.65,0.15,7.05,,,0.0,0.0,7.3,0.01,-15.0,5.01,0.08,0.0,,,,931.0,7.05,7.0,7.35,7.25
20030910,7.17,2383,台光電,0.1,68.45,0.14,6.95,,,0.0,0.0,7.3,0.01,0.0,5.06,0.08,1.0,,,,530.0,6.95,6.9,7.1,7.05
20030912,14.67,2383,台光電,0.06,68.94,0.09,7.1,,,0.0,0.0,7.3,0.01,0.0,5.12,0.08,1.0,,,,626.0,7.1,6.9,7.1,7.0
20030915,0.0,2383,台光電,0.05,68.62,0.07,7.0,,,0.0,0.0,7.3,0.01,0.0,5.12,0.08,0.0,,,,579.0,7.0,6.95,7.15,7.15
20030916,43.22,2383,台光電,0.25,68.05,0.37,7.45,,,0.0,0.0,7.3,0.01,0.0,5.12,0.08,0.0,,,,3489.0,7.45,6.9,7.45,6.95
20030917,4.43,2383,台光電,0.07,69.27,0.1,7.4,,,0.0,0.0,7.3,0.01,0.0,5.04,0.08,-2.0,,,,3586.0,7.4,7.35,7.8,7.75
20030918,17.25,2383,台光電,0.09,69.92,0.13,7.5,,,0.0,0.0,7.3,0.0,-4.0,5.04,0.08,0.0,,,,2220.0,7.5,7.3,7.6,7.35
20030919,15.91,2383,台光電,0.08,70.92,0.11,7.55,,,0.0,0.0,7.3,0.0,-1.0,5.04,0.08,0.0,,,,2860.0,7.55,7.45,7.8,7.6
20030922,46.62,2383,台光電,0.06,71.11,0.09,7.5,,,0.0,0.0,7.3,0.0,-2.0,5.04,0.08,0.0,,,,2992.0,7.5,7.4,7.7,7.5
20030923,15.68,2383,台光電,0.35,72.72,0.49,8.0,,,0.0,0.0,7.61,0.01,4.0,5.04,0.08,0.0,,,,4062.0,8.0,7.5,8.0,7.6
20030924,6.73,2383,台光電,0.27,72.61,0.37,8.0,,,0.0,0.0,7.61,0.01,0.0,7.71,0.08,43.0,,,,4976.0,8.0,7.9,8.3,8.3
20030925,0.0,2383,台光電,0.26,72.57,0.35,7.8,,,0.0,0.0,7.63,0.01,1.0,7.71,0.08,0.0,,,,1114.0,7.8,7.7,7.9,7.9
20030926,0.2,2383,台光電,0.18,71.25,0.26,7.6,,,0.0,0.0,7.62,0.01,2.0,5.32,0.08,-40.0,,,,1487.0,7.6,7.6,7.85,7.75
20030929,2.17,2383,台光電,0.03,70.83,0.05,7.5,,,0.0,0.0,7.6,0.01,3.0,5.32,0.08,0.0,,,,735.0,7.5,7.35,7.65,7.6
20030930,13.43,2383,台光電,0.03,71.11,0.04,7.4,,,0.0,0.0,7.6,0.01,0.0,5.32,0.08,0.0,,,,1004.0,7.4,7.4,7.6,7.55
20031001,15.21,2383,台光電,0.06,70.94,0.08,7.35,,,0.0,0.0,7.6,0.01,0.0,5.32,0.08,0.0,,,,972.0,7.35,7.35,7.55,7.35
20031002,7.7,2383,台光電,0.05,72.01,0.07,7.5,,,0.0,0.0,7.6,0.01,0.0,5.32,0.08,0.0,,,,1467.0,7.5,7.4,7.7,7.5
20031003,3.56,2383,台光電,0.07,72.13,0.1,7.45,,,0.0,0.0,7.6,0.01,0.0,5.32,0.08,0.0,,,,1067.0,7.45,7.45,7.55,7.55
20031006,3.57,2383,台光電,0.05,72.31,0.07,7.45,,,0.0,0.0,7.6,0.01,0.0,5.32,0.08,0.0,,,,1400.0,7.45,7.4,7.6,7.55
20031007,0.55,2383,台光電,0.02,73.28,0.03,7.35,,,0.0,0.0,7.6,0.01,0.0,5.32,0.08,0.0,,,,1277.0,7.35,7.35,7.55,7.5
20031008,1.93,2383,台光電,0.02,73.64,0.03,7.3,,,0.0,0.0,7.6,0.01,0.0,5.32,0.08,0.0,,,,1450.0,7.3,7.25,7.45,7.35
20031009,8.4,2383,台光電,0.07,73.54,0.1,7.3,,,0.0,0.0,7.6,0.01,0.0,5.32,0.08,0.0,,,,2131.0,7.3,7.15,7.35,7.3
20031013,5.09,2383,台光電,,,,7.35,,,0.0,0.0,7.55,0.01,4.0,5.32,0.08,0.0,,,,1590.0,7.35,7.25,7.45,7.3
20031014,13.29,2383,台光電,0.06,74.55,0.08,7.4,,,0.0,0.0,7.48,0.02,14.0,5.32,0.08,0.0,,,,2220.0,7.4,7.35,7.6,7.45
20031015,17.35,2383,台光電,0.1,75.55,0.13,7.65,,,0.0,0.0,7.48,0.02,0.0,5.32,0.08,0.0,,,,3255.0,7.65,7.4,7.7,7.55
20031016,24.29,2383,台光電,0.11,75.87,0.14,8.0,,,0.0,0.0,7.55,0.01,-11.0,5.32,0.08,0.0,,,,5951.0,8.0,7.6,8.1,7.7
20031017,9.52,2383,台光電,0.1,77.67,0.13,7.9,,,0.0,0.0,7.62,0.02,5.0,5.32,0.08,0.0,,,,4629.0,7.9,7.8,8.25,8.1
20031020,0.54,2383,台光電,0.1,77.85,0.13,7.75,,7.75,0.12,200.0,7.63,0.02,2.0,5.32,0.08,0.0,,,,1856.0,7.75,7.7,7.95,7.9
20031021,16.1,2383,台光電,0.2,78.59,0.25,7.7,,,0.0,-200.0,7.63,0.02,-2.0,5.32,0.08,0.0,,,,2683.0,7.7,7.7,8.05,7.9
20031022,16.01,2383,台光電,0.15,78.46,0.19,7.7,,,0.0,0.0,7.63,0.02,0.0,5.32,0.08,0.0,,,,1843.0,7.7,7.6,7.8,7.8
20031023,23.15,2383,台光電,0.14,78.57,0.18,7.7,,,0.0,0.0,7.63,0.02,0.0,5.32,0.08,0.0,,,,3140.0,7.7,7.7,7.95,7.7
20031024,7.31,2383,台光電,0.13,77.76,0.17,7.65,,,0.0,0.0,7.63,0.02,0.0,5.32,0.08,0.0,,,,1492.0,7.65,7.65,7.85,7.75
20031027,17.24,2383,台光電,0.06,77.25,0.07,7.8,,,0.0,0.0,7.63,0.02,0.0,5.32,0.08,0.0,,,,1955.0,7.8,7.75,7.9,7.75
20031028,20.52,2383,台光電,0.04,75.99,0.05,7.8,,,0.0,0.0,7.64,0.02,2.0,5.27,0.08,-1.0,,,,3060.0,7.8,7.8,8.05,7.95
20031029,5.57,2383,台光電,0.04,76.04,0.05,7.8,,,0.0,0.0,7.64,0.02,0.0,5.27,0.08,0.0,,,,1848.0,7.8,7.75,7.95,7.95
20031030,0.0,2383,台光電,0.03,76.34,0.04,7.7,,,0.0,0.0,7.64,0.02,0.0,5.27,0.08,0.0,,,,1451.0,7.7,7.65,7.9,7.85
20031031,0.0,2383,台光電,0.03,76.05,0.03,7.6,,,0.0,0.0,7.64,0.02,0.0,5.27,0.08,0.0,,,,1035.0,7.6,7.6,7.7,7.7
20031103,1.18,2383,台光電,0.03,76.02,0.03,7.6,,,0.0,0.0,7.64,0.02,0.0,5.27,0.08,0.0,,,,1100.0,7.6,7.5,7.65,7.6
20031104,10.05,2383,台光電,0.03,75.95,0.03,7.75,,,0.0,0.0,7.64,0.02,0.0,5.27,0.08,0.0,,,,2019.0,7.75,7.65,7.9,7.7
20031105,29.06,2383,台光電,0.1,75.79,0.13,7.85,,,0.0,0.0,7.64,0.02,0.0,5.27,0.08,0.0,,,,4638.0,7.85,7.8,8.0,7.8
20031106,18.08,2383,台光電,0.08,76.28,0.11,8.35,,,0.0,0.0,7.64,0.01,-12.0,5.29,0.08,0.0,,,,10702.0,8.35,7.9,8.35,7.9
20031107,3.94,2383,台光電,0.07,79.84,0.09,8.25,,,0.0,0.0,7.64,0.01,-2.0,5.34,0.08,0.0,,,,8120.0,8.25,8.1,8.55,8.4
20031110,28.92,2383,台光電,0.13,78.65,0.16,8.8,,,0.0,0.0,7.64,0.01,-1.0,5.3,0.08,-1.0,,,,9188.0,8.8,8.5,8.8,8.5
20031111,0.0,2383,台光電,0.08,78.7,0.11,8.75,,,0.0,0.0,7.64,0.01,0.0,5.3,0.08,0.0,,,,6301.0,8.75,8.6,8.8,8.8
20031112,5.73,2383,台光電,0.07,77.88,0.09,8.3,,,0.0,0.0,7.64,0.01,0.0,7.19,0.08,29.0,,,,6057.0,8.3,8.3,9.0,8.85
20031113,19.59,2383,台光電,0.13,78.29,0.17,8.4,,,0.0,0.0,7.64,0.01,0.0,7.32,0.08,2.0,,,,3945.0,8.4,8.35,8.55,8.55
20031114,9.12,2383,台光電,0.1,77.31,0.13,8.4,,,0.0,0.0,7.64,0.01,0.0,7.32,0.08,0.0,,,,4048.0,8.4,8.25,8.65,8.55
20031117,0.98,2383,台光電,0.1,77.78,0.12,8.1,,,0.0,0.0,7.64,0.01,0.0,7.32,0.08,0.0,,,,2344.0,8.1,8.1,8.5,8.35
20031118,7.85,2383,台光電,0.1,77.46,0.13,7.9,,,0.0,0.0,7.75,0.01,10.0,7.32,0.08,0.0,,,,2227.0,7.9,7.9,8.3,8.2
20031119,19.07,2383,台光電,0.33,75.7,0.43,8.0,,8.0,0.6,1000.0,7.75,0.01,0.0,7.32,0.08,0.0,,,,3140.0,8.0,7.9,8.15,7.9
20031120,25.92,2383,台光電,0.71,78.1,0.9,8.3,,8.0,0.6,0.0,7.75,0.0,-16.0,7.32,0.08,0.0,,,,6310.0,8.3,8.15,8.55,8.2
20031121,11.45,2383,台光電,0.57,77.55,0.73,8.4,,8.01,0.61,20.0,8.05,0.01,7.0,7.32,0.08,0.0,,,,2663.0,8.4,8.0,8.45,8.2
20031124,4.83,2383,台光電,0.51,77.31,0.66,8.2,,8.01,0.61,0.0,8.05,0.01,0.0,7.32,0.08,0.0,,,,1844.0,8.2,8.2,8.5,8.4
20031125,3.04,2383,台光電,0.46,77.29,0.6,8.1,,8.01,0.61,0.0,8.05,0.01,0.0,7.32,0.08,0.0,,,,2398.0,8.1,8.1,8.5,8.45
20031126,12.24,2383,台光電,0.39,77.3,0.5,8.15,,8.01,0.61,0.0,8.05,0.01,0.0,7.32,0.08,0.0,,,,1470.0,8.15,8.15,8.3,8.15
20031127,5.42,2383,台光電,0.43,76.49,0.57,8.05,,8.02,0.91,500.0,8.05,0.01,0.0,7.32,0.08,0.0,,,,1512.0,8.05,8.05,8.3,8.3
20031128,2.15,2383,台光電,0.55,75.94,0.72,8.05,,8.03,1.27,609.0,8.05,0.01,0.0,7.32,0.08,0.0,,,,1625.0,8.05,8.05,8.25,8.2
20031201,18.43,2383,台光電,1.02,75.84,1.35,8.6,,8.16,1.63,600.0,8.05,0.01,0.0,7.32,0.08,0.0,,,,6016.0,8.6,8.15,8.6,8.25
20031202,12.78,2383,台光電,0.87,78.85,1.11,8.6,,8.17,1.68,83.0,8.05,0.01,0.0,7.32,0.08,0.0,,,,7454.0,8.6,8.6,8.9,8.7
20031203,4.81,2383,台光電,0.71,78.7,0.9,8.5,,8.21,1.89,351.0,8.05,0.01,0.0,7.32,0.08,0.0,,,,3095.0,8.5,8.5,8.7,8.6
20031204,10.21,2383,台光電,0.6,78.79,0.77,8.5,,8.21,1.89,0.0,8.05,0.01,0.0,7.32,0.08,0.0,,,,2046.0,8.5,8.5,8.75,8.6
20031205,36.04,2383,台光電,0.49,78.7,0.62,8.5,,8.21,1.94,81.0,8.05,0.01,0.0,7.32,0.08,0.0,,,,4123.0,8.5,8.5,8.8,8.6
20031208,30.01,2383,台光電,0.53,78.88,0.67,8.4,,8.21,1.94,0.0,8.05,0.01,0.0,7.32,0.08,0.0,,,,2236.0,8.4,8.35,8.6,8.4
20031209,5.82,2383,台光電,0.54,77.59,0.69,8.35,,8.23,2.24,500.0,8.05,0.01,0.0,7.32,0.08,0.0,,,,1409.0,8.35,8.35,8.55,8.5
20031210,24.59,2383,台光電,0.58,77.35,0.75,8.4,,8.23,2.24,0.0,8.05,0.01,0.0,7.32,0.08,0.0,,,,3555.0,8.4,8.3,8.7,8.55
20031211,12.98,2383,台光電,0.51,77.05,0.66,8.45,,8.23,2.24,0.0,8.05,0.01,0.0,7.32,0.08,0.0,,,,2403.0,8.45,8.35,8.6,8.4
20031212,7.53,2383,台光電,0.49,75.61,0.65,8.45,,8.27,2.72,800.0,8.22,0.02,11.0,7.32,0.08,0.0,,,,2098.0,8.45,8.45,8.6,8.5
20031215,13.88,2383,台光電,0.45,76.41,0.59,8.8,,8.27,2.72,0.0,8.22,0.02,0.0,7.32,0.08,0.0,,,,4043.0,8.8,8.5,8.8,8.55
20031216,0.0,2383,台光電,0.36,75.6,0.48,8.7,,8.27,2.72,0.0,8.22,0.02,0.0,7.32,0.08,0.0,,,,1848.0,8.7,8.5,8.75,8.75
20031217,0.04,2383,台光電,0.4,75.26,0.53,8.35,,8.27,2.72,0.0,8.22,0.02,0.0,7.32,0.08,0.0,,,,2525.0,8.35,8.3,8.8,8.8
20031218,34.02,2383,台光電,0.61,76.09,0.8,8.45,,8.27,2.72,0.0,8.29,0.01,-12.0,7.32,0.08,0.0,,,,3395.0,8.45,8.35,8.6,8.4
20031219,9.51,2383,台光電,0.37,75.24,0.49,8.4,,8.27,2.72,0.0,8.29,0.01,0.0,7.32,0.08,0.0,,,,1661.0,8.4,8.35,8.6,8.6
20031222,20.59,2383,台光電,0.52,74.55,0.69,8.75,,8.29,2.83,180.0,8.29,0.01,0.0,7.32,0.08,0.0,,,,3332.0,8.75,8.4,8.75,8.5
20031223,20.39,2383,台光電,0.7,75.64,0.93,8.9,,8.29,2.83,0.0,8.29,0.01,-1.0,7.32,0.08,0.0,,,,6681.0,8.9,8.8,9.25,8.8
20031224,8.04,2383,台光電,0.51,75.84,0.67,8.9,,8.29,2.83,0.0,8.29,0.01,0.0,7.32,0.08,0.0,,,,2377.0,8.9,8.75,9.0,9.0
20031225,30.58,2383,台光電,0.63,76.56,0.82,8.9,,8.29,2.83,0.0,8.29,0.01,0.0,7.32,0.08,0.0,,,,6641.0,8.9,8.9,9.3,9.0
20031226,12.21,2383,台光電,0.6,77.43,0.78,9.1,,8.29,2.83,0.0,8.29,0.01,-1.0,7.32,0.08,0.0,,,,4891.0,9.1,9.0,9.3,9.1
20031229,0.0,2383,台光電,0.54,75.17,0.72,8.5,,8.31,3.13,500.0,8.29,0.01,0.0,7.21,0.08,-2.0,,,,4206.0,8.5,8.5,9.2,9.15
20031230,3.65,2383,台光電,0.48,75.79,0.63,8.35,,8.31,3.13,0.0,8.29,0.01,0.0,7.21,0.08,0.0,,,,4663.0,8.35,8.3,8.55,8.5
20031231,12.23,2383,台光電,0.47,75.84,0.62,8.4,,8.31,3.13,0.0,8.29,0.01,0.0,7.21,0.08,0.0,,,,2779.0,8.4,8.35,8.45,8.35
20040102,12.06,2383,台光電,0.45,75.27,0.6,8.5,,8.31,3.13,0.0,8.29,0.01,0.0,7.21,0.08,0.0,,,,2538.0,8.5,8.45,8.55,8.45
20040105,17.0,2383,台光電,0.47,74.28,0.63,8.5,,8.31,3.13,0.0,8.29,0.01,0.0,7.21,0.08,0.0,,,,3258.0,8.5,8.45,8.65,8.5
20040106,3.79,2383,台光電,0.43,73.59,0.58,8.4,,8.31,3.13,0.0,8.29,0.01,0.0,7.53,0.08,5.0,,,,3087.0,8.4,8.4,8.65,8.55
20040107,19.02,2383,台光電,2.47,75.33,3.28,8.8,,8.31,3.13,0.0,8.46,0.01,6.0,7.31,0.08,-4.0,,,,10981.0,8.8,8.45,8.95,8.55
20040108,5.09,2383,台光電,1.14,75.01,1.53,8.8,,8.31,3.13,0.0,8.46,0.01,0.0,7.31,0.08,0.0,,,,5132.0,8.8,8.75,9.0,8.85
20040109,1.35,2383,台光電,0.34,74.13,0.46,8.6,,8.31,3.13,0.0,8.5,0.02,9.0,7.31,0.08,0.0,,,,3770.0,8.6,8.6,8.95,8.95
20040112,7.71,2383,台光電,0.36,73.62,0.49,8.6,,8.31,3.13,0.0,8.5,0.02,0.0,7.25,0.08,-1.0,,,,2647.0,8.6,8.55,8.8,8.7
20040113,2.95,2383,台光電,0.27,72.0,0.37,8.6,,8.31,3.13,0.0,8.5,0.02,0.0,7.25,0.08,0.0,,,,2267.0,8.6,8.55,8.75,8.6
20040114,4.82,2383,台光電,0.26,73.37,0.36,8.65,,8.31,2.47,-1100.0,8.5,0.02,0.0,7.25,0.08,0.0,,,,2678.0,8.65,8.55,8.75,8.6
20040115,0.41,2383,台光電,0.24,72.32,0.34,8.5,,8.31,2.25,-363.0,8.5,0.02,0.0,7.25,0.08,0.0,,,,2467.0,8.5,8.45,8.7,8.7
20040116,0.99,2383,台光電,0.17,70.92,0.23,8.45,,8.31,2.11,-233.0,8.5,0.02,0.0,7.25,0.08,0.0,,,,2026.0,8.45,8.4,8.55,8.5
20040127,3.55,2383,台光電,0.17,71.33,0.23,8.65,,8.31,2.11,0.0,8.5,0.02,0.0,7.25,0.08,0.0,,,,1971.0,8.65,8.5,8.75,8.6
20040128,26.58,2383,台光電,0.06,72.05,0.08,8.8,,8.31,1.51,-1000.0,8.5,0.01,-9.0,7.25,0.08,0.0,,,,4654.0,8.8,8.55,8.95,8.65
20040129,24.2,2383,台光電,0.06,72.78,0.08,8.85,,8.31,1.08,-719.0,8.5,0.01,-3.0,7.25,0.08,0.0,,,,7012.0,8.85,8.7,9.1,8.8
20040130,21.1,2383,台光電,0.07,72.83,0.1,9.1,,8.31,1.08,0.0,8.5,0.01,0.0,7.25,0.08,0.0,,,,7175.0,9.1,8.9,9.3,8.9
20040202,23.55,2383,台光電,0.07,72.74,0.1,9.2,,8.31,1.08,0.0,8.5,0.01,0.0,7.25,0.08,0.0,,,,6280.0,9.2,9.1,9.5,9.25
20040203,1.8,2383,台光電,0.04,71.79,0.05,8.9,,8.31,1.08,0.0,8.5,0.01,-1.0,7.25,0.08,0.0,,,,3109.0,8.9,8.7,9.2,9.2
20040204,5.2,2383,台光電,0.07,69.87,0.11,8.85,,8.31,1.08,0.0,8.5,0.01,0.0,7.25,0.08,0.0,,,,2230.0,8.85,8.85,9.05,9.0
20040205,6.02,2383,台光電,0.18,69.25,0.27,8.95,,8.31,1.08,0.0,8.5,0.01,-1.0,7.25,0.08,0.0,,,,2742.0,8.95,8.8,9.2,8.85
20040206,5.01,2383,台光電,0.12,70.17,0.17,9.15,,8.31,1.08,0.0,8.5,0.01,0.0,7.25,0.08,0.0,,,,3012.0,9.15,9.05,9.25,9.05
20040209,9.59,2383,台光電,0.08,69.77,0.11,9.3,,8.49,1.33,412.0,8.5,0.01,-1.0,7.25,0.08,0.0,,,,6905.0,9.3,9.15,9.5,9.25
20040210,5.9,2383,台光電,0.03,68.66,0.04,9.3,,8.49,1.33,0.0,8.5,0.01,0.0,7.25,0.08,0.0,,,,4238.0,9.3,9.25,9.55,9.4
20040211,19.94,2383,台光電,0.18,70.21,0.26,9.95,,8.49,1.33,0.0,8.5,0.01,0.0,7.25,0.08,0.0,,,,14758.0,9.95,9.35,9.95,9.5
20040212,7.44,2383,台光電,0.3,70.1,0.42,9.85,,8.49,1.08,-412.0,9.08,0.01,9.0,7.63,0.08,5.0,,,,17375.0,9.85,9.75,10.55,10.25
20040213,12.34,2383,台光電,0.28,68.38,0.4,10.05,,8.49,1.08,0.0,9.27,0.02,5.0,7.63,0.08,0.0,,,,5380.0,10.05,9.9,10.25,10.0
20040216,16.95,2383,台光電,0.3,68.95,0.43,10.45,,8.49,1.08,0.0,9.31,0.02,1.0,7.63,0.08,0.0,,,,7530.0,10.45,10.2,10.7,10.45
20040217,13.91,2383,台光電,0.62,69.62,0.88,11.1,,8.49,1.08,0.0,10.13,0.03,23.0,7.63,0.08,0.0,,,,10433.0,11.1,10.6,11.15,10.6
20040218,12.61,2383,台光電,0.58,70.3,0.83,11.3,,8.49,1.08,0.0,10.13,0.03,0.0,7.63,0.08,0.0,,,,11024.0,11.3,11.2,11.65,11.3
20040219,0.72,2383,台光電,0.39,67.36,0.58,10.95,,8.49,1.08,0.0,10.18,0.02,-13.0,7.34,0.08,-5.0,,,,7184.0,10.95,10.7,11.5,11.45
20040220,5.97,2383,台光電,0.39,67.47,0.58,10.85,,8.49,1.08,0.0,10.21,0.02,2.0,7.34,0.08,0.0,,,,4771.0,10.85,10.8,11.2,10.95
20040223,8.46,2383,台光電,0.65,69.38,0.94,11.4,,8.49,1.08,0.0,10.27,0.02,1.0,7.34,0.08,0.0,,,,5437.0,11.4,11.0,11.4,11.0
20040224,27.17,2383,台光電,0.53,68.62,0.77,11.15,,8.49,1.08,0.0,10.43,0.03,9.0,7.34,0.08,0.0,,,,8371.0,11.15,11.1,11.6,11.4
20040225,5.18,2383,台光電,0.5,68.63,0.73,11.1,,8.49,1.08,0.0,10.45,0.03,1.0,7.34,0.08,0.0,,,,3975.0,11.1,11.1,11.4,11.3
20040226,1.0,2383,台光電,0.28,66.89,0.43,10.6,,8.49,0.6,-800.0,10.45,0.02,-22.0,7.34,0.08,0.0,,,,6321.0,10.6,10.55,11.25,11.25
20040227,2.67,2383,台光電,0.15,67.09,0.23,10.4,,8.49,0.01,-1000.0,10.45,0.02,1.0,7.34,0.08,0.0,,,,6821.0,10.4,10.3,10.8,10.6
20040301,1.2,2383,台光電,0.1,66.06,0.15,10.05,,8.49,0.01,0.0,10.41,0.02,3.0,7.34,0.08,0.0,,,,5089.0,10.05,10.05,10.6,10.6
20040302,7.03,2383,台光電,0.14,66.95,0.21,10.3,,8.49,0.01,0.0,10.41,0.02,0.0,7.34,0.08,0.0,,,,4692.0,10.3,10.15,10.4,10.2
20040303,9.99,2383,台光電,0.12,66.68,0.18,10.35,,8.49,0.01,0.0,10.41,0.02,0.0,7.34,0.08,0.0,,,,3634.0,10.35,10.3,10.6,10.4
20040304,10.54,2383,台光電,0.07,66.38,0.11,10.5,,8.49,0.01,0.0,10.41,0.02,1.0,12.31,0.08,61.0,,,,3824.0,10.5,10.35,10.6,10.55
20040305,20.53,2383,台光電,0.18,67.75,0.27,10.7,,8.49,0.01,0.0,10.41,0.02,0.0,17.38,0.08,61.0,,,,9303.0,10.7,10.6,11.1,10.7
20040308,34.62,2383,台光電,0.22,70.2,0.31,11.05,,8.49,0.01,0.0,10.41,0.02,0.0,28.8,0.08,133.0,,,,9500.0,11.05,10.85,11.2,10.9
20040309,31.14,2383,台光電,0.12,70.55,0.17,10.9,,8.49,0.01,0.0,10.41,0.02,0.0,35.15,0.08,75.0,,,,8268.0,10.9,10.85,11.3,11.05
20040310,7.68,2383,台光電,0.11,71.69,0.16,10.9,,8.49,0.01,0.0,10.41,0.02,0.0,36.67,0.08,18.0,,,,5531.0,10.9,10.85,11.3,11.1
20040311,9.74,2383,台光電,0.17,72.47,0.24,10.9,,8.49,0.01,0.0,10.41,0.02,0.0,39.13,0.08,29.0,,,,4320.0,10.9,10.9,11.2,11.0
20040312,17.91,2383,台光電,1.71,77.76,2.2,11.65,,8.49,0.01,0.0,10.41,0.02,0.0,130.98,0.08,1015.0,,,,16556.0,11.65,10.8,11.65,10.8
20040315,5.77,2383,台光電,1.25,77.03,1.63,12.4,,8.49,0.01,0.0,10.41,0.01,-11.0,127.38,0.08,20.0,,,,7396.0,12.4,12.1,12.45,12.1
20040316,0.46,2383,台光電,0.79,75.1,1.05,11.55,,8.49,0.01,0.0,10.41,0.0,-16.0,125.4,0.08,-2.0,,,,10988.0,11.55,11.55,12.95,12.95
20040317,0.52,2383,台光電,0.42,72.86,0.58,10.8,,8.49,0.01,0.0,10.41,0.0,0.0,77.67,0.08,-49.0,,,,5918.0,10.8,10.8,11.75,11.6
20040318,11.84,2383,台光電,0.34,73.34,0.46,11.4,,8.49,0.01,0.0,10.85,0.01,3.0,11.4,0.08,-292.0,,,,4652.0,11.4,10.95,11.5,11.1
20040319,3.62,2383,台光電,0.15,73.08,0.2,11.05,,8.49,0.01,0.0,10.85,0.01,0.0,16.38,0.08,58.0,,,,4950.0,11.05,11.05,11.6,11.4
20040322,0.0,2383,台光電,0.11,72.8,0.15,10.3,,8.49,0.01,0.0,10.85,0.01,0.0,16.38,0.08,0.0,,,,217.0,10.3,10.3,10.3,10.3
20040323,0.0,2383,台光電,0.07,68.76,0.1,9.6,,8.49,0.01,0.0,10.85,0.0,-4.0,16.38,0.08,0.0,,,,5304.0,9.6,9.6,9.9,9.6
20040324,19.48,2383,台光電,0.24,65.68,0.37,9.75,,8.49,0.01,0.0,10.85,0.0,-3.0,16.38,0.08,0.0,,,,5985.0,9.75,9.6,10.05,9.65
20040325,7.87,2383,台光電,0.18,64.78,0.28,9.75,,8.49,0.01,0.0,10.85,0.0,0.0,14.47,0.08,-15.0,,,,2680.0,9.75,9.7,10.05,9.85
20040326,0.27,2383,台光電,0.04,63.02,0.07,9.2,,8.49,0.01,0.0,10.85,0.0,0.0,14.47,0.08,0.0,,,,3702.0,9.2,9.1,9.95,9.85
20040329,10.75,2383,台光電,0.06,63.14,0.09,9.8,,8.49,0.01,0.0,10.85,0.0,-1.0,14.47,0.08,0.0,,,,958.0,9.8,9.55,9.8,9.8
20040330,8.46,2383,台光電,0.16,62.63,0.26,10.45,,10.37,0.13,215.0,10.85,0.0,0.0,14.47,0.08,0.0,,,,2683.0,10.45,10.0,10.45,10.3
20040331,13.29,2383,台光電,0.43,61.29,0.7,10.8,,10.37,0.13,0.0,10.85,0.0,0.0,14.47,0.08,0.0,,,,4282.0,10.8,10.6,11.0,10.7
20040401,13.13,2383,台光電,0.47,61.45,0.76,10.9,,10.37,0.13,0.0,10.85,0.0,0.0,14.47,0.08,0.0,,,,3374.0,10.9,10.7,11.15,10.8
20040402,8.83,2383,台光電,0.47,62.57,0.75,10.8,,10.37,0.11,-44.0,10.85,0.0,0.0,10.8,0.08,-1000.0,,,,4289.0,10.8,10.7,11.25,11.2
20040405,16.0,2383,台光電,0.53,62.13,0.85,11.05,,10.37,0.01,-171.0,10.85,0.0,0.0,10.8,0.08,0.0,,,,3837.0,11.05,10.85,11.2,11.0
20040406,6.1,2383,台光電,0.44,61.88,0.71,10.6,,10.37,0.01,0.0,10.85,0.0,0.0,10.96,0.08,2.0,,,,2949.0,10.6,10.6,11.25,11.2
20040407,15.06,2383,台光電,0.36,61.65,0.59,10.75,,10.37,0.01,0.0,10.85,0.0,0.0,10.96,0.08,0.0,,,,1833.0,10.75,10.65,10.95,10.65
20040408,17.51,2383,台光電,0.36,61.96,0.58,11.05,,10.37,0.01,0.0,10.85,0.0,0.0,10.96,0.08,0.0,,,,4140.0,11.05,10.9,11.25,10.95
20040409,25.59,2383,台光電,0.45,62.26,0.72,11.45,,10.37,0.01,0.0,10.85,0.0,0.0,10.79,0.08,-2.0,,,,7817.0,11.45,11.0,11.5,11.05
20040412,11.6,2383,台光電,0.61,64.83,0.94,12.25,,10.37,0.01,0.0,10.85,0.0,0.0,10.79,0.08,0.0,,,,8808.0,12.25,11.8,12.25,11.9
20040413,13.93,2383,台光電,0.74,64.33,1.16,13.1,,10.37,0.01,0.0,10.85,0.0,0.0,11.81,0.08,10.0,,,,14946.0,13.1,12.5,13.1,12.5
20040414,18.99,2383,台光電,0.94,62.25,1.52,13.65,,10.37,0.01,0.0,13.63,0.09,150.0,11.81,0.08,0.0,,,,12122.0,13.65,13.0,13.7,13.1
20040415,3.36,2383,台光電,0.68,60.25,1.12,12.95,,10.37,0.01,0.0,13.29,0.18,150.0,12.72,0.08,9.0,,,,10229.0,12.95,12.95,14.2,14.0
20040416,0.0,2383,台光電,0.18,59.84,0.3,13.1,,10.37,0.01,0.0,13.26,0.21,50.0,12.72,0.08,0.0,,,,5578.0,13.1,12.9,13.35,13.05
20040419,0.0,2383,台光電,0.0,60.48,0.0,12.5,,10.37,0.01,0.0,13.26,0.21,0.0,12.72,0.08,0.0,,,,5319.0,12.5,12.5,13.3,13.0
20040420,0.0,2383,台光電,0.0,56.71,0.0,12.2,,10.37,0.01,0.0,13.26,0.21,2.0,12.72,0.08,0.0,,,,3219.0,12.2,12.0,12.7,12.65
20040421,0.0,2383,台光電,0.0,55.78,0.0,12.4,,10.37,0.01,0.0,13.26,0.21,0.0,12.72,0.08,0.0,,,,1710.0,12.4,12.1,12.45,12.1
20040422,0.0,2383,台光電,0.0,50.25,0.0,12.55,,10.37,0.01,0.0,13.26,0.21,-2.0,12.72,0.08,0.0,,,,4632.0,12.55,12.1,13.0,12.6
20040423,24.29,2383,台光電,0.35,54.53,0.65,13.15,,13.11,0.36,600.0,13.23,0.24,50.0,12.72,0.08,0.0,,,,11166.0,13.15,12.7,13.3,12.8
20040426,10.22,2383,台光電,0.48,55.23,0.87,13.0,,13.11,0.36,0.0,13.23,0.21,-50.0,13.22,0.08,5.0,,,,6808.0,13.0,12.9,13.5,13.2
20040427,19.04,2383,台光電,0.37,60.75,0.61,13.0,,13.11,0.36,0.0,13.11,0.0,-349.0,13.22,0.08,0.0,,,,16151.0,13.0,12.4,13.55,13.2
20040428,34.92,2383,台光電,1.65,56.09,2.95,13.15,,13.11,0.36,0.0,13.13,0.0,1.0,22.82,0.08,94.0,,,,18903.0,13.15,13.0,13.5,13.1
20040429,4.98,2383,台光電,1.71,53.86,3.18,12.25,,13.11,0.36,0.0,12.91,0.0,1.0,21.05,0.08,-10.0,,,,10264.0,12.25,12.25,13.2,13.0
20040430,0.0,2383,台光電,1.26,51.69,2.45,11.4,,13.11,0.36,0.0,12.61,0.0,1.0,21.05,0.08,0.0,,,,5444.0,11.4,11.4,11.7,11.45
20040503,3.13,2383,台光電,1.44,52.64,2.74,10.8,,12.78,0.42,100.0,12.61,0.0,0.0,18.6,0.08,-15.0,,,,3162.0,10.8,10.7,11.5,11.5
20040504,28.22,2383,台光電,3.96,52.73,7.52,11.0,,12.67,0.45,50.0,12.61,0.0,-3.0,18.6,0.08,0.0,,,,5379.0,11.0,10.5,11.2,11.2
20040505,5.61,2383,台光電,3.08,51.29,6.01,10.25,,12.67,0.45,0.0,12.61,0.0,-1.0,7.91,0.08,-74.0,,,,3476.0,10.25,10.25,11.1,11.0
20040506,10.57,2383,台光電,1.79,50.35,3.56,10.1,,12.67,0.45,0.0,12.61,0.0,0.0,7.05,0.08,-14.0,,,,3661.0,10.1,9.8,10.65,10.35
20040507,19.89,2383,台光電,3.56,50.67,7.03,10.15,,12.67,0.45,0.0,12.61,0.0,0.0,7.05,0.08,0.0,,,,3468.0,10.15,9.8,10.4,9.8
20040510,34.9,2383,台光電,3.41,51.9,6.58,10.3,,12.67,0.45,0.0,12.61,0.0,0.0,3.65,0.08,-62.0,,,,5113.0,10.3,9.8,10.75,10.25
20040511,34.04,2383,台光電,3.31,52.24,6.34,10.95,,12.67,0.45,0.0,12.61,0.0,0.0,3.65,0.08,0.0,,,,8705.0,10.95,10.6,11.0,10.6
20040512,16.64,2383,台光電,2.93,50.74,5.78,10.85,,12.67,0.45,0.0,11.73,0.0,1.0,3.65,0.08,0.0,,,,4921.0,10.85,10.65,11.15,10.85
20040513,27.68,2383,台光電,3.14,51.09,6.15,10.8,,12.67,0.45,0.0,11.73,0.0,0.0,3.65,0.08,0.0,,,,3576.0,10.8,10.75,11.3,11.0
20040514,7.93,2383,台光電,2.84,51.05,5.57,10.3,,12.67,0.45,0.0,11.73,0.0,-1.0,3.17,0.08,-17.0,,,,2296.0,10.3,10.3,11.15,11.1
20040517,0.0,2383,台光電,2.47,49.23,5.02,9.6,,12.67,0.45,0.0,11.73,0.0,0.0,2.78,0.08,-16.0,,,,2053.0,9.6,9.6,10.2,9.6
20040518,22.63,2383,台光電,1.02,48.13,2.12,9.8,,12.67,0.45,0.0,,0.0,-1.0,2.78,0.08,0.0,,,,2758.0,9.8,9.55,9.95,9.6
20040519,16.12,2383,台光電,0.71,48.54,1.47,10.45,,12.67,0.45,0.0,,0.0,0.0,2.48,0.08,-14.0,,,,2233.0,10.45,10.0,10.45,10.15
20040520,12.95,2383,台光電,0.93,48.76,1.91,10.25,,12.67,0.45,0.0,,0.0,0.0,2.11,0.08,-19.0,,,,2123.0,10.25,10.2,10.75,10.3
20040521,24.83,2383,台光電,1.0,49.06,2.04,10.75,,12.67,0.45,0.0,,0.0,0.0,2.11,0.08,0.0,,,,2678.0,10.75,10.3,10.85,10.55
20040524,10.11,2383,台光電,1.22,49.37,2.46,10.7,,12.67,0.43,-40.0,,0.0,0.0,2.11,0.08,0.0,,,,2167.0,10.7,10.4,10.95,10.5
20040525,15.8,2383,台光電,1.37,50.09,2.73,10.65,,12.67,0.25,-300.0,,0.0,0.0,2.36,0.08,3.0,,,,1898.0,10.65,10.6,10.9,10.7
20040526,11.17,2383,台光電,1.52,50.62,3.0,10.7,,12.67,0.13,-205.0,,0.0,0.0,2.36,0.08,0.0,,,,2148.0,10.7,10.7,11.0,11.0
20040527,8.81,2383,台光電,2.82,51.21,5.51,10.7,,12.67,0.13,0.0,,0.0,0.0,2.36,0.08,0.0,,,,1465.0,10.7,10.55,10.85,10.75
20040528,5.92,2383,台光電,3.66,51.36,7.12,10.7,,12.67,0.13,0.0,,0.0,0.0,2.36,0.08,0.0,,,,1554.0,10.7,10.6,10.85,10.8
20040531,4.32,2383,台光電,3.84,50.84,7.55,10.45,,12.67,0.13,0.0,,0.0,0.0,2.36,0.08,0.0,,,,1319.0,10.45,10.3,10.8,10.8
20040601,4.41,2383,台光電,2.05,49.31,4.15,10.3,,12.67,0.13,0.0,,0.0,0.0,2.36,0.08,0.0,,,,1655.0,10.3,10.1,10.5,10.1
20040602,0.0,2383,台光電,1.92,45.64,4.21,9.6,,12.67,0.01,-205.0,,0.0,0.0,2.36,0.08,0.0,,,,2660.0,9.6,9.6,9.8,9.6
20040603,0.0,2383,台光電,1.85,44.73,4.13,9.2,,12.67,0.01,0.0,,0.0,0.0,2.36,0.08,0.0,,,,1381.0,9.2,9.2,9.8,9.6
20040604,0.0,2383,台光電,1.74,43.63,3.98,9.0,,12.67,0.01,0.0,,0.0,0.0,2.36,0.08,0.0,,,,1232.0,9.0,8.65,9.3,9.15
20040607,0.0,2383,台光電,1.72,43.08,3.99,9.35,,12.67,0.01,0.0,,0.0,0.0,2.36,0.08,0.0,,,,830.0,9.35,9.1,9.35,9.1
20040608,0.0,2383,台光電,1.67,42.77,3.91,9.4,,12.67,0.01,0.0,,0.0,0.0,2.36,0.08,0.0,,,,601.0,9.4,9.35,9.6,9.5
20040609,0.0,2383,台光電,1.55,42.44,3.66,9.6,,12.67,0.01,0.0,9.6,0.0,1.0,2.36,0.08,0.0,,,,637.0,9.6,9.4,9.7,9.6
20040610,0.0,2383,台光電,1.43,42.27,3.39,9.55,,12.67,0.01,0.0,9.6,0.0,0.0,2.36,0.08,0.0,,,,625.0,9.55,9.45,9.7,9.65
20040611,0.0,2383,台光電,1.38,41.67,3.32,9.55,,12.67,0.01,0.0,9.6,0.0,0.0,2.36,0.08,0.0,,,,570.0,9.55,9.3,9.75,9.75
20040614,0.0,2383,台光電,1.19,40.8,2.92,9.05,,12.67,0.01,0.0,,0.0,-1.0,2.36,0.08,0.0,,,,669.0,9.05,8.95,9.5,9.45
20040615,0.0,2383,台光電,1.08,40.55,2.66,9.5,,12.67,0.01,0.0,,0.0,0.0,2.36,0.08,0.0,,,,618.0,9.5,8.95,9.5,9.0
20040616,0.0,2383,台光電,1.03,40.32,2.56,9.2,,12.67,0.01,0.0,,0.0,0.0,2.36,0.08,0.0,,,,727.0,9.2,8.9,9.6,9.6
20040617,0.0,2383,台光電,0.54,39.0,1.38,8.75,,12.67,0.01,0.0,,0.0,0.0,2.36,0.08,0.0,,,,2089.0,8.75,8.6,9.2,9.15
20040618,0.0,2383,台光電,0.54,37.6,1.43,8.15,,12.67,0.01,0.0,,0.0,0.0,2.36,0.08,0.0,,,,2243.0,8.15,8.15,8.75,8.75
20040621,0.0,2383,台光電,0.54,36.97,1.45,8.15,,12.67,0.01,0.0,,0.0,0.0,2.36,0.08,0.0,,,,1305.0,8.15,8.15,8.6,8.6
20040623,0.0,2383,台光電,0.46,36.7,1.27,8.3,,12.67,0.01,0.0,,0.0,0.0,2.36,0.08,0.0,,,,1029.0,8.3,8.2,8.5,8.35
20040624,0.0,2383,台光電,0.46,36.68,1.27,8.55,,12.67,0.01,0.0,,0.0,0.0,2.36,0.08,0.0,,,,962.0,8.55,8.3,8.6,8.4
20040625,0.0,2383,台光電,0.46,36.61,1.27,8.65,,12.67,0.01,0.0,,0.0,0.0,2.36,0.08,0.0,,,,659.0,8.65,8.55,8.8,8.55
20040628,0.0,2383,台光電,0.34,36.26,0.95,8.8,,12.67,0.01,0.0,,0.0,0.0,2.36,0.08,0.0,,,,1051.0,8.8,8.6,8.8,8.8
20040629,0.0,2383,台光電,0.34,36.21,0.95,8.8,,12.67,0.01,0.0,,0.0,0.0,2.36,0.08,0.0,,,,686.0,8.8,8.7,8.9,8.85
20040630,0.0,2383,台光電,0.34,35.9,0.96,8.8,,12.67,0.01,0.0,,0.0,0.0,2.36,0.08,0.0,,,,1102.0,8.8,8.6,9.0,8.8
20040701,0.0,2383,台光電,0.34,35.76,0.96,8.75,,12.67,0.01,0.0,,0.0,0.0,2.36,0.08,0.0,,,,714.0,8.75,8.6,8.85,8.85
20040702,0.0,2383,台光電,0.34,35.68,0.97,8.55,,12.67,0.01,0.0,,0.0,0.0,2.36,0.08,0.0,,,,535.0,8.55,8.45,8.75,8.65
20040705,0.0,2383,台光電,0.34,35.54,0.97,8.15,,12.67,0.01,0.0,,0.0,0.0,2.36,0.08,0.0,,,,325.0,8.15,8.15,8.6,8.6
20040706,0.0,2383,台光電,0.34,35.51,0.97,8.35,,12.67,0.01,0.0,,0.0,0.0,2.36,0.08,0.0,,,,258.0,8.35,8.15,8.4,8.15
20040707,0.0,2383,台光電,0.34,35.31,0.98,8.9,,12.67,0.01,0.0,,0.0,0.0,2.36,0.08,0.0,,,,1566.0,8.9,8.15,8.9,8.15
20040708,0.0,2383,台光電,0.34,35.28,0.98,8.85,,12.67,0.01,0.0,,0.0,0.0,2.36,0.08,0.0,,,,1169.0,8.85,8.7,9.25,9.25
20040709,0.0,2383,台光電,0.32,35.23,0.91,8.85,,12.67,0.01,0.0,,0.0,0.0,2.36,0.08,0.0,,,,678.0,8.85,8.6,9.0,8.85
20040712,0.0,2383,台光電,0.32,34.94,0.92,9.1,,12.67,0.01,0.0,,0.0,0.0,2.36,0.08,0.0,,,,1447.0,9.1,8.95,9.45,9.15
20040713,0.0,2383,台光電,0.32,34.53,0.93,9.1,,12.67,0.01,0.0,,0.0,0.0,2.36,0.08,0.0,,,,894.0,9.1,9.1,9.3,9.1
20040714,0.0,2383,台光電,0.32,34.31,0.94,9.1,,12.67,0.01,0.0,,0.0,0.0,2.36,0.08,0.0,,,,1018.0,9.1,8.8,9.25,9.1
20040715,0.0,2383,台光電,0.3,34.17,0.87,9.05,,12.67,0.01,0.0,,0.0,0.0,2.43,0.08,1.0,,,,1054.0,9.05,8.95,9.2,9.1
20040716,0.0,2383,台光電,0.3,33.76,0.88,9.65,,12.67,0.01,0.0,9.65,0.0,1.0,2.58,0.08,2.0,,,,3670.0,9.65,9.1,9.65,9.15
20040719,0.0,2383,台光電,0.3,33.51,0.89,9.95,,12.67,0.01,0.0,9.65,0.0,0.0,2.58,0.08,0.0,,,,4781.0,9.95,9.55,9.95,9.85
20040720,0.0,2383,台光電,0.28,32.52,0.88,9.4,,12.67,0.01,0.0,9.65,0.0,0.0,2.58,0.08,0.0,,,,3262.0,9.4,9.35,10.15,10.15
20040721,0.0,2383,台光電,0.28,32.18,0.89,10.05,,12.67,0.01,0.0,9.65,0.0,0.0,2.58,0.08,0.0,,,,3572.0,10.05,9.65,10.05,9.95
20040722,0.0,2383,台光電,0.28,31.53,0.9,10.7,,12.67,0.01,0.0,9.65,0.0,0.0,2.52,0.08,-3.0,,,,5609.0,10.7,9.95,10.7,10.15
20040723,0.0,2383,台光電,0.26,31.17,0.84,10.2,,12.67,0.01,0.0,9.65,0.0,0.0,2.52,0.08,0.0,,,,3622.0,10.2,10.05,10.9,10.7
20040726,0.0,2383,台光電,0.26,30.97,0.84,9.6,,12.67,0.01,0.0,9.65,0.0,0.0,2.52,0.08,0.0,,,,1699.0,9.6,9.55,10.0,9.55
20040727,0.0,2383,台光電,0.26,30.97,0.84,9.9,,12.67,0.01,0.0,9.85,0.0,4.0,2.52,0.08,0.0,,,,1585.0,9.9,9.6,9.95,9.8
20040728,0.0,2383,台光電,0.26,30.83,0.85,9.6,,12.67,0.01,0.0,9.85,0.0,0.0,2.97,0.08,6.0,,,,1159.0,9.6,9.6,10.2,10.2
20040729,0.0,2383,台光電,0.26,30.77,0.85,9.6,,12.67,0.01,0.0,9.85,0.0,-1.0,2.97,0.08,0.0,,,,853.0,9.6,9.6,9.9,9.6
20040730,0.0,2383,台光電,0.26,30.76,0.85,9.65,,12.67,0.01,0.0,9.8,0.0,0.0,2.97,0.08,0.0,,,,998.0,9.65,9.6,9.9,9.9
20040802,0.0,2383,台光電,0.26,30.71,0.85,9.3,,12.67,0.01,0.0,9.8,0.0,-2.0,2.97,0.08,0.0,,,,855.0,9.3,9.05,9.8,9.65
20040803,0.0,2383,台光電,0.21,30.7,0.69,9.15,,12.67,0.01,0.0,9.8,0.0,0.0,2.97,0.08,0.0,,,,940.0,9.15,9.05,9.5,9.3
20040804,0.0,2383,台光電,0.21,30.53,0.7,8.7,,12.67,0.01,0.0,9.8,0.0,-1.0,0.31,0.73,-2.0,,,,1110.0,8.7,8.7,9.1,8.9
20040805,0.0,2383,台光電,0.21,30.47,0.7,9.3,,12.67,0.01,0.0,9.3,0.0,0.0,0.31,0.73,0.0,,,,1632.0,9.3,8.45,9.3,8.8
20040806,0.0,2383,台光電,0.21,30.43,0.7,9.0,,12.67,0.01,0.0,9.15,0.0,1.0,0.31,0.73,0.0,,,,1240.0,9.0,9.0,9.4,9.0
20040809,0.0,2383,台光電,0.21,30.42,0.7,9.2,,12.67,0.01,0.0,9.15,0.0,-1.0,0.31,0.73,0.0,,,,541.0,9.2,8.7,9.2,8.7
20040810,0.0,2383,台光電,0.21,30.42,0.7,9.15,,12.67,0.01,0.0,9.15,0.0,0.0,0.31,0.73,0.0,,,,604.0,9.15,9.1,9.3,9.2
20040811,0.0,2383,台光電,0.21,30.38,0.7,9.2,,12.67,0.01,0.0,9.15,0.0,0.0,0.31,0.73,0.0,,,,1083.0,9.2,9.15,9.4,9.35
20040812,0.0,2383,台光電,0.21,30.26,0.7,9.8,,12.67,0.01,0.0,9.15,0.0,0.0,0.31,0.73,0.0,,,,1480.0,9.8,9.2,9.8,9.4
20040813,0.0,2383,台光電,0.21,30.25,0.7,9.8,,12.67,0.01,0.0,9.15,0.0,0.0,0.31,0.73,0.0,,,,2277.0,9.8,9.55,10.0,9.7
20040816,0.0,2383,台光電,0.21,30.18,0.71,9.65,,12.67,0.01,0.0,9.15,0.0,0.0,0.31,0.73,-3.0,,,,749.0,9.65,9.6,9.9,9.9
20040817,0.0,2383,台光電,0.21,30.11,0.71,9.6,,12.67,0.01,0.0,,0.0,-1.0,0.31,0.73,0.0,,,,995.0,9.6,9.6,9.85,9.7
20040818,0.0,2383,台光電,0.21,29.74,0.72,9.0,,12.67,0.01,0.0,,0.0,0.0,0.31,0.73,0.0,,,,2110.0,9.0,8.95,9.4,9.4
20040819,0.0,2383,台光電,0.21,29.73,0.72,9.5,,12.67,0.01,0.0,,0.0,0.0,0.31,0.73,0.0,,,,1162.0,9.5,9.0,9.5,9.15
20040820,0.0,2383,台光電,0.21,29.72,0.72,9.3,,12.67,0.01,0.0,,0.0,0.0,0.31,0.73,0.0,,,,1280.0,9.3,9.3,9.55,9.5
20040823,0.0,2383,台光電,0.21,29.69,0.72,9.4,,12.67,0.01,0.0,,0.0,0.0,0.31,0.73,0.0,,,,1246.0,9.4,9.2,9.55,9.35
20040826,0.0,2383,台光電,0.21,29.55,0.72,10.05,,12.67,0.01,0.0,,0.0,0.0,0.31,0.73,0.0,,,,3838.0,10.05,9.7,10.05,9.7
20040827,0.0,2383,台光電,0.21,29.52,0.72,10.3,,12.67,0.01,0.0,10.3,0.0,1.0,0.31,0.73,0.0,,,,4473.0,10.3,10.05,10.4,10.1
20040830,0.0,2383,台光電,0.21,29.32,0.73,10.4,,12.67,0.01,0.0,10.3,0.0,0.0,0.31,0.73,0.0,,,,3381.0,10.4,10.3,10.6,10.5
20040831,0.0,2383,台光電,0.21,29.21,0.73,10.2,,12.67,0.01,0.0,10.22,0.0,5.0,0.31,0.73,0.0,,,,2405.0,10.2,10.15,10.6,10.3
20040901,0.0,2383,台光電,0.21,29.06,0.73,10.3,,12.67,0.01,0.0,10.24,0.0,2.0,0.31,0.73,0.0,,,,1790.0,10.3,10.2,10.45,10.2
20040902,0.0,2383,台光電,0.21,28.93,0.74,10.75,,12.67,0.01,0.0,10.24,0.0,-1.0,0.31,0.73,-1.0,,,,3540.0,10.75,10.4,10.8,10.45
20040903,0.0,2383,台光電,0.21,28.15,0.76,10.7,,12.67,0.01,0.0,10.3,0.0,1.0,0.31,0.73,0.0,,,,3720.0,10.7,10.65,11.3,11.0
20040906,0.0,2383,台光電,0.21,27.81,0.77,11.4,,12.67,0.01,0.0,10.52,0.01,2.0,0.31,0.73,0.0,,,,3782.0,11.4,10.6,11.4,10.7
20040907,0.0,2383,台光電,0.21,26.97,0.79,11.65,,12.67,0.01,0.0,10.89,0.0,-4.0,0.31,0.73,0.0,,,,6965.0,11.65,11.65,12.0,11.85
20040908,0.0,2383,台光電,0.21,26.6,0.8,11.5,,12.67,0.01,0.0,10.89,0.0,-2.0,5.34,1.33,1000.0,,,,4681.0,11.5,11.1,11.7,11.65
20040909,0.0,2383,台光電,0.21,26.47,0.81,11.6,,12.67,0.01,0.0,10.89,0.0,0.0,5.34,1.33,0.0,,,,2488.0,11.6,11.45,11.9,11.55
20040910,0.0,2383,台光電,0.21,26.14,0.82,11.45,,12.67,0.01,0.0,10.89,0.0,-1.0,5.34,1.33,0.0,,,,3406.0,11.45,11.45,11.95,11.75
20040913,0.0,2383,台光電,0.21,25.43,0.84,11.7,,12.67,0.01,0.0,10.89,0.0,0.0,5.34,1.33,0.0,,,,4032.0,11.7,11.1,11.7,11.45
20040914,0.0,2383,台光電,0.21,25.12,0.85,11.7,,12.67,0.01,0.0,10.89,0.0,0.0,5.34,1.33,0.0,,,,4260.0,11.7,11.6,11.95,11.7
20040915,0.0,2383,台光電,0.21,23.94,0.89,12.1,,12.67,0.01,0.0,10.89,0.0,0.0,5.34,1.33,0.0,,,,7131.0,12.1,11.8,12.35,11.9
20040916,0.0,2383,台光電,0.21,23.71,0.9,12.1,,12.67,0.01,0.0,10.89,0.0,-1.0,5.34,1.33,0.0,,,,1926.0,12.1,11.8,12.1,11.95
20040917,0.0,2383,台光電,0.21,23.45,0.91,11.3,,12.67,0.01,0.0,10.89,0.0,0.0,4.8,1.33,-226.0,,,,2840.0,11.3,11.3,12.3,12.0
20040920,0.0,2383,台光電,0.21,23.19,0.92,10.75,,12.67,0.01,0.0,10.89,0.0,0.0,5.42,1.03,-274.0,,,,5240.0,10.75,10.55,11.45,11.3
20040921,0.0,2383,台光電,0.21,23.16,0.92,11.2,,12.67,0.01,0.0,10.89,0.0,0.0,5.42,0.73,-500.0,,,,3640.0,11.2,10.85,11.45,11.2
20040922,0.0,2383,台光電,0.21,22.97,0.93,11.4,,12.67,0.01,0.0,10.89,0.0,-1.0,5.42,0.73,0.0,,,,2430.0,11.4,11.1,11.6,11.2
20040923,0.0,2383,台光電,0.21,22.9,0.93,11.75,,12.67,0.01,0.0,10.89,0.0,0.0,5.42,0.73,0.0,,,,2271.0,11.75,11.3,11.75,11.4
20040924,0.0,2383,台光電,0.21,22.87,0.93,11.55,,12.67,0.01,0.0,,0.0,-1.0,5.42,0.73,0.0,,,,2808.0,11.55,11.45,11.9,11.85
20040927,0.0,2383,台光電,0.21,22.75,0.94,10.75,,12.67,0.01,0.0,,0.0,0.0,5.42,0.73,0.0,,,,2286.0,10.75,10.75,11.3,11.05
20040929,0.0,2383,台光電,0.21,22.75,0.94,10.25,,12.67,0.01,0.0,10.25,0.0,1.0,5.42,0.73,0.0,,,,3216.0,10.25,10.1,10.5,10.3
20040930,0.0,2383,台光電,0.21,22.67,0.94,10.3,,12.67,0.01,0.0,10.28,0.0,2.0,5.42,0.73,0.0,,,,1396.0,10.3,10.25,10.55,10.45
20041001,0.0,2383,台光電,0.21,22.67,0.94,10.95,,12.67,0.01,0.0,10.45,0.0,1.0,5.42,0.73,0.0,,,,2351.0,10.95,10.5,10.95,10.7
20041004,4.65,2383,台光電,0.06,26.72,0.22,11.3,,12.67,0.01,0.0,11.04,0.01,9.0,5.42,0.73,0.0,,,,3309.0,11.3,11.15,11.35,11.2
20041005,9.93,2383,台光電,0.09,27.56,0.32,11.35,,12.67,0.01,0.0,11.08,0.01,1.0,5.73,0.77,66.0,,,,2598.0,11.35,11.2,11.6,11.3
20041006,4.51,2383,台光電,0.09,30.32,0.29,11.3,,12.67,0.01,0.0,11.13,0.01,1.0,5.8,0.78,16.0,,,,3500.0,11.3,11.3,11.55,11.5
20041007,0.46,2383,台光電,0.14,30.81,0.44,11.25,,12.67,0.01,0.0,11.15,0.01,2.0,5.84,0.78,12.0,,,,1739.0,11.25,11.1,11.55,11.55
20041008,0.98,2383,台光電,0.15,31.64,0.48,11.25,,12.67,0.01,0.0,11.19,0.02,10.0,5.84,0.78,0.0,,,,1524.0,11.25,11.0,11.35,11.2
20041011,0.0,2383,台光電,0.11,31.98,0.36,11.15,,12.67,0.01,0.0,11.18,0.02,3.0,5.95,0.8,27.0,,,,962.0,11.15,11.0,11.3,11.3
20041012,0.0,2383,台光電,0.11,32.84,0.35,11.15,,12.67,0.01,0.0,11.18,0.02,2.0,5.95,0.8,0.0,,,,1184.0,11.15,10.85,11.15,11.05
20041013,38.95,2383,台光電,0.16,36.19,0.44,11.45,,12.67,0.01,0.0,11.21,0.02,4.0,6.1,0.82,37.0,,,,5677.0,11.45,11.0,11.75,11.15
20041014,0.05,2383,台光電,0.07,36.66,0.18,11.1,,12.67,0.01,0.0,11.21,0.02,0.0,6.1,0.82,0.0,,,,1960.0,11.1,11.0,11.55,11.45
20041015,0.55,2383,台光電,0.07,37.16,0.18,10.75,,12.67,0.01,0.0,11.18,0.02,-3.0,6.1,0.82,0.0,,,,1622.0,10.75,10.5,11.2,10.95
20041018,1.38,2383,台光電,0.07,37.07,0.18,10.5,,12.67,0.01,0.0,11.16,0.02,0.0,6.1,0.82,0.0,,,,871.0,10.5,10.5,10.95,10.75
20041019,9.8,2383,台光電,0.07,38.01,0.18,10.7,,12.67,0.01,0.0,11.16,0.02,0.0,6.1,0.82,0.0,,,,1419.0,10.7,10.5,10.7,10.6
20041020,0.0,2383,台光電,0.07,38.41,0.18,10.45,,12.67,0.01,0.0,11.16,0.01,-8.0,6.1,0.82,0.0,,,,963.0,10.45,10.35,10.75,10.7
20041021,24.96,2383,台光電,0.08,39.81,0.2,10.45,,12.67,0.01,0.0,11.16,0.01,-1.0,6.1,0.81,-23.0,,,,2267.0,10.45,10.4,10.7,10.45
20041022,1.09,2383,台光電,0.3,40.4,0.74,10.1,,12.67,0.01,0.0,11.16,0.01,0.0,6.1,0.81,0.0,,,,1287.0,10.1,10.1,10.65,10.5
20041026,0.0,2383,台光電,0.01,40.12,0.02,9.8,,12.67,0.01,0.0,11.1,0.01,-2.0,6.1,0.81,0.0,,,,1028.0,9.8,9.6,10.0,9.9
20041027,1.23,2383,台光電,0.02,40.18,0.05,9.85,,12.67,0.01,0.0,11.0,0.01,2.0,6.1,0.81,0.0,,,,729.0,9.85,9.6,9.85,9.8
20041028,5.16,2383,台光電,0.02,40.25,0.05,10.0,,12.67,0.01,0.0,11.0,0.01,-2.0,6.1,0.81,0.0,,,,1163.0,10.0,10.0,10.15,10.05
20041029,1.87,2383,台光電,0.14,40.35,0.34,10.0,,10.67,0.02,27.0,10.95,0.01,1.0,6.1,0.81,0.0,,,,856.0,10.0,9.7,10.1,10.1
20041101,14.56,2383,台光電,0.07,41.09,0.17,10.2,,10.67,0.02,0.0,10.95,0.01,0.0,6.1,0.81,0.0,,,,1894.0,10.2,10.0,10.6,10.6
20041102,6.96,2383,台光電,0.17,41.61,0.4,10.45,,10.67,0.02,0.0,10.95,0.01,0.0,6.1,0.8,-12.0,,,,992.0,10.45,10.2,10.45,10.4
20041103,12.06,2383,台光電,0.17,42.13,0.4,10.8,,10.67,0.02,0.0,10.95,0.01,0.0,6.1,0.8,0.0,,,,2263.0,10.8,10.3,10.85,10.5
20041104,23.74,2383,台光電,0.16,43.08,0.37,10.8,,10.67,0.02,0.0,10.95,0.01,-2.0,6.1,0.78,-41.0,,,,2843.0,10.8,10.6,11.0,10.8
20041105,5.05,2383,台光電,0.25,45.29,0.56,11.2,,10.67,0.02,0.0,11.19,0.49,802.0,6.1,0.77,-16.0,,,,5486.0,11.2,11.0,11.3,11.1
20041108,0.0,2383,台光電,0.22,46.01,0.47,11.2,,10.67,0.02,-1.0,11.19,0.49,0.0,6.1,0.77,0.0,,,,2616.0,11.2,10.9,11.25,11.2
20041109,0.09,2383,台光電,0.18,46.64,0.39,11.0,,10.67,0.02,0.0,11.19,0.49,0.0,6.1,0.77,0.0,,,,1137.0,11.0,10.9,11.25,11.1
20041110,10.04,2383,台光電,0.27,48.22,0.56,11.4,,10.67,0.02,0.0,11.21,0.52,50.0,6.1,0.77,0.0,,,,3126.0,11.4,11.0,11.4,11.05
20041111,0.0,2383,台光電,0.27,49.7,0.54,11.2,,10.67,0.02,0.0,11.21,0.52,1.0,6.1,0.77,0.0,,,,1455.0,11.2,11.1,11.4,11.4
20041112,4.62,2383,台光電,0.25,48.64,0.51,11.15,,10.67,0.02,0.0,11.21,0.52,1.0,6.1,0.77,0.0,,,,1774.0,11.15,11.15,11.35,11.25
20041115,1.68,2383,台光電,0.32,48.67,0.65,10.8,,10.67,0.02,0.0,11.2,0.53,2.0,6.1,0.77,0.0,,,,1129.0,10.8,10.8,11.3,11.15
20041116,37.98,2383,台光電,0.34,48.91,0.7,11.15,,10.67,0.02,0.0,11.2,0.53,0.0,6.1,0.77,0.0,,,,1780.0,11.15,10.8,11.15,10.8
20041117,16.61,2383,台光電,0.63,52.49,1.2,11.6,,10.69,0.02,1.0,11.2,0.53,0.0,6.22,0.79,30.0,,,,7503.0,11.6,11.1,11.7,11.15
20041118,2.25,2383,台光電,1.43,52.63,2.71,11.5,,10.69,0.02,0.0,11.22,0.56,53.0,6.24,0.79,4.0,,,,3997.0,11.5,11.45,11.75,11.6
20041119,15.0,2383,台光電,1.76,52.25,3.37,11.5,,10.69,0.02,0.0,11.22,0.56,0.0,6.3,0.8,16.0,,,,2840.0,11.5,11.35,11.6,11.5
20041122,0.0,2383,台光電,1.59,51.19,3.11,11.15,,10.69,0.02,0.0,11.22,0.55,-5.0,6.3,0.8,0.0,,,,1635.0,11.15,11.1,11.4,11.4
20041123,0.0,2383,台光電,1.57,50.96,3.08,10.8,,10.69,0.02,0.0,11.22,0.55,-2.0,6.33,0.8,8.0,,,,1632.0,10.8,10.6,11.3,11.2
20041124,38.35,2383,台光電,1.7,51.7,3.29,10.9,,10.69,0.02,0.0,11.22,0.55,0.0,6.33,0.8,0.0,,,,1888.0,10.9,10.85,11.15,10.9
20041125,1.19,2383,台光電,1.44,51.25,2.81,10.9,,10.69,0.02,0.0,11.22,0.55,-1.0,6.33,0.8,0.0,,,,926.0,10.9,10.6,11.0,11.0
20041126,4.78,2383,台光電,1.38,51.18,2.7,10.75,,10.69,0.02,0.0,11.22,0.55,-4.0,6.4,0.82,22.0,,,,1026.0,10.75,10.65,11.0,11.0
20041129,0.0,2383,台光電,1.32,50.37,2.62,10.6,,10.69,0.02,1.0,11.22,0.55,-1.0,6.45,0.82,14.0,,,,824.0,10.6,10.25,10.75,10.75
20041130,0.0,2383,台光電,1.13,50.45,2.23,10.5,,10.69,0.02,0.0,11.22,0.55,-1.0,6.45,0.82,0.0,,,,755.0,10.5,10.3,10.6,10.3
20041201,6.76,2383,台光電,0.4,49.98,0.79,10.7,,10.69,0.02,0.0,11.22,0.55,-5.0,6.45,0.82,-12.0,,,,1080.0,10.7,10.35,10.7,10.35
20041202,1.52,2383,台光電,0.75,50.24,1.5,10.55,,10.69,0.02,0.0,11.22,0.46,-150.0,6.45,0.82,0.0,,,,857.0,10.55,10.55,10.9,10.9
20041203,2.86,2383,台光電,0.68,50.35,1.34,10.65,,10.69,0.02,0.0,11.22,0.4,-100.0,6.45,0.82,0.0,,,,523.0,10.65,10.5,10.65,10.6
20041206,4.07,2383,台光電,0.66,50.51,1.31,10.7,,10.69,0.02,0.0,11.22,0.4,-1.0,6.45,0.82,0.0,,,,491.0,10.7,10.55,10.7,10.6
20041207,0.0,2383,台光電,0.41,50.52,0.81,10.6,,10.69,0.02,0.0,11.22,0.36,-51.0,6.45,0.8,-20.0,,,,477.0,10.6,10.55,10.7,10.6
20041208,0.0,2383,台光電,0.33,50.23,0.65,10.45,,10.69,0.02,0.0,11.22,0.36,0.0,6.45,0.8,0.0,,,,386.0,10.45,10.4,10.55,10.55
20041209,3.55,2383,台光電,0.33,50.1,0.66,10.4,,10.69,0.02,0.0,11.22,0.36,0.0,6.45,0.8,-4.0,,,,366.0,10.4,10.4,10.6,10.45
20041210,14.73,2383,台光電,0.33,49.77,0.65,10.4,,10.69,0.02,0.0,11.22,0.36,-2.0,6.45,0.8,0.0,,,,550.0,10.4,10.3,10.5,10.4
20041213,3.66,2383,台光電,0.31,49.53,0.62,10.45,,10.69,0.02,0.0,11.22,0.36,0.0,6.45,0.8,-4.0,,,,519.0,10.45,10.45,10.7,10.6
20041214,4.86,2383,台光電,0.23,49.57,0.46,10.55,,10.69,0.02,0.0,11.22,0.36,0.0,6.45,0.8,0.0,,,,329.0,10.55,10.45,10.6,10.5
20041215,2.63,2383,台光電,0.34,49.6,0.68,10.65,,10.69,0.02,0.0,11.22,0.36,0.0,6.45,0.8,0.0,,,,1254.0,10.65,10.55,10.65,10.6
20041216,6.61,2383,台光電,0.21,50.56,0.41,10.75,,10.69,0.02,0.0,11.22,0.36,-2.0,6.45,0.8,0.0,,,,1407.0,10.75,10.65,10.9,10.7
20041217,3.49,2383,台光電,0.23,51.47,0.44,10.95,,10.69,0.02,0.0,11.22,0.37,11.0,6.45,0.8,0.0,,,,1889.0,10.95,10.7,10.95,10.7
20041220,0.0,2383,台光電,0.21,51.69,0.4,10.85,,10.69,0.02,0.0,11.21,0.37,10.0,6.45,0.8,0.0,,,,696.0,10.85,10.7,10.9,10.9
20041221,0.0,2383,台光電,0.22,52.47,0.41,10.85,,10.69,0.02,0.0,11.2,0.38,10.0,6.45,0.8,0.0,,,,1379.0,10.85,10.6,10.85,10.8
20041222,31.28,2383,台光電,0.21,53.08,0.4,10.8,,10.69,0.02,0.0,11.2,0.38,0.0,6.45,0.8,0.0,,,,2320.0,10.8,10.75,11.1,10.95
20041223,0.0,2383,台光電,0.21,52.4,0.41,10.6,,10.69,0.02,0.0,11.19,0.39,10.0,6.45,0.8,0.0,,,,926.0,10.6,10.6,10.9,10.8
20041224,2.89,2383,台光電,0.2,52.5,0.39,10.7,,10.69,0.02,-1.0,11.19,0.39,1.0,6.45,0.8,-4.0,,,,656.0,10.7,10.6,10.7,10.6
20041227,0.0,2383,台光電,0.21,52.41,0.39,10.65,,10.69,0.02,0.0,11.19,0.39,0.0,6.45,0.8,0.0,,,,701.0,10.65,10.55,10.75,10.7
20041228,1.6,2383,台光電,0.24,52.49,0.46,10.6,,10.69,0.02,0.0,11.19,0.39,0.0,6.46,0.8,2.0,,,,375.0,10.6,10.55,10.7,10.6
20041229,11.15,2383,台光電,0.2,53.48,0.38,10.9,,10.69,0.02,0.0,11.19,0.39,1.0,6.5,0.81,12.0,,,,2547.0,10.9,10.7,11.05,10.7
20041230,7.28,2383,台光電,0.26,53.81,0.49,11.0,,10.69,0.02,0.0,11.19,0.39,0.0,6.53,0.81,10.0,,,,3901.0,11.0,10.9,11.15,11.1
20041231,0.36,2383,台光電,0.1,54.92,0.17,10.9,,10.69,0.02,0.0,11.19,0.29,-169.0,6.57,0.82,12.0,,,,1953.0,10.9,10.75,11.05,11.0
20050103,2.09,2383,台光電,0.09,54.62,0.17,10.95,,10.69,0.02,0.0,11.19,0.29,3.0,6.57,0.81,-10.0,,,,1195.0,10.95,10.85,11.0,10.9
20050104,37.23,2383,台光電,0.07,56.82,0.13,10.95,,10.69,0.02,0.0,11.19,0.26,-51.0,6.59,0.82,8.0,,,,5421.0,10.95,10.8,11.2,10.9
20050105,0.0,2383,台光電,0.04,55.17,0.07,10.2,,10.69,0.02,-1.0,11.19,0.22,-70.0,6.59,0.82,0.0,,,,2735.0,10.2,10.2,10.95,10.9
20050106,0.0,2383,台光電,0.03,54.58,0.05,9.5,,10.69,0.02,0.0,11.19,0.05,-284.0,6.61,0.82,9.0,,,,3556.0,9.5,9.5,9.9,9.5
20050107,0.0,2383,台光電,0.03,53.39,0.05,8.95,,10.69,0.02,0.0,10.71,0.01,-63.0,6.63,0.83,8.0,,,,4528.0,8.95,8.85,9.4,9.0
20050110,11.38,2383,台光電,0.28,53.23,0.53,8.75,,10.69,0.02,0.0,10.71,0.01,0.0,6.63,0.83,0.0,,,,1450.0,8.75,8.6,9.1,8.95
20050111,11.58,2383,台光電,0.67,53.1,1.26,8.8,,10.69,0.02,0.0,10.71,0.01,0.0,6.64,0.83,6.0,,,,1485.0,8.8,8.7,8.9,8.9
20050112,13.29,2383,台光電,0.85,52.94,1.6,8.8,,10.69,0.02,0.0,10.71,0.01,-5.0,6.64,0.83,0.0,,,,1294.0,8.8,8.7,9.0,8.75
20050113,3.74,2383,台光電,0.91,52.2,1.74,8.2,,10.69,0.02,0.0,10.71,0.0,-1.0,6.64,0.83,0.0,,,,1470.0,8.2,8.2,8.95,8.8
20050114,0.0,2383,台光電,0.9,50.86,1.76,7.65,,10.69,0.02,0.0,10.71,0.0,0.0,6.64,0.83,4.0,,,,1347.0,7.65,7.65,7.65,7.65
20050117,1.34,2383,台光電,0.7,50.57,1.38,7.5,,10.69,0.02,0.0,10.71,0.0,0.0,6.64,0.83,-1.0,,,,6584.0,7.5,7.25,7.65,7.25
20050118,0.59,2383,台光電,0.72,49.01,1.46,7.0,,10.69,0.02,0.0,10.71,0.0,0.0,6.64,0.83,0.0,,,,3409.0,7.0,7.0,7.5,7.5
20050119,24.74,2383,台光電,3.05,51.12,5.96,7.2,,10.69,0.02,0.0,10.71,0.0,0.0,6.64,0.83,0.0,,,,7707.0,7.2,6.9,7.4,7.0
20050120,20.51,2383,台光電,3.27,48.49,6.74,7.6,,10.69,0.02,0.0,10.71,0.0,0.0,6.64,0.83,0.0,,,,5856.0,7.6,7.15,7.6,7.2
20050121,0.74,2383,台光電,3.26,48.38,6.75,7.35,,10.69,0.02,0.0,10.71,0.0,-2.0,6.64,0.83,0.0,,,,1611.0,7.35,7.35,7.65,7.65
20050124,1.91,2383,台光電,3.31,49.22,6.72,7.15,,10.69,0.02,0.0,10.71,0.0,0.0,6.64,0.83,0.0,,,,1410.0,7.15,7.15,7.45,7.35
20050125,18.32,2383,台光電,3.33,48.59,6.85,7.2,,10.69,0.02,0.0,10.71,0.0,0.0,6.64,0.83,0.0,,,,1659.0,7.2,7.1,7.25,7.1
20050126,4.79,2383,台光電,3.32,47.8,6.95,7.25,,10.69,0.02,0.0,10.71,0.0,0.0,6.64,0.83,0.0,,,,1274.0,7.25,7.25,7.4,7.25
20050127,19.75,2383,台光電,3.28,48.24,6.81,7.55,,10.69,0.02,0.0,10.71,0.0,0.0,6.64,0.83,0.0,,,,2424.0,7.55,7.3,7.6,7.3
20050128,5.83,2383,台光電,2.94,47.38,6.21,7.6,,10.69,0.02,0.0,10.71,0.0,0.0,6.64,0.83,0.0,,,,1870.0,7.6,7.4,7.65,7.6
20050131,7.77,2383,台光電,2.81,46.76,6.02,7.7,,10.69,0.02,0.0,10.71,0.0,-2.0,6.61,0.84,-6.0,,,,1956.0,7.7,7.6,7.95,7.6
20050201,12.38,2383,台光電,2.12,45.46,4.67,7.7,,10.69,0.02,0.0,10.71,0.0,0.0,6.64,0.83,0.0,,,,1696.0,7.7,7.55,7.8,7.8
20050202,11.66,2383,台光電,2.05,46.34,4.42,7.8,,10.69,0.01,-26.0,10.71,0.0,-1.0,6.64,0.83,0.0,,,,2829.0,7.8,7.75,8.1,7.75
20050203,6.56,2383,台光電,1.93,45.62,4.24,7.85,,10.69,0.01,0.0,10.71,0.0,0.0,6.64,0.83,0.0,,,,1387.0,7.85,7.85,8.05,7.9
20050214,1.72,2383,台光電,1.76,45.59,3.86,7.9,,10.69,0.01,0.0,8.95,0.0,5.0,6.64,0.83,0.0,,,,1393.0,7.9,7.85,8.05,8.05
20050215,4.17,2383,台光電,1.53,45.14,3.38,7.9,,10.69,0.01,0.0,8.95,0.0,0.0,6.64,0.83,0.0,,,,768.0,7.9,7.85,8.0,8.0
20050216,22.36,2383,台光電,1.38,46.67,2.96,8.45,,10.69,0.01,0.0,8.95,0.0,0.0,6.64,0.83,0.0,,,,3055.0,8.45,7.9,8.45,8.1
20050217,6.18,2383,台光電,1.33,47.12,2.81,8.4,,10.69,0.01,0.0,8.95,0.0,0.0,6.64,0.83,0.0,,,,4269.0,8.4,8.4,8.75,8.6
20050218,7.43,2383,台光電,1.33,46.4,2.86,8.5,,10.69,0.01,0.0,8.95,0.0,0.0,6.64,0.83,0.0,,,,2207.0,8.5,8.3,8.6,8.4
20050221,7.76,2383,台光電,1.35,48.18,2.8,8.65,,10.69,0.01,0.0,8.95,0.0,-1.0,6.64,0.83,0.0,,,,3631.0,8.65,8.5,8.9,8.5
20050222,1.6,2383,台光電,1.28,48.65,2.63,8.45,,10.69,0.01,0.0,8.95,0.0,-3.0,6.64,0.83,0.0,,,,2064.0,8.45,8.4,8.7,8.65
20050223,12.71,2383,台光電,1.36,49.39,2.75,8.6,,10.69,0.01,0.0,8.95,0.0,-2.0,6.64,0.83,0.0,,,,1888.0,8.6,8.3,8.65,8.3
20050224,9.01,2383,台光電,1.35,48.68,2.76,8.5,,10.69,0.01,0.0,8.95,0.0,-1.0,6.64,0.83,0.0,,,,1831.0,8.5,8.5,8.9,8.6
20050225,2.45,2383,台光電,1.34,48.64,2.76,8.5,,10.69,0.01,0.0,8.95,0.0,0.0,6.64,0.83,0.0,,,,1141.0,8.5,8.4,8.7,8.6
20050301,2.21,2383,台光電,1.3,47.23,2.75,8.32,,10.69,0.01,0.0,8.95,0.0,0.0,6.64,0.83,0.0,,,,1446.0,8.32,8.3,8.55,8.5
20050302,1.24,2383,台光電,1.27,46.56,2.74,8.1,,10.69,0.01,0.0,8.95,0.0,0.0,6.64,0.83,0.0,,,,1050.0,8.1,8.1,8.44,8.3
20050303,5.01,2383,台光電,1.23,46.05,2.68,8.2,,10.69,0.01,0.0,8.95,0.0,0.0,6.64,0.83,0.0,,,,878.0,8.2,8.1,8.27,8.1
20050304,4.08,2383,台光電,1.23,46.4,2.66,8.2,,10.69,0.01,0.0,8.95,0.0,0.0,6.64,0.83,0.0,,,,710.0,8.2,8.18,8.31,8.2
20050307,4.19,2383,台光電,1.16,47.01,2.47,8.2,,10.69,0.01,0.0,,0.0,-1.0,6.64,0.83,0.0,,,,906.0,8.2,8.2,8.29,8.29
20050308,25.84,2383,台光電,1.18,46.43,2.55,8.35,,10.69,0.01,0.0,,0.0,0.0,6.64,0.83,0.0,,,,3611.0,8.35,8.21,8.61,8.21
20050309,26.78,2383,台光電,1.2,47.73,2.51,8.55,,10.69,0.01,0.0,,0.0,0.0,6.64,0.83,0.0,,,,4534.0,8.55,8.4,8.7,8.4
20050310,14.81,2383,台光電,1.14,48.31,2.37,8.6,,10.69,0.01,0.0,,0.0,0.0,6.64,0.83,0.0,,,,3247.0,8.6,8.56,8.75,8.6
20050311,9.75,2383,台光電,1.08,48.24,2.24,8.45,,10.69,0.01,0.0,,0.0,0.0,6.64,0.83,0.0,,,,2029.0,8.45,8.45,8.8,8.7
20050314,17.52,2383,台光電,1.06,49.39,2.15,8.4,,10.69,0.01,0.0,,0.0,0.0,6.64,0.83,0.0,,,,2379.0,8.4,8.4,8.6,8.45
20050315,0.0,2383,台光電,1.03,47.59,2.16,7.83,,10.69,0.01,0.0,,0.0,0.0,6.64,0.83,0.0,,,,1987.0,7.83,7.82,8.4,8.4
20050316,16.18,2383,台光電,1.2,47.34,2.54,7.99,,10.69,0.01,0.0,,0.0,0.0,6.64,0.83,0.0,,,,1495.0,7.99,7.8,8.05,7.83
20050317,0.0,2383,台光電,1.12,46.11,2.43,7.79,,10.69,0.01,0.0,,0.0,0.0,6.64,0.79,-62.0,,,,1146.0,7.79,7.5,7.89,7.5
20050318,12.09,2383,台光電,1.19,46.18,2.59,7.81,,10.69,0.01,0.0,,0.0,0.0,6.64,0.79,0.0,,,,786.0,7.81,7.59,7.9,7.59
20050321,1.67,2383,台光電,1.19,45.77,2.61,7.82,,10.69,0.01,0.0,,0.0,0.0,6.64,0.79,-1.0,,,,599.0,7.82,7.76,7.9,7.81
20050322,7.95,2383,台光電,1.22,45.54,2.67,7.81,,10.69,0.01,0.0,,0.0,0.0,6.64,0.79,0.0,,,,540.0,7.81,7.8,8.0,8.0
20050323,9.36,2383,台光電,1.24,45.61,2.72,7.83,,10.69,0.01,0.0,,0.0,0.0,6.64,0.79,0.0,,,,373.0,7.83,7.66,7.85,7.81
20050324,34.48,2383,台光電,1.28,46.36,2.76,8.1,,10.69,0.01,0.0,,0.0,0.0,6.64,0.79,0.0,,,,3266.0,8.1,7.76,8.37,7.94
20050325,2.43,2383,台光電,1.18,46.57,2.53,8.09,,10.69,0.01,0.0,,0.0,0.0,6.64,0.79,0.0,,,,1405.0,8.09,7.96,8.2,8.2
20050328,4.25,2383,台光電,1.12,46.1,2.43,8.17,,10.69,0.01,0.0,,0.0,0.0,6.64,0.79,0.0,,,,823.0,8.17,8.09,8.24,8.1
20050329,0.0,2383,台光電,1.11,46.08,2.41,7.85,,10.69,0.01,0.0,,0.0,0.0,6.64,0.79,0.0,,,,424.0,7.85,7.85,8.17,8.08
20050330,8.72,2383,台光電,1.0,45.9,2.18,7.8,,10.69,0.01,0.0,,0.0,0.0,6.64,0.79,0.0,,,,711.0,7.8,7.8,7.93,7.8
20050331,14.26,2383,台光電,0.96,46.14,2.07,7.97,,10.69,0.01,0.0,,0.0,0.0,6.64,0.79,0.0,,,,617.0,7.97,7.9,7.99,7.9
20050401,1.25,2383,台光電,0.91,45.82,1.99,7.8,,10.69,0.01,0.0,,0.0,0.0,6.64,0.79,0.0,,,,799.0,7.8,7.6,7.99,7.99
20050404,3.58,2383,台光電,0.97,45.77,2.12,7.86,,10.69,0.01,0.0,7.86,0.0,2.0,6.64,0.79,0.0,,,,642.0,7.86,7.6,7.95,7.95
20050406,4.81,2383,台光電,0.97,45.88,2.12,7.76,,10.69,0.01,0.0,7.86,0.0,0.0,6.64,0.8,0.0,,,,437.0,7.76,7.74,7.93,7.86
20050407,1.49,2383,台光電,0.88,45.85,1.91,7.68,,10.69,0.01,0.0,7.86,0.0,0.0,6.64,0.79,0.0,,,,673.0,7.68,7.67,7.83,7.76
20050408,10.86,2383,台光電,0.89,46.11,1.93,7.78,,10.69,0.01,0.0,7.86,0.0,0.0,6.64,0.79,0.0,,,,534.0,7.78,7.7,7.82,7.79
20050411,0.0,2383,台光電,0.86,45.99,1.86,7.61,,10.69,0.01,0.0,7.86,0.0,0.0,6.64,0.8,0.0,,,,506.0,7.61,7.6,7.78,7.78
20050412,5.94,2383,台光電,0.94,45.87,2.06,7.69,,10.69,0.01,0.0,7.86,0.0,0.0,6.64,0.79,0.0,,,,438.0,7.69,7.55,7.73,7.61
20050413,3.18,2383,台光電,0.93,45.68,2.03,7.69,,10.69,0.01,0.0,7.86,0.0,0.0,6.64,0.79,0.0,,,,534.0,7.69,7.62,7.75,7.7
20050414,0.0,2383,台光電,0.87,46.0,1.89,7.64,,10.69,0.01,0.0,7.86,0.0,0.0,6.64,0.79,0.0,,,,700.0,7.64,7.6,7.69,7.6
20050415,0.0,2383,台光電,0.44,45.96,0.95,7.55,,10.69,0.01,0.0,7.86,0.0,-1.0,6.64,0.8,0.0,,,,1386.0,7.55,7.26,7.6,7.5
20050418,0.0,2383,台光電,0.25,45.11,0.55,7.03,,10.69,0.01,0.0,7.86,0.0,0.0,6.64,0.79,0.0,,,,859.0,7.03,7.03,7.48,7.35
20050419,4.98,2383,台光電,0.19,44.94,0.43,7.11,,10.69,0.01,0.0,7.86,0.0,0.0,6.64,0.79,0.0,,,,542.0,7.11,7.1,7.18,7.1
20050420,0.64,2383,台光電,0.09,43.95,0.21,6.7,,10.69,0.01,0.0,7.86,0.0,0.0,6.64,0.8,12.0,,,,936.0,6.7,6.68,7.2,7.14
20050421,0.0,2383,台光電,0.05,40.94,0.13,7.1,,10.69,0.01,0.0,,0.0,-1.0,6.64,0.8,0.0,,,,865.0,7.1,6.6,7.16,6.6
20050422,0.0,2383,台光電,0.0,40.68,0.0,7.15,,10.69,0.01,0.0,,0.0,0.0,6.64,0.8,3.0,,,,949.0,7.15,7.15,7.4,7.2
20050425,0.0,2383,台光電,0.0,39.1,0.0,7.03,,10.69,0.01,0.0,,0.0,0.0,6.64,0.8,0.0,,,,251.0,7.03,7.0,7.14,7.0
20050426,0.0,2383,台光電,0.0,38.89,0.0,7.03,,10.69,0.01,0.0,,0.0,0.0,6.64,0.78,-27.0,,,,209.0,7.03,7.0,7.12,7.12
20050427,0.0,2383,台光電,0.0,38.69,0.0,7.0,,10.69,0.01,0.0,,0.0,0.0,6.65,0.78,0.0,,,,431.0,7.0,7.0,7.09,7.03
20050428,2.5,2383,台光電,0.0,38.5,0.0,7.01,,10.69,0.01,0.0,,0.0,0.0,6.65,0.78,0.0,,,,560.0,7.01,6.95,7.09,6.95
20050429,2.85,2383,台光電,0.0,33.58,0.0,6.9,,10.69,0.01,0.0,,0.0,0.0,6.65,0.78,0.0,,,,526.0,6.9,6.9,7.03,7.0
20050503,0.1,2383,台光電,0.0,32.18,0.0,6.6,,10.69,0.01,0.0,,0.0,0.0,6.65,0.78,0.0,,,,1050.0,6.6,6.6,6.93,6.9
20050504,9.26,2383,台光電,0.24,32.14,0.76,6.64,,10.69,0.01,0.0,,0.0,0.0,6.65,0.78,0.0,,,,680.0,6.64,6.6,6.78,6.63
20050505,4.23,2383,台光電,0.32,32.13,1.01,6.73,,10.69,0.01,0.0,,0.0,0.0,6.65,0.78,0.0,,,,804.0,6.73,6.7,6.8,6.7
20050506,8.98,2383,台光電,0.32,32.35,1.0,6.77,,10.69,0.01,0.0,,0.0,0.0,6.65,0.78,0.0,,,,500.0,6.77,6.74,6.85,6.8
20050509,5.13,2383,台光電,0.41,33.12,1.23,7.07,,10.69,0.01,0.0,,0.0,0.0,6.65,0.78,0.0,,,,1424.0,7.07,6.8,7.07,6.8
20050510,0.0,2383,台光電,0.39,33.63,1.17,6.93,,10.69,0.01,0.0,,0.0,0.0,6.65,0.78,0.0,,,,1149.0,6.93,6.92,7.35,7.35
20050511,0.0,2383,台光電,0.35,33.53,1.04,6.81,,10.69,0.01,0.0,,0.0,0.0,6.65,0.78,0.0,,,,371.0,6.81,6.81,6.93,6.93
20050512,1.37,2383,台光電,0.35,33.49,1.04,6.81,,10.69,0.01,0.0,,0.0,0.0,6.65,0.78,0.0,,,,366.0,6.81,6.8,6.99,6.85
20050513,4.1,2383,台光電,0.35,33.51,1.04,6.83,,10.69,0.01,0.0,,0.0,0.0,6.65,0.78,0.0,,,,463.0,6.83,6.8,7.0,6.81
20050516,44.09,2383,台光電,0.35,33.74,1.03,6.8,,10.69,0.01,0.0,,0.0,0.0,6.65,0.78,0.0,,,,1261.0,6.8,6.8,6.94,6.9
20050517,1.3,2383,台光電,0.37,33.95,1.09,6.76,,10.69,0.01,0.0,6.76,0.0,1.0,6.65,0.78,0.0,,,,463.0,6.76,6.76,6.89,6.82
20050518,0.0,2383,台光電,0.37,34.38,1.08,6.66,,10.69,0.01,0.0,6.76,0.0,0.0,6.65,0.78,0.0,,,,776.0,6.66,6.6,6.8,6.78
20050519,0.0,2383,台光電,0.37,34.43,1.06,6.68,,10.69,0.01,0.0,6.76,0.0,0.0,6.65,0.78,0.0,,,,501.0,6.68,6.67,6.76,6.7
20050520,46.97,2383,台光電,0.4,34.42,1.15,6.95,,10.69,0.01,0.0,6.76,0.0,0.0,6.65,0.78,0.0,,,,3183.0,6.95,6.69,7.14,6.75
20050523,12.31,2383,台光電,0.45,34.56,1.3,6.8,,10.69,0.01,0.0,6.76,0.0,0.0,6.65,0.78,0.0,,,,1113.0,6.8,6.8,7.1,7.05
20050524,10.66,2383,台光電,0.51,34.66,1.46,6.85,,10.69,0.01,0.0,6.76,0.0,0.0,6.65,0.78,0.0,,,,393.0,6.85,6.85,6.94,6.9
20050525,9.02,2383,台光電,0.55,34.92,1.58,6.92,,10.69,0.01,0.0,,0.0,-1.0,6.65,0.78,0.0,,,,1198.0,6.92,6.85,7.07,6.9
20050526,0.85,2383,台光電,0.49,35.29,1.39,6.97,,10.69,0.01,0.0,,0.0,0.0,6.65,0.78,0.0,,,,710.0,6.97,6.91,6.99,6.93
20050527,18.68,2383,台光電,0.57,38.02,1.51,7.16,,10.69,0.01,0.0,,0.0,0.0,6.65,0.78,0.0,,,,3415.0,7.16,7.01,7.22,7.01
20050530,6.41,2383,台光電,0.62,38.89,1.58,7.19,,10.69,0.01,0.0,,0.0,0.0,6.65,0.78,0.0,,,,1700.0,7.19,7.08,7.28,7.2
20050531,0.0,2383,台光電,0.5,38.54,1.3,7.1,,10.69,0.01,0.0,,0.0,0.0,6.65,0.78,0.0,,,,944.0,7.1,7.06,7.18,7.11
20050601,12.81,2383,台光電,0.46,38.99,1.17,7.23,,10.69,0.01,0.0,,0.0,0.0,6.65,0.78,0.0,,,,1631.0,7.23,7.11,7.25,7.12
20050602,32.08,2383,台光電,0.89,40.03,2.22,7.73,,10.69,0.01,0.0,,0.0,0.0,6.65,0.78,0.0,,,,4969.0,7.73,7.3,7.73,7.35
20050603,15.82,2383,台光電,0.58,40.64,1.43,7.95,,10.69,0.01,0.0,,0.0,0.0,6.65,0.78,0.0,,,,6598.0,7.95,7.73,8.0,7.85
20050606,0.56,2383,台光電,0.39,39.99,0.98,7.85,,10.69,0.01,0.0,,0.0,0.0,6.65,0.78,0.0,,,,1778.0,7.85,7.82,8.12,7.85
20050607,45.48,2383,台光電,0.46,39.92,1.15,7.85,,10.69,0.01,0.0,,0.0,0.0,6.65,0.78,0.0,,,,3084.0,7.85,7.7,8.1,7.8
20050608,22.8,2383,台光電,0.49,40.62,1.21,8.2,,10.69,0.01,0.0,,0.0,0.0,6.65,0.78,0.0,,,,4834.0,8.2,7.95,8.35,8.03
20050609,20.15,2383,台光電,0.96,40.23,2.39,8.3,,10.69,0.01,0.0,,0.0,0.0,6.65,0.78,0.0,,,,5470.0,8.3,8.11,8.6,8.2
20050610,10.84,2383,台光電,1.2,42.98,2.8,8.88,,10.69,0.01,0.0,,0.0,0.0,6.65,0.78,0.0,,,,8099.0,8.88,8.51,8.88,8.6
20050613,0.0,2383,台光電,1.13,43.03,2.63,8.82,,10.69,0.01,0.0,,0.0,0.0,6.65,0.78,0.0,,,,4965.0,8.82,8.53,8.86,8.86
20050614,8.68,2383,台光電,1.18,43.13,2.75,8.7,,10.69,0.01,0.0,8.7,0.03,50.0,6.65,0.78,-12.0,,,,4560.0,8.7,8.61,8.96,8.81
20050615,24.18,2383,台光電,2.48,47.54,5.21,9.14,,10.69,0.01,0.0,8.72,0.03,2.0,6.65,0.78,0.0,,,,16965.0,9.14,9.0,9.3,9.3
20050616,0.94,2383,台光電,1.82,46.0,3.96,9.14,,10.69,0.01,0.0,9.03,0.12,152.0,6.68,0.78,15.0,,,,5308.0,9.14,8.6,9.14,9.0
20050617,41.41,2383,台光電,1.53,41.52,3.7,9.25,,10.69,0.01,0.0,9.23,1.54,2373.0,7.38,0.71,0.0,,,,16216.0,9.25,9.0,9.74,9.13
20050620,12.89,2383,台光電,1.36,41.97,3.25,9.27,,10.69,0.01,0.0,9.23,1.58,67.0,7.38,0.71,0.0,,,,4375.0,9.27,9.15,9.59,9.59
20050621,19.92,2383,台光電,1.48,43.57,3.39,9.36,,10.69,0.01,0.0,9.24,1.61,53.0,7.38,0.71,0.0,,,,3950.0,9.36,9.24,9.45,9.29
20050622,21.34,2383,台光電,1.46,46.29,3.15,9.54,,10.69,0.01,0.0,9.27,1.72,182.0,7.38,0.71,0.0,,,,8271.0,9.54,9.45,9.8,9.5
20050623,11.14,2383,台光電,1.5,46.1,3.26,9.71,,9.71,1.2,2000.0,9.33,1.89,278.0,7.38,0.71,0.0,,,,7705.0,9.71,9.58,9.93,9.58
20050624,0.93,2383,台光電,1.33,47.56,2.8,9.47,,9.71,1.2,0.0,9.33,1.89,5.0,7.43,0.73,30.0,,,,3431.0,9.47,9.47,9.72,9.71
20050627,0.72,2383,台光電,1.16,45.83,2.54,9.35,,9.59,1.8,1000.0,9.33,1.89,-2.0,7.43,0.73,0.0,,,,2794.0,9.35,9.11,9.47,9.47
20050628,11.71,2383,台光電,1.22,47.64,2.57,9.4,,9.59,1.8,0.0,9.33,1.6,-494.0,7.43,0.73,0.0,,,,2733.0,9.4,9.36,9.55,9.55
20050629,16.87,2383,台光電,1.32,48.09,2.75,9.35,,9.59,1.8,0.0,9.33,1.46,-230.0,7.43,0.73,0.0,,,,3432.0,9.35,9.35,9.7,9.5
20050630,20.49,2383,台光電,1.45,49.47,2.92,9.4,,9.59,1.68,-200.0,9.33,1.46,1.0,7.43,0.73,0.0,,,,4088.0,9.4,9.35,9.59,9.35
20050701,46.24,2383,台光電,1.72,51.18,3.36,9.44,,9.59,1.68,0.0,9.33,1.46,4.0,7.43,0.73,0.0,,,,5361.0,9.44,9.38,9.66,9.52
20050704,5.06,2383,台光電,1.73,50.99,3.38,9.44,,9.59,1.62,-100.0,9.33,1.32,-232.0,7.43,0.73,0.0,,,,2154.0,9.44,9.41,9.6,9.6
20050705,45.05,2383,台光電,2.57,61.11,4.2,10.1,,9.59,1.62,0.0,9.33,0.02,-2183.0,7.43,0.73,0.0,,,,19789.0,10.1,9.46,10.1,9.48
20050706,12.05,2383,台光電,2.16,56.29,3.84,10.25,,9.59,1.62,0.0,9.33,0.01,-3.0,7.43,0.73,0.0,,,,11467.0,10.25,10.2,10.7,10.5
20050707,0.0,2383,台光電,1.4,55.05,2.54,9.8,,9.59,1.62,0.0,9.33,0.01,0.0,7.44,0.73,5.0,,,,5824.0,9.8,9.7,10.2,10.2
20050708,12.47,2383,台光電,1.56,56.14,2.78,9.98,,9.59,1.62,0.0,9.35,0.01,1.0,7.44,0.73,0.0,,,,4131.0,9.98,9.66,10.0,9.8
20050711,9.33,2383,台光電,1.48,57.21,2.59,10.0,,9.59,1.62,0.0,9.38,0.01,1.0,7.44,0.74,0.0,,,,6166.0,10.0,10.0,10.35,10.15
20050712,8.63,2383,台光電,1.24,56.74,2.18,10.2,,9.59,1.62,0.0,9.38,0.01,0.0,7.47,0.74,11.0,,,,5062.0,10.2,10.1,10.35,10.1
20050713,15.76,2383,台光電,1.07,54.6,1.97,10.5,,9.59,1.62,0.0,9.38,0.01,0.0,7.61,0.77,62.0,,,,6916.0,10.5,10.25,10.65,10.3
20050714,0.21,2383,台光電,0.92,54.31,1.7,10.4,,9.59,1.62,0.0,9.38,0.01,0.0,7.61,0.77,0.0,,,,2900.0,10.4,10.3,10.65,10.6
20050715,0.26,2383,台光電,0.87,52.84,1.65,10.05,,9.59,1.62,0.0,9.38,0.01,-1.0,7.61,0.77,0.0,,,,3920.0,10.05,10.05,10.45,10.45
20050719,2.93,2383,台光電,0.82,52.71,1.55,10.1,,9.59,1.62,0.0,9.43,0.02,2.0,7.83,0.85,128.0,,,,2423.0,10.1,10.1,10.35,10.1
20050720,12.51,2383,台光電,0.71,52.9,1.33,10.1,,9.59,1.62,0.0,9.43,0.01,-2.0,7.83,0.85,0.0,,,,3333.0,10.1,10.1,10.45,10.25
20050721,1.46,2383,台光電,0.69,52.81,1.31,9.93,,9.59,1.62,0.0,9.48,0.01,-4.0,7.83,0.82,-48.0,,,,1982.0,9.93,9.91,10.25,10.25
20050722,0.08,2383,台光電,0.53,52.58,1.01,9.5,,9.59,1.62,0.0,9.48,0.01,-1.0,7.83,0.82,-1.0,,,,2363.0,9.5,9.46,9.99,9.93
20050725,1.71,2383,台光電,0.5,52.66,0.95,9.48,,9.59,1.62,0.0,9.48,0.01,0.0,7.83,0.82,0.0,,,,1113.0,9.48,9.46,9.64,9.47
20050726,8.04,2383,台光電,0.5,52.88,0.94,9.47,,9.59,1.62,0.0,9.48,0.01,3.0,7.83,0.82,0.0,,,,1231.0,9.47,9.33,9.6,9.53
20050727,0.0,2383,台光電,0.43,52.99,0.81,9.21,,9.59,1.62,0.0,9.48,0.01,0.0,7.94,0.89,116.0,,,,1424.0,9.21,9.2,9.47,9.47
20050728,8.37,2383,台光電,0.52,53.16,0.98,9.35,,9.59,1.62,0.0,9.48,0.01,0.0,7.94,0.89,0.0,,,,1290.0,9.35,9.2,9.5,9.2
20050729,36.15,2383,台光電,0.71,53.04,1.33,9.42,,9.59,1.62,0.0,9.48,0.01,-4.0,7.94,0.89,0.0,,,,6074.0,9.42,9.36,9.69,9.38
20050801,2.97,2383,台光電,0.63,53.45,1.17,9.05,,9.59,1.62,0.0,9.46,0.01,0.0,7.94,0.89,0.0,,,,1787.0,9.05,9.03,9.47,9.45
20050802,0.79,2383,台光電,0.7,54.14,1.29,8.42,,9.59,1.62,0.0,9.31,0.01,3.0,7.94,0.89,0.0,,,,3423.0,8.42,8.42,9.18,9.18
20050803,8.22,2383,台光電,0.54,54.74,0.98,8.61,,9.59,1.62,0.0,9.28,0.01,1.0,7.94,0.89,0.0,,,,2227.0,8.61,8.48,8.65,8.48
20050804,8.57,2383,台光電,0.67,53.95,1.24,9.21,,9.59,1.62,0.0,9.27,0.01,-1.0,7.94,0.89,0.0,,,,3780.0,9.21,8.67,9.21,8.7
20050808,17.62,2383,台光電,1.09,54.37,2.0,9.6,,9.59,1.62,0.0,9.27,0.01,-2.0,7.94,0.89,0.0,,,,7448.0,9.6,9.31,9.8,9.5
20050809,12.0,2383,台光電,1.25,53.46,2.35,10.0,,9.69,2.16,900.0,9.31,0.01,1.0,7.94,0.9,0.0,,,,4558.0,10.0,9.72,10.0,9.8
20050810,9.79,2383,台光電,1.42,51.78,2.75,10.2,,9.83,2.97,1350.0,10.05,0.07,100.0,7.94,0.89,0.0,,,,9192.0,10.2,10.2,10.65,10.4
20050811,2.59,2383,台光電,1.3,50.51,2.58,10.0,,9.85,3.34,620.0,10.05,0.07,0.0,7.94,0.89,0.0,,,,3629.0,10.0,9.9,10.45,10.45
20050812,5.91,2383,台光電,1.33,50.31,2.64,9.99,,9.85,3.34,0.0,10.02,0.13,98.0,7.94,0.89,0.0,,,,2793.0,9.99,9.92,10.25,10.2
20050815,0.29,2383,台光電,1.16,50.89,2.29,9.7,,9.85,3.34,0.0,10.02,0.13,0.0,7.94,0.89,0.0,,,,1363.0,9.7,9.68,9.99,9.99
20050816,13.43,2383,台光電,1.03,50.67,2.04,9.88,,9.85,3.34,0.0,10.02,0.13,0.0,7.94,0.89,0.0,,,,2084.0,9.88,9.65,9.9,9.7
20050817,30.92,2383,台光電,1.16,50.36,2.31,10.15,,9.87,3.52,304.0,10.02,0.13,0.0,7.94,0.89,0.0,,,,3359.0,10.15,9.75,10.25,9.85
20050818,5.63,2383,台光電,1.06,50.94,2.07,10.05,,9.87,3.57,80.0,10.02,0.13,0.0,7.94,0.89,0.0,,,,1917.0,10.05,9.98,10.35,10.25
20050819,0.0,2383,台光電,0.92,51.08,1.8,9.9,,9.87,3.57,0.0,10.02,0.13,2.0,7.94,0.88,-11.0,,,,1209.0,9.9,9.75,10.0,10.0
20050822,4.27,2383,台光電,0.94,50.64,1.85,9.92,,9.87,3.77,342.0,10.02,0.13,-2.0,7.94,0.88,0.0,,,,1078.0,9.92,9.85,9.95,9.9
20050823,3.96,2383,台光電,0.79,50.06,1.58,9.6,,9.87,3.77,0.0,10.02,0.13,0.0,7.94,0.88,0.0,,,,1415.0,9.6,9.6,9.98,9.94
20050824,0.0,2383,台光電,0.64,49.18,1.31,8.93,,9.87,3.74,-49.0,10.02,0.13,0.0,7.94,0.88,0.0,,,,1918.0,8.93,8.93,9.55,9.5
20050825,10.26,2383,台光電,0.81,49.4,1.64,9.03,,9.87,3.74,0.0,10.02,0.12,-10.0,7.94,0.88,0.0,,,,1111.0,9.03,8.9,9.25,8.93
20050826,21.15,2383,台光電,1.02,49.16,2.07,9.36,,9.87,3.74,0.0,10.02,0.12,-6.0,7.94,0.88,0.0,,,,1631.0,9.36,9.05,9.45,9.05
20050829,0.0,2383,台光電,0.95,48.91,1.95,9.1,,9.87,3.74,0.0,10.02,0.12,0.0,7.94,0.88,0.0,,,,998.0,9.1,9.0,9.36,9.0
20050830,0.53,2383,台光電,0.97,48.68,2.0,8.98,,9.87,3.74,0.0,10.02,0.12,0.0,7.94,0.88,0.0,,,,755.0,8.98,8.93,9.24,9.16
20050831,0.0,2383,台光電,0.91,48.32,1.88,8.67,,9.87,3.74,0.0,10.01,0.12,0.0,7.94,0.88,0.0,,,,1223.0,8.67,8.67,8.98,8.98
20050902,2.34,2383,台光電,0.91,47.77,1.9,8.9,,9.87,3.74,0.0,9.93,0.13,14.0,7.94,0.88,0.0,,,,1025.0,8.9,8.7,8.92,8.7
20050905,0.28,2383,台光電,0.75,47.15,1.58,8.85,,9.87,3.74,0.0,9.93,0.13,0.0,7.94,0.88,0.0,31.98,68.02,55.0,715.0,8.85,8.8,9.0,9.0
20050906,2.79,2383,台光電,0.66,47.17,1.4,9.03,,9.87,3.75,16.0,9.93,0.13,0.0,7.94,0.88,0.0,63.12,36.88,19.0,645.0,9.03,8.91,9.1,9.1
20050907,0.34,2383,台光電,0.4,47.41,0.85,9.0,,9.87,3.75,0.0,9.63,0.19,100.0,7.94,0.85,-59.0,39.66,60.34,29.0,1160.0,9.0,9.0,9.2,9.2
20050908,0.0,2383,台光電,0.24,47.61,0.51,8.95,,9.87,3.75,0.0,9.63,0.18,-20.0,7.94,0.85,0.0,40.0,60.0,44.0,585.0,8.95,8.95,9.1,8.98
20050909,0.0,2383,台光電,0.0,47.82,0.0,8.9,,9.87,3.75,0.0,9.63,0.18,0.0,7.94,0.85,0.0,51.01,48.99,183.0,1343.0,8.9,8.72,9.06,9.0
20050912,0.0,2383,台光電,0.0,47.02,0.0,8.9,,9.87,3.75,0.0,9.63,0.18,0.0,7.94,0.85,0.0,42.21,57.79,7.0,872.0,8.9,8.66,9.0,9.0
20050913,0.0,2383,台光電,0.0,45.77,0.0,8.63,,9.87,3.75,0.0,9.63,0.18,0.0,7.94,0.82,-47.0,27.32,72.68,30.0,926.0,8.63,8.61,8.9,8.9
20050914,0.0,2383,台光電,0.0,45.51,0.0,8.62,,9.87,3.75,0.0,9.62,0.18,3.0,7.94,0.82,0.0,49.16,50.84,228.0,1765.0,8.62,8.43,8.68,8.63
20050915,8.13,2383,台光電,0.14,46.25,0.31,8.2,,9.4,3.75,0.0,9.16,0.18,-3.0,9.7,0.82,0.0,45.28,54.72,127.0,1279.0,8.2,8.2,8.34,8.24
20050916,0.31,2383,台光電,0.09,46.49,0.19,8.05,,9.4,3.75,0.0,9.16,0.18,0.0,9.7,0.82,0.0,46.71,53.29,24.0,654.0,8.05,8.01,8.2,8.2
20050919,0.66,2383,台光電,0.08,46.17,0.18,7.95,,9.4,3.75,0.0,9.16,0.14,-61.0,9.7,0.82,0.0,28.57,71.43,74.0,605.0,7.95,7.85,8.19,8.07
20050920,8.26,2383,台光電,0.07,46.25,0.14,8.49,,9.4,3.75,0.0,9.12,0.02,-217.0,9.7,0.82,0.0,68.21,31.79,193.0,1090.0,8.49,7.89,8.49,8.0
20050921,11.81,2383,台光電,0.25,45.55,0.55,8.8,,9.4,3.75,0.0,9.12,0.02,-1.0,9.7,0.82,1.0,67.19,32.81,204.0,3750.0,8.8,8.35,8.89,8.4
20050922,25.43,2383,台光電,1.35,47.82,2.83,8.8,,9.32,4.32,1000.0,9.11,0.02,-2.0,9.7,0.77,-83.0,44.93,55.07,232.0,6004.0,8.8,8.78,9.18,8.8
20050923,6.67,2383,台光電,1.5,47.85,3.14,8.67,,9.32,4.32,0.0,9.11,0.02,0.0,9.7,0.77,0.0,27.19,72.81,253.0,2460.0,8.67,8.67,9.0,8.95
20050926,13.15,2383,台光電,1.56,47.98,3.25,8.75,,9.32,4.32,0.0,9.11,0.02,-1.0,9.7,0.77,0.0,42.46,57.54,110.0,890.0,8.75,8.7,8.87,8.75
20050927,4.41,2383,台光電,1.48,48.11,3.07,8.75,,9.32,4.32,0.0,9.11,0.02,0.0,9.7,0.77,0.0,37.4,62.6,138.0,1066.0,8.75,8.75,8.97,8.85
20050928,22.94,2383,台光電,1.53,49.81,3.08,9.1,,9.32,4.32,0.0,9.11,0.01,-5.0,9.7,0.77,0.0,70.74,29.26,267.0,3370.0,9.1,8.8,9.1,8.8
20050929,22.24,2383,台光電,1.46,48.18,3.03,9.15,,9.32,4.32,0.0,9.11,0.01,0.0,9.7,0.77,0.0,,,,3638.0,9.15,9.11,9.4,9.13
20050930,31.85,2383,台光電,1.73,47.39,3.64,9.6,,9.32,4.32,0.0,9.33,0.03,20.0,9.7,0.72,-86.0,67.24,32.76,280.0,8063.0,9.6,9.2,9.79,9.24
20051003,7.38,2383,台光電,1.44,47.49,3.02,9.3,,9.32,4.32,0.0,9.33,0.01,-20.0,9.7,0.72,0.0,43.15,56.85,94.0,3061.0,9.3,9.1,9.64,9.6
20051004,10.79,2383,台光電,1.44,47.99,2.99,9.35,,9.32,4.32,3.0,9.34,0.02,9.0,9.7,0.72,0.0,52.19,47.81,154.0,2177.0,9.35,9.35,9.64,9.4
20051005,22.82,2383,台光電,1.42,48.92,2.91,9.38,,9.32,4.32,0.0,9.34,0.02,-4.0,9.7,0.72,0.0,54.42,45.58,116.0,2984.0,9.38,9.3,9.55,9.3
20051006,0.0,2383,台光電,1.41,48.97,2.88,9.25,,9.32,4.32,0.0,9.34,0.02,0.0,9.7,0.72,0.0,18.37,81.63,153.0,1080.0,9.25,9.2,9.35,9.2
20051007,17.71,2383,台光電,1.43,49.29,2.9,9.3,,9.32,4.32,0.0,9.34,0.02,1.0,9.7,0.72,0.0,37.89,62.11,45.0,1570.0,9.3,9.2,9.55,9.2
20051011,0.0,2383,台光電,1.42,49.18,2.9,9.1,,9.32,4.32,0.0,9.34,0.02,0.0,9.7,0.72,0.0,17.6,82.4,58.0,1652.0,9.1,9.08,9.45,9.33
20051012,0.0,2383,台光電,1.37,49.18,2.79,8.9,,9.32,4.32,0.0,9.34,0.02,0.0,9.66,0.73,0.0,15.03,84.97,124.0,1086.0,8.9,8.9,9.1,9.05
20051013,0.31,2383,台光電,1.35,49.0,2.76,8.82,,9.32,4.32,0.0,9.34,0.02,-1.0,9.66,0.73,0.0,16.85,83.15,55.0,653.0,8.82,8.8,8.98,8.8
20051014,14.41,2383,台光電,1.31,49.14,2.66,8.93,,9.32,4.29,-61.0,9.34,0.02,0.0,9.66,0.73,0.0,47.12,52.88,72.0,804.0,8.93,8.91,9.1,9.0
20051017,0.0,2383,台光電,0.85,48.22,1.77,8.4,,9.32,4.29,0.0,9.34,0.02,-1.0,9.66,0.73,0.0,16.07,83.93,97.0,1379.0,8.4,8.4,9.08,8.93
20051018,3.65,2383,台光電,0.8,48.65,1.64,8.51,,9.32,4.12,-300.0,9.34,0.02,-1.0,9.66,0.73,0.0,47.69,52.31,17.0,713.0,8.51,8.43,8.8,8.8
20051019,0.0,2383,台光電,0.63,48.34,1.31,8.18,,9.32,4.12,0.0,9.34,0.02,0.0,9.66,0.73,0.0,31.15,68.85,20.0,758.0,8.18,8.1,8.5,8.5
20051020,0.0,2383,台光電,0.54,48.14,1.12,8.48,,9.32,4.12,0.0,9.34,0.01,-3.0,9.66,0.72,-13.0,38.29,61.71,94.0,903.0,8.48,8.18,8.48,8.23
20051021,68.29,2383,台光電,0.2,49.75,0.41,8.6,,9.32,3.55,-1000.0,9.17,0.02,3.0,9.66,0.72,0.0,73.64,26.36,105.0,8170.0,8.6,8.3,9.07,8.4
20051024,4.01,2383,台光電,0.18,49.46,0.36,8.47,,9.32,3.55,0.0,9.17,0.01,-3.0,9.66,0.72,0.0,18.95,81.05,22.0,723.0,8.47,8.45,8.79,8.78
20051025,9.4,2383,台光電,0.23,49.48,0.45,8.5,,9.32,3.55,0.0,9.17,0.01,0.0,9.66,0.72,0.0,30.09,69.91,67.0,648.0,8.5,8.5,8.65,8.6
20051026,0.0,2383,台光電,0.21,49.13,0.43,8.12,,9.32,3.52,-50.0,8.89,0.02,9.0,9.66,0.72,0.0,23.67,76.33,20.0,650.0,8.12,8.05,8.52,8.52
20051027,0.0,2383,台光電,0.2,49.52,0.41,7.6,,9.32,2.99,-930.0,8.65,0.02,6.0,9.66,0.72,0.0,55.36,44.64,118.0,2012.0,7.6,7.6,8.07,8.07
20051028,0.0,2383,台光電,0.17,50.1,0.33,7.6,,9.32,2.76,-412.0,8.55,0.02,2.0,9.66,0.72,0.0,47.84,52.16,25.0,1049.0,7.6,7.5,7.69,7.52
20051031,0.42,2383,台光電,0.17,53.68,0.33,7.9,,9.32,1.7,-1858.0,8.55,0.02,-1.0,9.66,0.72,0.0,61.14,38.86,123.0,3116.0,7.9,7.75,7.94,7.8
20051101,15.87,2383,台光電,0.27,53.88,0.51,7.92,,9.32,1.7,0.0,8.52,0.02,1.0,9.65,0.72,5.0,60.03,39.97,85.0,2331.0,7.92,7.92,8.15,8.0
20051102,5.45,2383,台光電,0.28,53.81,0.53,8.0,,9.32,1.7,0.0,8.52,0.02,-11.0,9.65,0.72,0.0,59.4,40.6,25.0,660.0,8.0,7.92,8.05,7.92
20051103,9.27,2383,台光電,0.25,53.91,0.46,8.12,,9.32,1.7,0.0,8.52,0.02,-3.0,9.65,0.72,0.0,44.21,55.79,117.0,1489.0,8.12,8.1,8.3,8.11
20051104,3.91,2383,台光電,0.25,53.98,0.47,8.12,,9.32,1.7,0.0,8.52,0.01,-2.0,9.65,0.72,0.0,41.23,58.77,32.0,767.0,8.12,8.12,8.29,8.2
20051107,1.11,2383,台光電,0.25,54.38,0.46,8.05,,9.32,1.7,0.0,8.52,0.01,-1.0,9.65,0.72,0.0,26.11,73.89,31.0,540.0,8.05,8.0,8.14,8.14
20051108,2.17,2383,台光電,0.26,51.89,0.49,8.11,,9.32,1.7,0.0,8.52,0.01,0.0,9.65,0.72,0.0,46.35,53.65,50.0,276.0,8.11,7.86,8.11,7.86
20051109,4.2,2383,台光電,0.24,52.47,0.46,8.2,,9.32,1.7,0.0,8.52,0.01,-14.0,9.65,0.72,0.0,54.36,45.64,57.0,1023.0,8.2,7.9,8.22,7.9
20051110,32.27,2383,台光電,0.24,52.05,0.46,8.2,,9.32,1.61,-148.0,8.52,0.01,0.0,9.65,0.72,0.0,59.3,40.7,171.0,2656.0,8.2,8.2,8.42,8.26
20051111,7.74,2383,台光電,0.22,51.59,0.42,8.3,,9.32,1.61,0.0,8.52,0.01,0.0,9.64,0.72,5.0,43.25,56.75,47.0,1200.0,8.3,8.2,8.4,8.3
20051114,1.66,2383,台光電,0.16,51.57,0.3,8.25,,9.32,1.61,0.0,8.52,0.01,0.0,9.64,0.72,0.0,34.27,65.73,147.0,904.0,8.25,8.22,8.37,8.31
20051115,0.12,2383,台光電,0.1,51.58,0.19,8.11,,9.32,1.61,-3.0,8.52,0.01,0.0,9.64,0.72,0.0,32.69,67.31,44.0,835.0,8.11,8.06,8.28,8.25
20051116,26.67,2383,台光電,0.15,51.73,0.29,8.17,,9.32,1.61,0.0,8.52,0.01,0.0,9.64,0.72,0.0,52.53,47.47,46.0,2032.0,8.17,8.08,8.32,8.08
20051117,36.01,2383,台光電,0.47,50.96,0.93,8.71,,9.32,1.61,0.0,8.58,0.01,5.0,9.64,0.72,0.0,67.0,33.0,199.0,6735.0,8.71,8.2,8.72,8.21
20051118,2.1,2383,台光電,0.27,51.48,0.52,8.53,,9.32,1.61,0.0,8.58,0.01,1.0,9.64,0.72,0.0,39.79,60.21,153.0,2528.0,8.53,8.53,9.1,9.1
20051121,2.39,2383,台光電,0.23,51.8,0.44,8.4,,9.32,1.61,0.0,8.57,0.01,-1.0,9.64,0.72,0.0,20.98,79.02,92.0,1634.0,8.4,8.38,8.65,8.44
20051122,42.53,2383,台光電,0.16,51.48,0.31,8.41,,9.32,1.61,0.0,8.56,0.01,0.0,9.64,0.72,0.0,68.91,31.09,140.0,3006.0,8.41,8.41,8.63,8.42
20051123,5.69,2383,台光電,0.15,51.52,0.29,8.41,,9.32,1.5,-200.0,8.56,0.01,-1.0,9.64,0.72,0.0,38.9,61.1,94.0,1422.0,8.41,8.4,8.55,8.45
20051124,31.74,2383,台光電,0.16,51.25,0.31,8.49,,9.32,1.5,0.0,8.54,0.0,-7.0,9.64,0.72,-1.0,62.04,37.96,75.0,2486.0,8.49,8.43,8.67,8.43
20051125,32.41,2383,台光電,0.16,51.77,0.3,8.54,,9.32,1.5,0.0,8.54,0.0,-3.0,9.64,0.72,0.0,60.05,39.95,144.0,1959.0,8.54,8.52,8.7,8.6
20051128,9.16,2383,台光電,0.18,51.48,0.35,8.66,,9.32,1.5,0.0,8.6,0.0,2.0,9.64,0.72,0.0,52.12,47.88,194.0,2937.0,8.66,8.59,8.78,8.64
20051129,3.06,2383,台光電,0.14,51.01,0.27,8.63,,9.23,1.65,269.0,8.6,0.0,0.0,9.64,0.72,0.0,34.22,65.78,77.0,1437.0,8.63,8.58,8.75,8.7
20051130,9.66,2383,台光電,0.23,50.03,0.46,8.9,,9.23,1.54,-200.0,8.6,0.0,-5.0,9.64,0.72,1.0,62.68,37.32,423.0,2856.0,8.9,8.63,8.9,8.63
20051201,38.48,2383,台光電,0.12,52.38,0.22,8.83,,9.23,1.54,0.0,8.79,0.0,5.0,9.64,0.72,1.0,66.22,33.78,116.0,7393.0,8.83,8.83,9.2,8.99
20051202,2.94,2383,台光電,0.11,52.33,0.21,8.7,,9.23,1.54,0.0,8.78,0.0,1.0,9.64,0.73,6.0,31.85,68.15,276.0,2991.0,8.7,8.7,9.0,8.9
20051205,28.86,2383,台光電,0.11,53.59,0.2,8.83,,9.23,1.31,-392.0,8.78,0.0,0.0,9.64,0.73,0.0,64.81,35.19,89.0,2951.0,8.83,8.76,8.96,8.78
20051206,20.17,2383,台光電,0.11,52.72,0.2,8.8,,9.23,1.31,0.0,8.79,0.01,3.0,9.64,0.73,0.0,49.96,50.04,102.0,2409.0,8.8,8.78,8.95,8.83
20051207,2.8,2383,台光電,0.14,52.73,0.26,8.63,,9.23,1.31,0.0,8.71,0.01,10.0,9.63,0.73,5.0,26.03,73.97,192.0,1179.0,8.63,8.63,8.9,8.82
20051208,7.45,2383,台光電,0.18,52.48,0.35,8.74,,9.23,1.31,0.0,8.71,0.01,-2.0,9.63,0.73,0.0,48.35,51.65,96.0,1289.0,8.74,8.7,8.87,8.7
20051209,7.24,2383,台光電,0.18,52.31,0.34,8.86,,9.23,1.17,-249.0,8.71,0.01,-6.0,9.63,0.73,0.0,47.92,52.08,41.0,1617.0,8.86,8.74,8.9,8.76
20051212,6.57,2383,台光電,0.21,52.95,0.4,9.04,,9.23,1.17,0.0,8.83,0.01,5.0,9.63,0.73,0.0,57.99,42.01,116.0,3350.0,9.04,8.85,9.15,8.95
20051213,27.12,2383,台光電,0.23,53.7,0.43,9.15,,9.23,1.17,0.0,8.85,0.01,-2.0,9.63,0.73,0.0,58.01,41.99,165.0,4457.0,9.15,9.03,9.38,9.18
20051214,0.74,2383,台光電,0.21,53.46,0.39,9.07,,9.23,1.17,0.0,8.86,0.01,0.0,9.63,0.73,0.0,25.91,74.09,55.0,1766.0,9.07,9.05,9.28,9.2
20051215,17.25,2383,台光電,0.26,54.75,0.48,9.48,,9.23,1.17,0.0,8.86,0.01,0.0,9.63,0.73,0.0,72.99,27.01,248.0,3721.0,9.48,9.05,9.5,9.12
20051216,27.48,2383,台光電,0.37,52.29,0.7,9.55,,9.23,1.17,0.0,8.94,0.01,2.0,9.63,0.73,-1.0,56.66,43.34,262.0,10097.0,9.55,9.41,9.75,9.45
20051219,27.69,2383,台光電,0.47,51.54,0.92,9.99,,9.23,1.17,0.0,9.04,0.01,-6.0,9.63,0.73,0.0,60.36,39.64,175.0,11198.0,9.99,9.55,10.1,9.55
20051220,2.64,2383,台光電,0.39,50.44,0.76,9.83,,9.23,1.17,0.0,9.04,0.01,0.0,9.63,0.73,0.0,41.24,58.76,218.0,4584.0,9.83,9.81,10.15,9.95
20051221,1.71,2383,台光電,0.38,50.2,0.75,9.83,,9.23,1.17,0.0,9.04,0.01,0.0,9.63,0.73,0.0,34.06,65.94,332.0,2512.0,9.83,9.83,10.1,9.9
20051222,19.17,2383,台光電,0.55,50.05,1.09,10.5,,9.23,1.17,0.0,9.16,0.01,1.0,9.63,0.73,0.0,91.76,8.24,53.0,10904.0,10.5,10.1,10.5,10.1
20051223,9.84,2383,台光電,0.57,51.0,1.11,10.4,,9.68,1.91,1300.0,9.53,0.01,5.0,9.63,0.73,0.0,56.06,43.94,218.0,12793.0,10.4,10.2,10.7,10.45
20051226,0.35,2383,台光電,0.76,53.33,1.42,11.1,,9.68,1.91,0.0,9.53,0.01,0.0,9.64,0.73,1.0,100.0,0.0,20.0,4330.0,11.1,10.9,11.1,10.9
20051227,0.0,2383,台光電,0.9,51.72,1.75,11.85,,9.68,1.91,1.0,9.53,0.01,0.0,9.64,0.73,0.0,100.0,0.0,9.0,4575.0,11.85,11.85,11.85,11.85
20051228,8.05,2383,台光電,2.2,54.5,4.03,12.65,,10.08,2.21,520.0,12.41,0.12,200.0,9.64,0.73,0.0,90.61,9.39,23.0,17245.0,12.65,12.4,12.65,12.65
20051229,0.63,2383,台光電,3.01,55.1,5.47,13.5,,10.98,2.99,1378.0,12.41,0.12,0.0,9.64,0.73,0.0,98.39,1.61,18.0,7935.0,13.5,13.35,13.5,13.45
20051230,19.14,2383,台光電,4.82,60.65,7.94,14.3,,11.68,3.79,1400.0,14.27,0.43,545.0,9.64,0.73,0.0,61.83,38.17,868.0,35989.0,14.3,13.7,14.4,14.4
20060102,31.88,2383,台光電,7.48,67.18,11.13,15.2,,12.34,4.66,1529.0,14.27,0.26,-305.0,9.64,0.73,0.0,64.47,35.53,411.0,23798.0,15.2,13.9,15.3,14.0
20060103,14.6,2383,台光電,10.63,63.91,16.63,16.25,,13.33,6.26,2797.0,14.27,0.2,-104.0,9.64,0.73,0.0,78.62,21.38,24.0,14980.0,16.25,15.5,16.25,15.5
20060104,0.38,2383,台光電,12.14,64.82,18.74,17.35,,13.35,6.28,50.0,14.27,0.2,0.0,9.7,0.74,10.0,100.0,0.0,5.0,4422.0,17.35,17.35,17.35,17.35
20060105,0.03,2383,台光電,12.79,67.53,18.95,18.55,,13.49,6.46,300.0,14.27,0.2,0.0,9.7,0.74,0.0,100.0,0.0,12.0,3046.0,18.55,18.55,18.55,18.55
20060106,12.11,2383,台光電,13.76,62.95,21.87,17.9,,14.72,8.96,4398.0,16.36,0.0,-346.0,9.73,0.74,5.0,59.46,40.54,865.0,28575.0,17.9,17.55,19.8,19.8
20060109,10.93,2383,台光電,14.09,65.98,21.35,18.0,,14.74,9.02,100.0,17.39,0.0,1.0,9.73,0.73,-6.0,42.36,57.64,625.0,12548.0,18.0,17.95,19.1,19.0
20060110,10.33,2383,台光電,16.23,71.57,22.68,19.25,,15.46,10.24,2151.0,17.39,0.0,0.0,10.02,0.76,40.0,87.4,12.6,60.0,15671.0,19.25,18.0,19.25,18.0
20060111,29.41,2383,台光電,21.04,76.19,27.61,20.4,,16.16,11.8,2734.0,18.79,0.01,5.0,10.06,0.75,-14.0,59.21,40.79,535.0,33262.0,20.4,19.3,20.55,19.95
20060112,2.92,2383,台光電,17.16,72.62,23.63,19.0,,16.16,11.8,0.0,18.79,0.0,-7.0,10.06,0.75,0.0,32.17,67.83,138.0,14802.0,19.0,19.0,20.5,20.5
20060113,0.37,2383,台光電,14.39,76.58,18.79,19.0,,16.22,11.15,-1144.0,19.0,0.29,500.0,10.12,0.75,8.0,44.74,55.26,436.0,11249.0,19.0,17.7,19.0,18.2
20060116,21.29,2383,台光電,19.29,76.22,25.31,20.0,,16.26,10.78,-650.0,19.44,0.52,399.0,11.96,0.91,274.0,64.06,35.94,1067.0,20481.0,20.0,19.0,20.0,19.0
20060117,12.55,2383,台光電,17.31,76.22,22.71,19.0,,16.26,10.3,-834.0,19.38,0.46,-96.0,12.07,0.74,-294.0,44.25,55.75,739.0,14390.0,19.0,19.0,20.6,20.1
20060118,0.0,2383,台光電,14.65,74.04,19.79,17.95,,16.26,10.02,-500.0,19.23,0.52,97.0,12.07,0.74,0.0,36.77,63.23,372.0,8740.0,17.95,17.75,18.8,18.3
20060119,8.53,2383,台光電,12.56,77.65,16.18,17.4,,16.26,9.18,-1479.0,18.77,0.69,299.0,12.07,0.74,-12.0,48.35,51.65,489.0,11247.0,17.4,16.9,18.5,18.05
20060120,37.83,2383,台光電,14.67,76.71,19.13,17.6,,16.26,9.18,0.0,18.77,0.15,-950.0,12.07,0.71,-32.0,54.16,45.84,433.0,12320.0,17.6,17.15,18.2,17.4
20060123,0.0,2383,台光電,11.85,74.63,15.88,16.4,,16.26,8.81,-644.0,,0.0,-502.0,12.07,0.71,0.0,24.45,75.55,23.0,6802.0,16.4,16.4,17.2,16.6
20060124,24.8,2383,台光電,12.28,77.66,15.82,16.75,,16.26,8.47,-600.0,,0.0,-2173.0,12.07,0.71,0.0,59.93,40.07,324.0,10749.0,16.75,16.4,17.2,16.6
20060125,5.9,2383,台光電,9.93,75.95,13.08,16.15,,16.26,8.47,0.0,,0.0,-200.0,12.07,0.71,0.0,40.22,59.78,398.0,6292.0,16.15,15.9,17.0,16.9
20060203,19.31,2383,台光電,9.44,77.63,12.17,16.65,,16.27,8.33,-240.0,,0.0,-500.0,12.07,0.7,-15.0,52.58,47.42,246.0,5389.0,16.65,16.3,16.95,16.85
20060206,24.89,2383,台光電,11.89,79.58,14.94,17.8,,16.27,7.88,-800.0,,0.0,0.0,12.07,0.69,-18.0,71.61,28.39,34.0,9588.0,17.8,16.5,17.8,16.65
20060207,20.56,2383,台光電,12.29,79.63,15.44,17.8,,16.27,7.76,-200.0,,0.0,0.0,12.07,0.69,0.0,49.29,50.71,495.0,10562.0,17.8,17.5,18.4,17.8
20060208,8.17,2383,台光電,12.1,80.66,15.0,17.3,,16.27,7.65,-200.0,,0.0,-466.0,12.07,0.69,0.0,37.85,62.15,371.0,5727.0,17.3,17.2,18.2,17.8
20060209,14.78,2383,台光電,11.9,79.61,14.95,16.2,,16.27,7.61,-70.0,16.2,0.06,107.0,12.07,0.69,0.0,39.71,60.29,656.0,6233.0,16.2,16.2,17.75,17.75
20060210,20.2,2383,台光電,11.53,78.4,14.7,16.4,,16.27,7.39,-385.0,16.2,0.06,0.0,12.07,0.69,0.0,49.58,50.42,257.0,5798.0,16.4,16.0,16.5,16.2
20060213,4.69,2383,台光電,10.27,78.11,13.15,15.3,,16.27,7.39,0.0,,0.0,-194.0,12.07,0.69,-3.0,31.1,68.9,308.0,4882.0,15.3,15.3,16.6,16.4
20060214,23.52,2383,台光電,9.21,76.04,12.11,15.7,,16.27,6.22,-2051.0,,0.0,0.0,12.07,0.69,0.0,55.56,44.44,320.0,8715.0,15.7,14.8,15.7,15.1
20060215,28.04,2383,台光電,8.49,77.65,10.94,15.7,,16.27,5.11,-1951.0,,0.0,0.0,12.16,0.7,30.0,58.21,41.79,349.0,10752.0,15.7,15.35,16.5,15.9
20060216,28.47,2383,台光電,10.4,79.06,13.16,16.75,,16.27,4.96,-251.0,,0.0,0.0,12.16,0.68,-35.0,71.89,28.11,30.0,15578.0,16.75,15.7,16.75,15.7
20060217,1.67,2383,台光電,9.4,78.5,11.97,16.2,,16.27,4.96,0.0,,0.0,0.0,12.16,0.68,0.0,39.81,60.19,202.0,6659.0,16.2,16.1,16.9,16.85
20060220,2.49,2383,台光電,8.56,77.2,11.09,15.5,,16.27,4.45,-900.0,15.5,0.0,1.0,12.16,0.68,0.0,37.03,62.97,338.0,4455.0,15.5,15.3,16.1,15.8
20060221,15.44,2383,台光電,8.49,77.37,10.98,15.35,,16.27,4.17,-500.0,15.35,0.23,395.0,12.16,0.68,-6.0,37.95,62.05,315.0,4662.0,15.35,15.3,15.9,15.55
20060222,2.35,2383,台光電,7.52,78.5,9.59,14.35,,16.27,3.16,-1760.0,15.08,0.31,150.0,12.17,0.68,5.0,25.77,74.23,285.0,6982.0,14.35,14.3,15.6,15.4
20060223,9.53,2383,台光電,6.71,77.69,8.63,13.75,,16.27,2.73,-755.0,14.63,0.47,272.0,12.17,0.68,0.0,39.76,60.24,362.0,6540.0,13.75,13.75,14.5,14.35
20060224,19.89,2383,台光電,6.5,76.6,8.49,14.0,,16.27,2.45,-503.0,14.5,0.59,222.0,12.17,0.68,0.0,56.93,43.07,353.0,7046.0,14.0,13.6,14.1,13.75
20060227,8.6,2383,台光電,6.24,76.61,8.14,13.9,,16.27,2.45,0.0,14.5,0.59,-2.0,12.17,0.68,0.0,48.91,51.09,202.0,3641.0,13.9,13.5,14.2,13.5
20060301,20.44,2383,台光電,4.82,77.34,6.23,14.85,,16.27,2.45,0.0,,0.0,-1072.0,12.17,0.68,0.0,77.38,22.62,11.0,13677.0,14.85,13.95,14.85,13.95
20060302,27.57,2383,台光電,4.54,75.04,6.05,14.65,,16.27,2.45,0.0,,0.0,-374.0,12.17,0.68,0.0,37.63,62.37,178.0,10139.0,14.65,14.6,15.3,15.15
20060303,3.67,2383,台光電,4.23,75.08,5.64,14.05,,16.27,2.45,0.0,14.05,0.03,52.0,12.17,0.68,0.0,30.6,69.4,208.0,3627.0,14.05,14.0,14.8,14.65
20060306,22.24,2383,台光電,4.34,75.42,5.75,14.3,,16.27,2.45,0.0,,0.0,-820.0,12.17,0.68,0.0,55.94,44.06,229.0,4335.0,14.3,13.9,14.35,14.0
20060307,0.0,2383,台光電,4.24,76.32,5.55,14.0,,16.27,2.45,0.0,,0.0,-54.0,12.17,0.68,0.0,28.92,71.08,229.0,3323.0,14.0,13.9,14.3,14.3
20060308,0.0,2383,台光電,5.17,76.45,6.76,14.95,,16.27,2.45,0.0,14.95,0.05,91.0,12.18,0.68,3.0,71.91,28.09,50.0,9873.0,14.95,13.95,14.95,14.0
20060309,20.6,2383,台光電,6.2,77.62,7.99,14.9,,16.27,2.45,0.0,14.95,0.05,0.0,12.18,0.68,0.0,47.61,52.39,369.0,13245.0,14.9,14.85,15.35,15.05
20060310,20.55,2383,台光電,6.15,77.6,7.92,15.2,,16.27,2.36,-150.0,14.95,0.05,0.0,12.18,0.68,0.0,59.39,40.61,450.0,8712.0,15.2,14.7,15.45,15.15
20060313,20.6,2383,台光電,5.65,75.07,7.53,15.75,,16.15,2.48,200.0,15.75,0.17,201.0,12.18,0.68,0.0,51.74,48.26,940.0,12778.0,15.75,15.4,16.1,15.55
20060314,24.48,2383,台光電,6.95,73.25,9.49,15.9,,16.1,3.05,1000.0,15.9,0.18,25.0,12.18,0.68,-8.0,48.53,51.47,456.0,15852.0,15.9,15.7,16.4,15.9
20060315,9.71,2383,台光電,6.6,72.66,9.08,15.9,,16.1,3.05,0.0,15.9,0.37,334.0,12.18,0.68,0.0,40.56,59.44,392.0,7424.0,15.9,15.7,16.2,16.1
20060316,36.74,2383,台光電,5.96,72.87,8.17,15.9,,16.1,2.93,-200.0,15.9,0.37,-10.0,12.18,0.66,-35.0,61.13,38.87,316.0,14435.0,15.9,15.85,16.5,16.0
20060317,82.46,2383,台光電,5.4,73.02,7.39,15.5,,16.1,2.9,-50.0,15.87,0.37,10.0,12.18,0.66,0.0,38.12,61.88,446.0,6432.0,15.5,15.3,15.95,15.9
20060320,19.84,2383,台光電,5.84,76.89,7.6,16.15,,16.1,2.81,-159.0,15.91,0.43,100.0,12.88,0.8,250.0,63.5,36.5,425.0,12920.0,16.15,15.8,16.5,15.9
20060321,25.27,2383,台光電,6.37,80.46,7.92,16.4,,16.11,2.41,-704.0,15.99,0.51,150.0,12.88,0.8,0.0,58.3,41.7,687.0,16376.0,16.4,16.15,16.85,16.25
20060322,18.95,2383,台光電,6.22,81.61,7.62,16.25,,16.11,2.41,0.0,16.07,0.37,-258.0,13.05,0.69,-188.0,50.37,49.63,514.0,10549.0,16.25,16.2,16.7,16.4
20060323,7.39,2383,台光電,5.47,80.33,6.81,15.5,,16.11,2.41,0.0,16.07,0.37,0.0,13.05,0.69,0.0,30.51,69.49,488.0,6658.0,15.5,15.5,16.6,16.55
20060324,17.91,2383,台光電,5.41,79.79,6.78,15.5,,16.11,2.41,0.0,16.07,0.37,0.0,13.05,0.69,0.0,41.72,58.28,361.0,4283.0,15.5,15.4,15.8,15.4
20060327,11.3,2383,台光電,5.54,80.71,6.87,15.9,,16.11,2.41,0.0,16.07,0.37,0.0,13.05,0.69,0.0,53.04,46.96,325.0,5160.0,15.9,15.8,16.15,16.0
20060328,21.67,2383,台光電,5.26,80.5,6.54,15.9,,16.11,2.41,0.0,16.04,0.42,100.0,13.05,0.69,0.0,50.64,49.36,372.0,4688.0,15.9,15.85,16.2,16.1
20060329,6.52,2383,台光電,4.75,79.47,5.98,15.8,,16.11,2.41,0.0,16.04,0.42,0.0,13.05,0.69,0.0,43.18,56.82,314.0,3832.0,15.8,15.7,16.1,15.95
20060330,13.3,2383,台光電,5.24,81.12,6.46,16.9,,16.11,2.41,0.0,16.17,0.49,122.0,13.05,0.69,0.0,91.57,8.43,87.0,10265.0,16.9,16.0,16.9,16.0
20060331,23.02,2383,台光電,5.59,77.0,7.26,17.45,,16.11,2.19,-80.0,17.13,1.63,2227.0,13.09,0.7,13.0,57.15,42.85,504.0,27618.0,17.45,17.0,17.95,17.2
20060403,20.64,2383,台光電,4.94,80.55,6.14,18.2,,16.11,2.19,0.0,17.32,1.84,400.0,13.41,0.74,71.0,58.33,41.67,446.0,18566.0,18.2,17.6,18.6,17.9
20060404,0.0,2383,台光電,4.06,79.84,5.08,17.6,,16.11,2.19,0.0,17.35,2.04,382.0,13.41,0.74,0.0,29.55,70.45,254.0,8854.0,17.6,17.45,18.2,18.15
20060406,0.0,2383,台光電,3.47,83.11,4.18,18.3,,16.14,2.22,60.0,17.35,2.04,0.0,13.41,0.74,-3.0,62.56,37.44,444.0,10872.0,18.3,17.5,18.5,17.75
20060407,0.0,2383,台光電,0.0,81.07,0.0,17.95,,16.14,2.12,-181.0,17.35,2.04,0.0,13.76,0.76,33.0,43.97,56.03,429.0,7230.0,17.95,17.6,18.2,18.2
20060410,0.0,2383,台光電,0.0,77.17,0.0,17.65,,16.14,2.1,-46.0,17.38,2.31,511.0,13.96,0.8,73.0,47.25,52.75,176.0,4142.0,17.65,17.6,18.15,17.6
20060411,0.0,2383,台光電,0.0,75.08,0.0,17.5,,16.14,2.08,-30.0,17.38,1.86,-858.0,13.96,0.8,1.0,40.77,59.23,101.0,3948.0,17.5,17.2,17.8,17.65
20060412,0.0,2383,台光電,0.0,72.93,0.0,17.75,,16.14,2.07,-30.0,17.38,1.01,-1614.0,14.14,0.84,69.0,65.23,34.77,195.0,5507.0,17.75,17.0,17.8,17.1
20060413,5.13,2383,台光電,0.07,80.95,0.08,17.4,,16.14,2.07,0.0,17.38,0.09,-1750.0,14.14,0.8,-71.0,41.79,58.21,269.0,10464.0,17.4,17.35,18.3,17.95
20060414,17.54,2383,台光電,0.11,81.98,0.13,17.45,,16.14,1.96,-200.0,,0.0,-1071.0,14.3,0.83,55.0,44.38,55.62,462.0,11035.0,17.45,17.1,17.8,17.4
20060417,0.48,2383,台光電,0.08,81.33,0.1,17.25,,16.14,1.96,0.0,,0.0,0.0,15.05,1.12,501.0,40.14,59.86,340.0,5649.0,17.25,17.15,17.75,17.65
20060418,12.22,2383,台光電,0.85,84.64,1.01,17.5,,16.17,2.01,100.0,,0.0,-2.0,15.12,1.11,-10.0,55.83,44.17,793.0,13587.0,17.5,17.3,18.3,17.3
20060419,10.09,2383,台光電,0.81,85.12,0.95,17.55,,16.17,2.01,0.0,17.55,0.11,215.0,15.13,0.79,-558.0,44.15,55.85,629.0,11164.0,17.55,17.5,18.25,18.0
20060420,15.42,2383,台光電,1.73,84.22,2.05,18.15,,16.4,2.28,500.0,17.59,0.12,16.0,15.13,0.79,0.0,61.58,38.42,1071.0,11036.0,18.15,17.65,18.15,17.85
20060421,19.49,2383,台光電,1.93,86.65,2.23,17.55,,16.4,2.28,0.0,17.59,0.01,-216.0,15.13,0.79,0.0,49.4,50.6,548.0,18031.0,17.55,17.55,18.65,18.4
20060424,18.79,2383,台光電,2.17,85.72,2.53,17.7,,16.4,2.28,0.0,17.59,0.01,0.0,15.14,0.8,5.0,53.93,46.07,323.0,7552.0,17.7,17.4,18.0,17.55
20060425,2.26,2383,台光電,0.93,83.83,1.12,17.0,,16.4,2.01,-500.0,,0.0,-15.0,15.23,0.84,70.0,30.87,69.13,494.0,7838.0,17.0,17.0,17.9,17.9
20060426,13.87,2383,台光電,1.45,83.91,1.73,18.15,,16.4,2.01,0.0,,0.0,0.0,15.24,0.8,-65.0,75.05,24.95,7.0,13117.0,18.15,17.6,18.15,17.7
20060427,8.14,2383,台光電,1.27,84.12,1.51,17.9,,16.4,2.01,0.0,,0.0,0.0,15.24,0.8,1.0,44.48,55.52,410.0,17827.0,17.9,17.8,18.7,18.65
20060428,19.56,2383,台光電,1.25,83.49,1.5,18.2,,16.4,2.01,0.0,,0.0,0.0,15.24,0.79,-10.0,53.6,46.4,554.0,9092.0,18.2,17.4,18.4,17.95
20060502,21.57,2383,台光電,1.57,83.93,1.88,18.45,,16.4,1.49,-1000.0,,0.0,0.0,15.24,0.79,0.0,61.67,38.33,700.0,18699.0,18.45,18.25,19.2,18.25
20060503,8.98,2383,台光電,1.34,82.53,1.62,18.2,,16.4,1.22,-500.0,18.2,0.0,1.0,15.24,0.79,-1.0,51.94,48.06,462.0,10800.0,18.2,17.9,18.75,18.5
20060504,2.16,2383,台光電,1.15,82.47,1.39,17.7,,16.4,0.96,-500.0,,0.0,-6.0,15.36,0.84,74.0,41.04,58.96,518.0,8021.0,17.7,17.6,18.4,18.2
20060505,0.88,2383,台光電,0.99,81.33,1.22,17.3,,16.4,0.96,0.0,17.3,0.0,3.0,15.36,0.84,0.0,31.77,68.23,482.0,6159.0,17.3,17.3,18.0,17.7
20060508,1.16,2383,台光電,0.91,79.62,1.14,16.7,,16.4,0.96,0.0,17.3,0.0,0.0,15.36,0.83,-1.0,33.93,66.07,423.0,5861.0,16.7,16.6,17.5,17.5
20060509,12.41,2383,台光電,1.33,80.79,1.64,16.9,,16.4,0.91,-100.0,17.17,0.0,0.0,15.67,1.04,361.0,40.83,59.17,213.0,5770.0,16.9,16.5,17.15,16.5
20060510,1.7,2383,台光電,0.97,80.46,1.21,16.4,,16.4,0.79,-230.0,17.17,0.0,-1.0,15.68,1.06,30.0,36.07,63.93,200.0,5772.0,16.4,15.9,17.15,17.1
20060511,18.55,2383,台光電,1.07,80.89,1.33,16.7,,16.4,0.79,0.0,17.01,0.0,1.0,15.73,1.09,58.0,56.86,43.14,140.0,4140.0,16.7,16.25,16.9,16.4
20060512,13.41,2383,台光電,1.01,78.36,1.29,16.85,,16.4,0.79,0.0,17.01,0.0,0.0,15.74,1.06,-57.0,57.61,42.39,407.0,4087.0,16.85,16.5,16.95,16.6
20060515,14.29,2383,台光電,1.13,77.16,1.46,17.0,,16.58,1.12,630.0,17.01,0.0,-1.0,15.75,0.98,-131.0,52.5,47.5,232.0,6040.0,17.0,16.8,17.5,16.8
20060516,5.47,2383,台光電,1.1,77.2,1.43,16.55,,16.58,1.22,200.0,17.01,0.0,0.0,15.75,0.9,-143.0,33.44,66.56,272.0,3254.0,16.55,16.55,17.4,17.2
20060517,5.74,2383,台光電,1.17,77.82,1.51,16.6,,16.58,1.22,0.0,17.01,0.0,0.0,15.75,0.88,-41.0,33.21,66.79,247.0,2247.0,16.6,16.5,16.85,16.8
20060518,13.61,2383,台光電,1.04,78.01,1.33,16.75,,16.58,1.22,0.0,16.92,0.0,1.0,15.75,0.88,0.0,62.25,37.75,225.0,2859.0,16.75,16.3,16.75,16.55
20060519,28.96,2383,台光電,1.22,79.7,1.54,17.2,,16.58,1.22,0.0,16.92,0.0,-1.0,15.75,0.88,-2.0,59.67,40.33,430.0,9893.0,17.2,17.0,17.5,17.0
20060522,8.93,2383,台光電,1.15,77.29,1.49,17.0,,16.58,1.22,0.0,17.0,0.05,100.0,15.75,0.88,-1.0,36.98,63.02,302.0,5948.0,17.0,17.0,17.7,17.5
20060523,2.06,2383,台光電,1.07,76.18,1.41,16.75,,16.58,1.26,60.0,16.99,0.04,-34.0,15.75,0.84,-61.0,38.8,61.2,206.0,2722.0,16.75,16.7,17.2,16.9
20060524,59.0,2383,台光電,1.2,76.79,1.56,17.1,,16.58,1.26,0.0,17.04,0.06,48.0,15.76,0.85,9.0,61.31,38.69,426.0,10771.0,17.1,16.75,17.3,16.85
20060525,0.68,2383,台光電,1.1,75.94,1.45,16.5,,16.58,1.26,0.0,17.04,0.06,-1.0,15.76,0.85,0.0,23.65,76.35,289.0,2359.0,16.5,16.5,17.2,17.1
20060526,0.53,2383,台光電,1.1,76.0,1.44,16.1,,16.58,1.26,0.0,17.04,0.06,0.0,15.76,0.85,1.0,32.88,67.12,197.0,3046.0,16.1,16.0,16.9,16.7
20060529,9.42,2383,台光電,1.21,75.36,1.6,16.2,4.5,16.58,1.26,0.0,17.02,0.03,-49.0,15.77,0.86,13.0,37.14,62.86,125.0,2070.0,16.2,16.05,16.35,16.15
20060530,4.19,2383,台光電,1.17,75.67,1.54,16.1,,16.58,0.92,-630.0,17.02,0.03,-1.0,15.77,0.86,0.0,42.25,57.75,96.0,1814.0,16.1,16.05,16.4,16.2
20060601,20.08,2383,台光電,1.22,76.37,1.6,16.15,4.5,16.58,0.82,-200.0,17.02,0.0,-63.0,15.77,0.86,0.0,45.2,54.8,308.0,2649.0,16.15,16.15,16.45,16.4
20060602,45.93,2383,台光電,1.27,77.37,1.64,16.05,5.5,16.58,0.82,0.0,17.02,0.0,0.0,15.77,0.77,4.0,59.11,40.89,209.0,7681.0,16.05,15.95,16.45,16.2
20060605,1.8,2383,台光電,1.18,75.68,1.56,14.95,5.5,16.58,0.82,0.0,17.02,0.0,0.0,15.72,0.82,92.0,14.16,85.84,20.0,3831.0,14.95,14.95,16.2,16.0
20060606,0.0,2383,台光電,1.02,73.47,1.38,14.1,4.6,16.58,0.74,-150.0,17.02,0.0,0.0,15.71,0.8,-40.0,17.51,82.49,165.0,3702.0,14.1,13.95,14.6,14.1
20060607,0.76,2383,台光電,1.04,72.66,1.43,13.15,4.5,16.58,0.56,-336.0,17.02,0.0,0.0,15.69,0.79,-11.0,25.93,74.07,36.0,4091.0,13.15,13.15,14.1,14.1
20060608,0.0,2383,台光電,0.97,69.73,1.39,12.25,4.6,16.58,0.56,0.0,14.16,0.0,3.0,15.69,0.79,0.0,14.11,85.89,3.0,4697.0,12.25,12.25,12.7,12.6
20060609,16.02,2383,台光電,0.98,68.67,1.43,12.8,4.6,16.58,0.56,0.0,14.16,0.0,-3.0,15.68,0.75,-83.0,52.34,47.66,153.0,4870.0,12.8,11.5,12.85,12.25
20060612,5.95,2383,台光電,0.88,69.05,1.28,12.55,6.3,16.58,0.49,-130.0,14.16,0.0,0.0,15.68,0.75,0.0,44.51,55.49,97.0,2469.0,12.55,12.5,12.95,12.9
20060613,5.36,2383,台光電,0.77,68.79,1.12,11.95,4.9,16.58,0.44,-100.0,14.16,0.0,0.0,15.68,0.75,0.0,43.56,56.44,243.0,3267.0,11.95,11.8,12.65,12.45
20060614,13.34,2383,台光電,0.8,69.65,1.15,12.35,5.0,16.58,0.44,0.0,14.16,0.0,0.0,15.68,0.75,0.0,57.58,42.42,229.0,2834.0,12.35,12.0,12.4,12.0
20060615,6.55,2383,台光電,1.05,68.65,1.53,12.25,5.3,16.58,0.39,-100.0,14.16,0.0,0.0,15.68,0.75,0.0,43.82,56.18,212.0,2745.0,12.25,12.2,12.8,12.8
20060616,14.04,2383,台光電,1.03,69.0,1.49,12.5,4.9,16.58,0.39,0.0,14.16,0.0,0.0,15.68,0.75,0.0,43.53,56.47,187.0,2693.0,12.5,12.4,12.8,12.8
20060619,7.92,2383,台光電,1.1,68.66,1.61,12.4,,16.58,0.25,-270.0,14.16,0.0,0.0,15.57,0.78,48.0,38.85,61.15,388.0,1792.0,12.4,12.4,12.7,12.7
20060620,0.63,2383,台光電,0.81,68.02,1.2,11.9,4.9,16.58,0.15,-192.0,14.16,0.0,-1.0,15.57,0.75,-51.0,27.71,72.29,108.0,1894.0,11.9,11.6,12.4,12.4
20060621,1.95,2383,台光電,0.58,67.35,0.86,11.25,5.0,16.58,0.01,-250.0,12.7,0.0,1.0,15.57,0.75,-2.0,35.9,64.1,88.0,2201.0,11.25,11.2,12.0,11.5
20060622,8.84,2383,台光電,0.78,67.27,1.16,12.0,4.6,16.58,0.01,0.0,12.18,0.0,2.0,15.52,0.76,20.0,61.3,38.7,1.0,2057.0,12.0,11.45,12.0,11.45
20060623,6.38,2383,台光電,0.44,67.16,0.65,12.0,5.3,,0.0,-131.0,12.09,0.0,-2.0,15.52,0.76,2.0,44.46,55.54,141.0,1770.0,12.0,11.65,12.0,11.9
20060626,6.16,2383,台光電,0.47,68.07,0.68,12.7,4.9,,0.0,-100.0,12.09,0.0,0.0,15.51,0.75,-17.0,63.72,36.28,94.0,2501.0,12.7,12.05,12.75,12.05
20060627,2.8,2383,台光電,1.26,68.2,1.84,13.55,7.1,,0.0,-130.0,13.34,0.0,5.0,15.49,0.76,22.0,59.77,40.23,538.0,5509.0,13.55,12.55,13.55,12.6
20060628,15.26,2383,台光電,1.34,67.97,1.97,13.6,7.5,,0.0,0.0,13.34,0.0,-1.0,15.48,0.74,-34.0,57.21,42.79,180.0,5308.0,13.6,13.3,13.8,13.5
20060629,2.55,2383,台光電,1.28,67.39,1.89,13.3,7.0,,0.0,0.0,13.34,0.0,-3.0,15.48,0.74,-1.0,28.43,71.57,282.0,3257.0,13.3,13.3,13.95,13.8
20060630,2.82,2383,台光電,1.36,68.63,1.97,13.5,5.7,,0.0,0.0,13.4,0.0,2.0,15.48,0.75,5.0,53.06,46.94,132.0,2939.0,13.5,13.4,13.8,13.8
20060703,6.38,2383,台光電,0.77,68.62,1.12,13.9,6.5,,0.0,0.0,13.4,0.0,0.0,15.48,0.75,2.0,58.81,41.19,97.0,2114.0,13.9,13.5,13.95,13.7
20060704,24.9,2383,台光電,0.89,67.16,1.33,13.9,6.9,13.9,0.77,1500.0,13.49,0.0,1.0,15.46,0.75,5.0,48.52,51.48,192.0,5997.0,13.9,13.9,14.4,14.2
20060705,4.61,2383,台光電,0.89,67.03,1.32,13.6,8.0,13.9,0.77,0.0,13.53,0.0,2.0,15.46,0.75,0.0,41.08,58.92,138.0,2473.0,13.6,13.5,14.15,13.9
20060706,8.04,2383,台光電,0.94,66.86,1.4,13.9,6.2,13.9,0.77,0.0,13.53,0.0,-2.0,15.46,0.75,0.0,51.84,48.16,145.0,1442.0,13.9,13.55,13.95,13.6
20060707,2.05,2383,台光電,0.89,66.7,1.34,13.6,7.4,13.9,0.77,0.0,13.53,0.0,-3.0,15.46,0.75,0.0,36.45,63.55,151.0,1121.0,13.6,13.6,14.0,14.0
20060710,7.19,2383,台光電,1.4,67.24,2.08,13.6,6.2,13.9,0.77,0.0,13.53,0.0,0.0,15.45,0.76,13.0,41.04,58.96,145.0,1306.0,13.6,13.5,13.7,13.5
20060711,21.69,2383,台光電,1.64,67.29,2.44,13.6,6.7,13.9,0.77,0.0,13.53,0.0,0.0,15.45,0.75,-13.0,45.54,54.46,146.0,1766.0,13.6,13.5,14.05,13.5
20060712,21.49,2383,台光電,1.78,66.1,2.7,14.55,6.3,13.9,0.77,0.0,13.53,0.0,0.0,15.45,0.75,0.0,95.49,4.51,5.0,5597.0,14.55,13.8,14.55,13.9
20060713,0.0,2383,台光電,1.39,66.93,2.07,13.65,7.9,13.9,0.77,0.0,13.53,0.0,0.0,15.45,0.75,-5.0,40.57,59.43,251.0,4794.0,13.65,13.6,14.5,14.5
20060714,0.0,2383,台光電,1.09,66.93,1.64,13.4,5.8,13.9,0.77,0.0,13.53,0.0,0.0,15.45,0.74,-9.0,43.66,56.34,69.0,1693.0,13.4,13.2,13.45,13.35
20060717,0.05,2383,台光電,0.8,65.87,1.21,12.65,4.9,13.9,0.77,0.0,13.53,0.0,0.0,15.4,0.74,-7.0,27.7,72.3,55.0,1896.0,12.65,12.6,13.4,13.25
20060718,11.82,2383,台光電,0.81,65.58,1.24,13.2,4.6,13.9,0.77,0.0,13.53,0.0,0.0,15.4,0.73,-25.0,64.34,35.66,120.0,1421.0,13.2,12.8,13.2,12.8
20060719,19.83,2383,台光電,1.03,65.77,1.56,13.5,5.3,13.9,0.77,0.0,13.53,0.0,-2.0,15.4,0.73,-1.0,55.14,44.86,223.0,2148.0,13.5,13.0,13.5,13.3
20060720,10.5,2383,台光電,1.05,65.83,1.6,13.5,6.2,13.9,0.77,0.0,13.51,0.0,1.0,15.4,0.73,1.0,43.27,56.73,185.0,2706.0,13.5,13.2,13.95,13.55
20060721,0.0,2383,台光電,0.72,66.02,1.09,13.45,6.7,13.9,0.77,0.0,13.51,0.0,0.0,15.4,0.73,0.0,41.87,58.13,94.0,1115.0,13.45,13.2,13.5,13.5
20060724,6.38,2383,台光電,0.44,65.51,0.67,13.3,5.3,13.9,0.77,0.0,13.51,0.0,0.0,15.4,0.73,-1.0,37.26,62.74,44.0,800.0,13.3,13.05,13.7,13.25
20060725,4.33,2383,台光電,0.44,65.87,0.66,13.3,5.7,13.9,0.77,0.0,13.51,0.0,0.0,15.4,0.73,0.0,35.1,64.9,51.0,945.0,13.3,13.25,13.65,13.6
20060726,9.64,2383,台光電,0.38,65.79,0.57,13.3,5.4,13.9,0.77,0.0,13.51,0.0,0.0,15.4,0.73,0.0,40.38,59.62,90.0,590.0,13.3,13.25,13.45,13.3
20060727,2.23,2383,台光電,0.16,65.97,0.25,13.35,5.8,13.9,0.77,0.0,13.51,0.0,0.0,15.4,0.73,0.0,54.87,45.13,50.0,762.0,13.35,13.2,13.45,13.45
20060728,21.59,2383,台光電,0.19,66.32,0.28,13.6,6.6,13.9,0.77,0.0,13.51,0.0,0.0,15.4,0.73,0.0,61.89,38.11,47.0,1972.0,13.6,13.3,13.75,13.4
20060731,33.97,2383,台光電,0.15,66.74,0.22,13.5,7.9,13.9,0.77,0.0,13.51,0.0,0.0,15.4,0.73,0.0,41.61,58.39,92.0,1253.0,13.5,13.4,13.9,13.9
20060801,0.78,2383,台光電,0.15,66.67,0.22,13.4,6.2,13.9,0.77,0.0,13.51,0.0,0.0,15.4,0.73,0.0,35.94,64.06,19.0,643.0,13.4,13.4,13.6,13.6
20060802,3.58,2383,台光電,0.14,66.77,0.21,13.5,6.2,13.9,0.77,0.0,13.51,0.0,0.0,15.4,0.73,0.0,,,,978.0,13.5,13.3,13.6,13.45
20060803,18.82,2383,台光電,0.16,66.4,0.24,13.6,7.9,13.9,0.77,0.0,13.51,0.0,0.0,15.4,0.73,0.0,52.32,47.68,180.0,2551.0,13.6,13.6,13.95,13.65
20060804,52.26,2383,台光電,0.16,66.33,0.24,13.95,8.4,13.9,0.77,0.0,13.51,0.0,0.0,15.4,0.73,0.0,68.21,31.79,144.0,6160.0,13.95,13.65,14.3,13.65
20060807,0.24,2383,台光電,0.15,66.35,0.23,13.6,8.0,13.9,0.77,0.0,13.51,0.0,0.0,15.4,0.73,0.0,18.28,81.72,94.0,816.0,13.6,13.6,13.95,13.8
20060808,4.43,2383,台光電,0.11,66.52,0.17,13.75,6.2,13.9,0.77,0.0,13.51,0.0,0.0,15.4,0.73,0.0,55.06,44.94,94.0,969.0,13.75,13.7,13.85,13.7
20060809,36.33,2383,台光電,0.14,67.6,0.2,14.05,6.7,13.9,0.77,0.0,13.51,0.0,0.0,15.4,0.72,-13.0,58.95,41.05,144.0,4588.0,14.05,13.65,14.3,13.8
20060810,1.43,2383,台光電,0.12,67.38,0.17,14.0,,13.9,0.77,0.0,13.68,0.0,1.0,15.19,0.85,250.0,32.97,67.03,144.0,2032.0,14.0,13.95,14.2,14.05
20060811,7.36,2383,台光電,0.14,67.14,0.21,13.9,6.6,13.9,0.77,0.0,13.68,0.0,-1.0,15.19,0.85,0.0,38.68,61.32,155.0,2433.0,13.9,13.8,14.25,14.1
20060814,0.67,2383,台光電,0.13,66.9,0.2,13.9,,13.9,0.77,0.0,13.68,0.0,0.0,15.19,0.85,0.0,30.62,69.38,147.0,1038.0,13.9,13.9,14.1,14.05
20060815,23.54,2383,台光電,0.14,67.9,0.2,14.2,6.1,13.9,0.77,0.0,13.68,0.0,0.0,15.19,0.85,0.0,58.25,41.75,120.0,4138.0,14.2,14.0,14.45,14.0
20060816,14.44,2383,台光電,0.31,69.24,0.44,14.5,7.5,13.9,0.77,0.0,13.68,0.0,0.0,15.19,0.85,0.0,63.09,36.91,213.0,3988.0,14.5,14.25,14.6,14.4
20060817,2.88,2383,台光電,0.11,69.59,0.16,14.2,7.0,13.98,1.03,500.0,13.68,0.0,0.0,15.19,0.72,-250.0,35.38,64.62,166.0,3573.0,14.2,14.15,14.75,14.6
20060818,1.35,2383,台光電,0.1,69.05,0.15,14.0,6.2,13.98,1.18,300.0,13.68,0.0,0.0,15.19,0.72,0.0,34.5,65.5,171.0,1412.0,14.0,14.0,14.3,14.2
20060821,0.0,2383,台光電,0.09,68.0,0.13,13.05,4.6,13.98,1.18,0.0,13.68,0.0,0.0,15.15,0.73,29.0,14.32,85.68,38.0,2252.0,13.05,13.05,14.1,14.0
20060822,0.0,2383,台光電,0.06,68.11,0.09,13.5,4.6,13.98,1.18,0.0,,0.0,-2.0,15.14,0.73,-8.0,54.19,45.81,134.0,1167.0,13.5,12.7,13.5,13.0
20060823,0.0,2383,台光電,0.0,67.86,0.0,13.25,4.5,13.98,1.18,0.0,,0.0,0.0,15.14,0.73,-4.0,39.94,60.06,26.0,1359.0,13.25,13.0,13.5,13.3
20060824,0.0,2383,台光電,0.0,66.93,0.0,13.1,4.6,13.98,1.18,0.0,,0.0,0.0,15.14,0.72,-17.0,40.05,59.95,76.0,766.0,13.1,13.0,13.45,13.1
20060825,0.0,2383,台光電,0.0,65.83,0.0,13.2,4.1,13.98,1.18,0.0,13.2,0.03,50.0,15.12,0.73,20.0,32.93,67.07,115.0,2498.0,13.2,13.1,13.5,13.15
20060828,0.0,2383,台光電,0.0,63.84,0.0,12.65,5.9,13.98,1.18,0.0,12.65,0.03,0.0,15.12,0.73,0.0,22.29,77.71,361.0,3206.0,12.65,12.55,13.25,13.25
20060829,11.1,2383,台光電,0.07,65.31,0.11,12.3,5.1,13.29,1.18,0.0,12.03,0.0,-50.0,14.37,0.72,-20.0,57.69,42.31,88.0,2198.0,12.3,12.15,12.45,12.15
20060830,6.51,2383,台光電,0.34,66.19,0.51,12.75,4.5,13.29,1.18,0.0,12.03,0.0,0.0,14.37,0.72,2.0,53.11,46.89,54.0,1982.0,12.75,12.3,12.8,12.3
20060831,13.15,2383,台光電,0.64,67.15,0.96,13.6,,13.29,1.18,0.0,12.03,0.0,0.0,14.33,0.76,75.0,74.97,25.03,120.0,5039.0,13.6,12.85,13.6,13.0
20060901,24.93,2383,台光電,1.49,69.39,2.14,13.9,7.1,13.34,1.28,210.0,12.03,0.0,0.0,14.14,1.37,1187.0,61.39,38.61,525.0,9149.0,13.9,13.4,13.9,13.6
20060904,7.64,2383,台光電,2.48,63.2,3.93,14.85,7.1,13.34,1.28,0.0,14.71,0.03,51.0,14.61,4.05,5216.0,69.16,30.84,473.0,12957.0,14.85,13.9,14.85,14.2
20060905,8.43,2383,台光電,3.17,61.63,5.15,14.9,7.5,13.34,1.18,-210.0,14.89,0.05,51.0,14.61,3.89,-304.0,38.4,61.6,130.0,6857.0,14.9,14.75,15.3,15.3
20060906,18.63,2383,台光電,2.71,62.79,4.32,14.2,6.6,13.34,1.18,0.0,14.89,0.05,0.0,14.61,3.73,-311.0,37.07,62.93,160.0,3101.0,14.2,14.1,14.9,14.6
20060907,10.41,2383,台光電,2.49,65.44,3.8,14.3,6.2,13.45,1.33,315.0,14.89,0.05,1.0,14.61,2.92,-1585.0,61.49,38.51,197.0,3565.0,14.3,14.05,14.4,14.05
20060908,12.43,2383,台光電,6.11,68.43,8.93,15.3,,13.97,1.85,1058.0,15.29,0.18,260.0,14.64,3.04,237.0,77.76,22.24,364.0,12308.0,15.3,14.15,15.3,14.2
20060911,14.18,2383,台光電,6.35,67.66,9.39,15.3,8.0,14.24,2.33,1000.0,15.3,0.26,162.0,14.64,3.04,0.0,49.49,50.51,219.0,7025.0,15.3,15.1,15.7,15.4
20060912,5.04,2383,台光電,5.61,67.32,8.33,14.85,7.5,14.32,2.66,680.0,15.3,0.26,2.0,14.65,3.07,66.0,28.51,71.49,117.0,4006.0,14.85,14.85,15.35,15.15
20060913,3.97,2383,台光電,4.42,67.07,6.58,14.6,5.8,14.32,2.54,-251.0,15.3,0.26,0.0,14.65,3.07,0.0,35.92,64.08,134.0,3047.0,14.6,14.55,15.25,14.95
20060914,3.72,2383,台光電,3.74,66.94,5.59,14.05,,14.32,2.47,-139.0,15.3,0.18,-164.0,14.65,3.07,0.0,28.27,71.73,56.0,3250.0,14.05,13.6,14.8,14.5
20060915,23.51,2383,台光電,3.68,66.69,5.51,14.1,5.9,14.32,2.33,-290.0,15.29,0.18,-2.0,14.64,3.08,8.0,62.53,37.47,170.0,2454.0,14.1,13.8,14.2,13.8
20060918,15.5,2383,台光電,3.81,66.28,5.74,14.9,5.8,14.34,2.41,150.0,15.28,0.18,9.0,14.64,3.08,0.0,58.83,41.17,96.0,2805.0,14.9,14.4,15.0,14.5
20060919,9.9,2383,台光電,3.34,66.72,5.0,14.95,6.7,14.34,2.41,0.0,15.28,0.18,-7.0,14.64,3.08,-1.0,50.64,49.36,88.0,2354.0,14.95,14.65,15.1,14.9
20060920,9.38,2383,台光電,2.28,66.74,3.42,14.9,6.1,14.34,2.41,0.0,15.28,0.18,-2.0,14.64,3.07,-7.0,43.91,56.09,97.0,2153.0,14.9,14.75,15.1,14.75
20060921,12.21,2383,台光電,2.83,66.45,4.26,15.25,5.7,14.49,2.89,1000.0,15.28,0.03,-311.0,14.65,3.12,87.0,57.97,42.03,151.0,5153.0,15.25,15.0,15.4,15.0
20060922,15.66,2383,台光電,3.44,65.65,5.24,15.65,8.0,14.68,3.45,1140.0,15.28,0.03,0.0,14.65,3.12,0.0,53.59,46.41,304.0,5428.0,15.65,15.25,15.9,15.25
20060925,1.08,2383,台光電,2.8,66.69,4.19,15.25,8.0,14.68,3.45,0.0,,0.0,-408.0,14.66,2.58,-1038.0,46.23,53.77,195.0,3138.0,15.25,15.1,15.75,15.7
20060926,0.74,2383,台光電,2.53,67.38,3.76,14.85,6.6,14.68,3.45,0.0,,0.0,-95.0,14.66,1.95,-1242.0,41.0,59.0,121.0,3494.0,14.85,14.7,15.35,15.3
20060927,5.57,2383,台光電,2.99,67.09,4.45,15.2,5.4,14.68,3.45,0.0,,0.0,-30.0,14.94,2.35,784.0,56.81,43.19,201.0,4599.0,15.2,14.9,15.2,15.0
20060928,12.18,2383,台光電,5.76,62.22,9.26,16.25,,14.79,3.72,560.0,,0.0,-100.0,15.68,5.39,5922.0,69.39,30.61,35.0,15228.0,16.25,15.25,16.25,15.35
20060929,21.92,2383,台光電,7.34,61.6,11.91,16.6,8.0,14.79,3.62,0.0,,0.0,-783.0,15.86,6.72,2600.0,52.08,47.92,761.0,11738.0,16.6,16.3,17.0,16.5
20061002,7.0,2383,台光電,6.53,61.24,10.66,16.45,7.1,14.79,3.34,-600.0,,0.0,-299.0,15.94,7.34,338.0,50.14,49.86,195.0,4186.0,16.45,16.2,16.9,16.9
20061003,4.14,2383,台光電,6.26,62.8,9.97,16.4,7.0,14.79,2.96,-800.0,,0.0,0.0,15.94,7.34,0.0,41.32,58.68,148.0,3161.0,16.4,16.25,16.65,16.35
20061004,18.21,2383,台光電,6.67,63.29,10.54,16.4,6.2,14.79,2.96,0.0,,0.0,-202.0,15.94,7.33,-5.0,50.65,49.35,239.0,5348.0,16.4,16.3,16.8,16.5
20061005,8.88,2383,台光電,6.08,63.96,9.51,16.3,6.7,14.79,2.72,-500.0,16.3,0.0,10.0,15.97,7.64,617.0,50.66,49.34,202.0,4426.0,16.3,16.3,16.8,16.8
20061006,,2383,台光電,,,,,5.8,,,,,,,,,,,,,,,,,
20061009,,2383,台光電,,,,,5.8,,,,,,,,,,,,,,,,,
20061010,,2383,台光電,,,,,5.8,,,,,,,,,,,,,,,,,
20061011,3.69,2383,台光電,5.47,63.39,8.63,16.0,5.8,14.79,2.72,0.0,,0.0,-200.0,15.97,7.75,235.0,29.7,70.3,186.0,2814.0,16.0,15.8,16.5,16.2
20061012,13.32,2383,台光電,5.87,64.65,9.07,16.35,,14.79,2.3,-900.0,,0.0,-397.0,16.0,8.27,1059.0,57.82,42.18,236.0,5209.0,16.35,16.2,16.7,16.4
20061013,22.18,2383,台光電,6.59,63.29,10.41,17.1,6.7,14.79,2.18,-240.0,17.1,0.24,512.0,16.03,8.55,595.0,63.13,36.87,321.0,7880.0,17.1,16.35,17.3,16.65
20061014,0.49,2383,台光電,6.5,61.16,10.63,16.7,7.5,14.79,2.18,0.0,17.01,0.31,151.0,16.03,8.55,-4.0,31.17,68.83,209.0,3640.0,16.7,16.6,17.25,17.25
20061016,3.57,2383,台光電,6.4,60.42,10.59,16.5,5.3,14.79,2.13,-110.0,16.94,0.36,102.0,16.03,8.55,0.0,32.29,67.71,255.0,3218.0,16.5,16.5,16.95,16.8
20061017,4.43,2383,台光電,6.67,60.32,11.06,16.6,5.3,14.79,2.13,0.0,16.94,0.32,-99.0,16.05,8.76,434.0,52.87,47.13,192.0,2594.0,16.6,16.5,16.95,16.8
20061018,0.56,2383,台光電,6.25,58.08,10.76,16.4,,14.79,2.13,0.0,16.94,0.3,-30.0,16.06,9.19,871.0,35.65,64.35,116.0,2330.0,16.4,16.3,16.7,16.6
20061019,17.47,2383,台光電,7.77,60.51,12.84,17.45,5.3,14.9,2.22,184.0,16.94,0.18,-246.0,16.17,9.93,1522.0,70.5,29.5,374.0,12545.0,17.45,16.45,17.5,16.45
20061020,4.08,2383,台光電,7.26,59.44,12.21,17.35,,15.11,2.43,450.0,16.94,0.19,2.0,16.17,9.89,-77.0,46.47,53.53,254.0,8692.0,17.35,17.1,17.8,17.65
20061023,0.19,2383,台光電,6.9,56.6,12.2,17.2,6.1,15.14,2.46,66.0,16.94,0.15,-84.0,16.25,10.76,1786.0,41.79,58.21,174.0,4170.0,17.2,16.9,17.5,17.45
20061024,13.57,2383,台光電,7.8,53.36,14.62,17.6,6.1,15.31,2.3,-341.0,16.95,0.13,-42.0,16.47,12.84,4264.0,59.48,40.52,308.0,10648.0,17.6,17.3,17.9,17.35
20061025,15.29,2383,台光電,8.28,53.58,15.45,17.65,7.5,15.31,2.3,0.0,16.95,0.11,-40.0,16.49,13.03,398.0,54.86,45.14,459.0,9453.0,17.65,17.65,18.1,17.8
20061026,90.32,2383,台光電,7.78,54.01,14.41,17.35,6.6,15.31,1.97,-696.0,16.95,0.11,-2.0,16.49,13.01,-50.0,38.6,61.4,266.0,3635.0,17.35,17.3,17.8,17.65
20061027,1.8,2383,台光電,7.45,55.14,13.51,16.9,,15.31,1.41,-1174.0,16.95,0.11,0.0,16.49,12.55,-935.0,32.42,67.58,251.0,5011.0,16.9,16.9,17.55,17.35
20061030,8.18,2383,台光電,7.53,56.34,13.37,17.0,,15.31,1.14,-586.0,,0.0,-370.0,16.49,12.55,0.0,54.32,45.68,177.0,3301.0,17.0,16.8,17.15,16.9
20061031,4.03,2383,台光電,7.17,57.75,12.42,16.45,,15.31,1.14,0.0,,0.0,-775.0,16.49,11.84,-1455.0,42.57,57.43,284.0,7496.0,16.45,16.3,17.45,17.3
20061101,6.64,2383,台光電,7.36,58.08,12.68,16.45,4.2,15.31,0.74,-827.0,,0.0,0.0,16.49,11.57,-566.0,49.26,50.74,389.0,5982.0,16.45,16.4,16.8,16.6
20061102,6.51,2383,台光電,6.94,60.14,11.54,16.25,3.7,15.31,0.56,-380.0,,0.0,0.0,16.49,10.67,-1850.0,42.66,57.34,221.0,6100.0,16.25,16.15,16.55,16.3
20061103,6.08,2383,台光電,6.63,63.1,10.51,16.35,4.2,15.31,0.29,-573.0,,0.0,0.0,16.49,9.87,-1640.0,51.47,48.53,246.0,6988.0,16.35,16.3,16.55,16.35
20061106,14.24,2383,台光電,6.18,61.97,9.97,16.0,5.1,15.31,0.29,0.0,,0.0,0.0,16.48,9.82,-101.0,42.38,57.62,159.0,2985.0,16.0,15.9,16.25,16.0
20061107,7.28,2383,台光電,6.29,63.24,9.94,16.7,3.7,15.31,0.02,-574.0,,0.0,0.0,16.48,9.68,-286.0,54.45,45.55,271.0,7085.0,16.7,16.2,16.7,16.2
20061108,4.2,2383,台光電,6.27,63.77,9.83,16.7,5.9,15.31,0.02,0.0,,0.0,-204.0,16.48,9.68,0.0,49.33,50.67,238.0,7215.0,16.7,16.65,17.0,17.0
20061109,1.94,2383,台光電,6.04,62.99,9.59,16.3,5.9,15.31,0.02,0.0,,0.0,0.0,16.48,9.68,0.0,37.27,62.73,259.0,5569.0,16.3,16.3,16.9,16.8
20061110,6.01,2383,台光電,6.2,62.29,9.95,16.3,4.5,15.31,0.02,0.0,,0.0,0.0,16.48,9.68,0.0,43.76,56.24,106.0,2012.0,16.3,16.15,16.45,16.3
20061113,3.56,2383,台光電,6.23,62.78,9.93,16.35,4.1,15.31,0.02,0.0,,0.0,0.0,16.48,9.54,-292.0,43.83,56.17,276.0,2301.0,16.35,16.35,16.6,16.4
20061114,7.25,2383,台光電,6.31,62.74,10.05,16.5,5.4,15.31,0.02,0.0,,0.0,0.0,16.48,9.54,-5.0,61.82,38.18,155.0,3859.0,16.5,16.35,16.75,16.5
20061115,19.53,2383,台光電,6.54,64.0,10.22,16.75,5.4,15.31,0.02,0.0,16.75,0.02,50.0,16.48,9.54,0.0,56.16,43.84,389.0,6880.0,16.75,16.6,17.2,16.8
20061116,10.44,2383,台光電,6.78,63.59,10.67,17.05,6.7,,0.0,-40.0,16.75,0.02,0.0,16.5,9.87,693.0,55.66,44.34,286.0,8249.0,17.05,16.9,17.3,16.9
20061117,15.85,2383,台光電,6.75,62.38,10.83,17.1,7.6,,0.0,0.0,,0.0,-50.0,16.53,10.37,1018.0,54.61,45.39,342.0,7020.0,17.1,17.0,17.35,17.2
20061120,0.79,2383,台光電,6.72,62.79,10.71,16.8,7.1,,0.0,0.0,,0.0,0.0,16.53,10.37,0.0,23.79,76.21,181.0,2779.0,16.8,16.8,17.25,17.2
20061121,36.06,2383,台光電,6.76,65.37,10.35,17.05,5.8,,0.0,0.0,,0.0,0.0,16.56,10.1,-975.0,67.01,32.99,265.0,7693.0,17.05,16.85,17.45,17.0
20061122,17.13,2383,台光電,6.93,64.13,10.8,17.4,7.6,,0.0,0.0,,0.0,0.0,16.56,9.89,-1.0,62.88,37.12,261.0,8193.0,17.4,16.95,17.5,17.1
20061123,1.27,2383,台光電,6.8,63.9,10.64,16.9,7.6,,0.0,0.0,,0.0,0.0,16.56,9.89,0.0,31.87,68.13,396.0,5885.0,16.9,16.9,17.65,17.5
20061124,6.76,2383,台光電,6.69,63.4,10.56,16.9,4.5,,0.0,0.0,,0.0,0.0,16.56,9.89,0.0,40.41,59.59,267.0,2454.0,16.9,16.8,17.1,16.9
20061127,26.91,2383,台光電,6.82,63.6,10.73,17.25,4.5,17.25,0.09,200.0,,0.0,0.0,16.59,10.38,1000.0,54.82,45.18,207.0,9786.0,17.25,17.1,17.6,17.1
20061128,3.88,2383,台光電,6.2,62.54,9.92,17.25,6.8,17.25,0.09,0.0,,0.0,0.0,16.59,10.38,0.0,51.57,48.43,146.0,3741.0,17.25,17.05,17.4,17.1
20061129,6.65,2383,台光電,6.31,63.96,9.87,17.45,5.8,17.25,0.09,0.0,,0.0,0.0,16.59,10.37,-12.0,51.08,48.92,332.0,7834.0,17.45,17.05,17.55,17.4
20061130,8.37,2383,台光電,6.55,64.47,10.16,17.45,7.6,17.25,0.09,0.0,17.45,0.02,40.0,16.59,10.37,-4.0,53.69,46.31,469.0,6227.0,17.45,17.35,17.75,17.75
20061201,1.9,2383,台光電,7.12,68.94,10.33,18.65,6.7,17.25,0.09,0.0,17.45,0.02,0.0,16.59,10.37,-3.0,100.0,0.0,36.0,11132.0,18.65,18.65,18.65,18.65
20061204,7.95,2383,台光電,7.98,69.64,11.45,18.8,8.0,17.25,0.09,0.0,17.45,0.02,0.0,16.6,10.4,53.0,57.77,42.23,464.0,19139.0,18.8,18.8,19.85,19.7
20061205,0.79,2383,台光電,7.63,69.93,10.91,17.55,7.6,17.25,0.09,0.0,17.55,0.0,-39.0,16.6,9.91,-1001.0,30.11,69.89,314.0,9540.0,17.55,17.55,18.9,18.8
20061206,6.74,2383,台光電,7.51,71.7,10.47,17.6,4.9,17.25,0.09,0.0,17.55,0.0,0.0,16.6,8.72,-2446.0,46.97,53.03,266.0,6365.0,17.6,17.3,17.75,17.6
20061207,0.0,2383,台光電,7.37,71.59,10.3,17.15,5.3,17.25,0.09,0.0,17.55,0.0,0.0,16.6,8.06,-1348.0,36.06,63.94,194.0,6059.0,17.15,17.1,17.55,17.4
20061208,0.0,2383,台光電,7.39,72.82,10.15,17.3,3.7,17.25,0.09,0.0,17.43,0.0,1.0,16.6,7.67,-800.0,58.77,41.23,150.0,4711.0,17.3,17.0,17.6,17.0
20061211,19.53,2383,台光電,7.39,71.93,10.27,17.5,4.5,17.25,0.09,0.0,17.43,0.0,0.0,16.6,7.48,-404.0,63.4,36.6,296.0,6032.0,17.5,17.2,17.75,17.3
20061212,0.03,2383,台光電,7.24,71.38,10.15,17.0,5.0,17.25,0.09,0.0,17.28,0.0,1.0,16.6,7.09,-799.0,32.23,67.77,116.0,3878.0,17.0,16.9,17.6,17.5
20061213,5.12,2383,台光電,6.84,71.64,9.55,17.05,3.7,17.25,0.09,0.0,17.17,0.0,1.0,16.6,7.01,-149.0,45.25,54.75,117.0,2751.0,17.05,16.8,17.15,16.8
20061214,2.16,2383,台光電,7.01,72.72,9.64,18.2,4.1,17.25,0.09,0.0,17.17,0.0,0.0,16.6,7.01,-8.0,97.31,2.69,8.0,6529.0,18.2,17.6,18.2,17.8
20061215,2.43,2383,台光電,7.65,74.28,10.29,17.7,6.7,17.48,0.19,200.0,17.17,0.0,-1.0,16.6,7.01,0.0,48.58,51.42,277.0,10897.0,17.7,17.7,18.7,18.5
20061218,14.07,2383,台光電,7.55,74.28,10.17,17.7,6.3,17.48,0.19,0.0,,0.0,-642.0,16.6,7.01,-7.0,58.08,41.92,199.0,6430.0,17.7,17.5,18.1,17.7
20061219,1.96,2383,台光電,7.26,74.6,9.73,17.55,5.4,17.48,0.19,0.0,,0.0,-151.0,16.6,7.0,-5.0,50.6,49.4,213.0,3825.0,17.55,17.5,17.9,17.5
20061220,3.12,2383,台光電,7.1,74.72,9.5,17.5,5.7,17.48,0.19,0.0,,0.0,0.0,16.6,7.0,0.0,45.19,54.81,359.0,3747.0,17.5,17.45,17.75,17.5
20061221,2.23,2383,台光電,6.68,73.95,9.03,17.5,5.3,17.48,0.19,0.0,17.5,0.0,3.0,16.6,7.0,-15.0,51.67,48.33,283.0,5241.0,17.5,17.5,17.95,17.5
20061222,12.99,2383,台光電,6.63,74.43,8.91,17.65,4.6,17.48,0.19,0.0,17.5,0.0,0.0,16.6,7.0,0.0,50.38,49.62,226.0,3604.0,17.65,17.6,17.95,17.6
20061225,11.64,2383,台光電,6.85,74.95,9.14,17.75,5.3,17.48,0.19,0.0,17.74,0.03,70.0,16.6,7.0,1.0,58.98,41.02,204.0,4500.0,17.75,17.65,18.1,17.75
20061226,1.24,2383,台光電,6.85,74.34,9.22,17.7,7.5,17.48,0.19,0.0,,0.0,-100.0,16.61,7.09,185.0,30.39,69.61,288.0,3395.0,17.7,17.65,17.9,17.9
20061227,3.63,2383,台光電,6.87,75.05,9.16,17.7,5.8,17.48,0.19,0.0,,0.0,-99.0,16.62,7.12,66.0,45.33,54.67,184.0,3771.0,17.7,17.65,18.05,18.0
20061228,4.78,2383,台光電,6.9,75.0,9.2,17.6,5.5,17.48,0.19,0.0,17.6,0.0,3.0,16.62,7.12,0.0,40.79,59.21,126.0,2866.0,17.6,17.6,17.9,17.85
20061229,23.15,2383,台光電,6.56,73.6,8.92,17.65,4.6,17.48,0.19,0.0,17.63,0.0,3.0,16.63,7.2,156.0,55.89,44.11,423.0,4367.0,17.65,17.6,17.9,17.6
20070102,0.77,2383,台光電,6.6,74.0,8.92,17.6,6.8,17.48,0.19,0.0,17.63,0.0,0.0,16.63,7.1,-196.0,41.23,58.77,245.0,4015.0,17.6,17.6,17.95,17.8
20070103,5.45,2383,台光電,6.6,74.25,8.88,17.5,5.9,17.48,0.19,0.0,,0.0,-70.0,16.63,7.01,-186.0,34.98,65.02,276.0,3599.0,17.5,17.5,17.85,17.7
20070104,4.93,2383,台光電,6.55,74.14,8.83,17.35,4.5,17.48,0.19,0.0,,0.0,0.0,16.63,7.01,-2.0,52.51,47.49,213.0,3974.0,17.35,17.35,17.7,17.6
20070105,7.03,2383,台光電,6.36,73.6,8.65,17.35,5.5,17.48,0.19,0.0,,0.0,0.0,16.63,7.01,1.0,37.5,62.5,293.0,3572.0,17.35,17.3,17.65,17.35
20070108,8.51,2383,台光電,6.5,73.71,8.82,17.45,4.5,17.48,0.19,0.0,,0.0,-1.0,16.63,7.01,-4.0,57.83,42.17,132.0,2998.0,17.45,17.25,17.7,17.25
20070109,3.42,2383,台光電,6.5,73.16,8.89,17.5,4.9,17.48,0.19,0.0,,0.0,0.0,16.63,7.0,-13.0,47.64,52.36,207.0,2635.0,17.5,17.5,17.75,17.5
20070110,0.18,2383,台光電,6.5,72.73,8.94,17.25,5.7,17.48,0.19,0.0,,0.0,-5.0,16.64,6.97,-72.0,25.45,74.55,136.0,2827.0,17.25,17.25,17.5,17.5
20070111,9.07,2383,台光電,5.98,72.66,8.23,16.1,5.4,17.48,0.19,0.0,,0.0,-1.0,16.63,5.81,-2378.0,41.95,58.05,208.0,7978.0,16.1,16.05,17.5,17.25
20070112,2.66,2383,台光電,5.79,73.16,7.91,16.25,4.3,17.48,0.19,0.0,16.25,0.0,2.0,16.63,5.21,-1221.0,49.52,50.48,283.0,3989.0,16.25,16.15,16.45,16.2
20070115,3.63,2383,台光電,5.85,74.2,7.88,16.45,3.7,17.48,0.19,0.0,16.25,0.0,0.0,16.63,4.74,-966.0,48.59,51.41,129.0,2922.0,16.45,16.25,16.55,16.25
20070116,2.38,2383,台光電,5.83,74.48,7.82,16.3,4.1,17.48,0.19,0.0,16.25,0.0,0.0,16.63,4.3,-917.0,43.58,56.42,143.0,2727.0,16.3,16.15,16.5,16.5
20070117,0.09,2383,台光電,5.5,72.65,7.57,15.95,3.7,17.48,0.19,0.0,16.25,0.0,-1.0,16.63,3.46,-1712.0,46.81,53.19,239.0,5334.0,15.95,15.7,16.25,16.25
20070118,9.31,2383,台光電,5.59,73.18,7.64,16.2,4.3,17.48,0.19,0.0,,0.0,-2.0,16.63,2.64,-1695.0,67.96,32.04,198.0,4629.0,16.2,15.9,16.3,15.95
20070119,12.17,2383,台光電,5.79,74.02,7.83,16.45,5.4,17.48,0.19,0.0,,0.0,-1.0,16.63,1.54,-2260.0,61.75,38.25,213.0,7107.0,16.45,16.1,16.8,16.2
20070122,0.05,2383,台光電,5.48,75.14,7.29,16.1,5.9,17.48,0.19,0.0,,0.0,-1.0,16.63,0.89,-1326.0,30.4,69.6,153.0,4209.0,16.1,16.1,16.6,16.5
20070123,4.14,2383,台光電,5.49,74.65,7.35,16.1,3.7,17.48,0.19,0.0,,0.0,0.0,16.63,0.89,0.0,41.74,58.26,214.0,2198.0,16.1,16.05,16.25,16.1
20070124,3.14,2383,台光電,5.53,74.38,7.43,16.1,3.7,17.48,0.19,0.0,,0.0,0.0,16.63,0.89,1.0,38.63,61.37,172.0,2035.0,16.1,16.1,16.3,16.15
20070125,34.48,2383,台光電,5.76,75.07,7.68,16.3,4.1,17.48,0.19,0.0,,0.0,-200.0,16.63,0.89,-2.0,63.32,36.68,203.0,5858.0,16.3,16.2,16.6,16.25
20070126,13.61,2383,台光電,5.77,74.75,7.72,16.25,5.9,17.48,0.19,0.0,,0.0,0.0,16.63,0.89,3.0,53.56,46.44,137.0,2100.0,16.25,16.2,16.55,16.3
20070129,1.6,2383,台光電,5.71,74.62,7.66,16.0,4.5,17.48,0.19,0.0,,0.0,-400.0,16.63,0.89,4.0,26.22,73.78,182.0,2617.0,16.0,15.95,16.4,16.25
20070130,1.93,2383,台光電,5.63,73.88,7.61,15.75,4.2,17.48,0.19,0.0,,0.0,-99.0,16.63,0.9,8.0,34.01,65.99,86.0,2177.0,15.75,15.7,16.15,16.1
20070131,2.95,2383,台光電,5.57,73.4,7.59,15.5,3.3,17.48,0.19,0.0,,0.0,0.0,16.6,0.91,23.0,31.64,68.36,152.0,1965.0,15.5,15.45,15.85,15.8
20070201,5.13,2383,台光電,5.49,73.35,7.49,15.5,3.3,17.48,0.19,0.0,,0.0,-199.0,16.54,0.96,103.0,31.76,68.24,81.0,1131.0,15.5,15.5,15.7,15.6
20070202,7.39,2383,台光電,5.38,73.13,7.36,15.65,3.7,17.48,0.19,0.0,,0.0,0.0,16.54,0.96,3.0,47.57,52.43,45.0,731.0,15.65,15.55,15.7,15.7
20070205,2.57,2383,台光電,5.37,72.8,7.37,15.7,4.5,17.48,0.19,0.0,15.7,0.08,173.0,16.51,0.99,62.0,41.3,58.7,19.0,1050.0,15.7,15.6,15.8,15.75
20070206,5.71,2383,台光電,5.56,72.63,7.66,16.1,5.1,17.48,0.19,0.0,15.7,0.08,0.0,16.51,0.99,-2.0,69.96,30.04,366.0,1699.0,16.1,15.65,16.1,15.7
20070207,36.83,2383,台光電,5.97,74.02,8.06,16.05,6.8,17.48,0.19,0.0,,0.0,-400.0,16.51,0.99,1.0,56.4,43.6,159.0,6032.0,16.05,16.0,16.4,16.1
20070208,0.15,2383,台光電,5.74,73.52,7.81,15.8,6.3,17.48,0.19,0.0,,0.0,0.0,16.51,0.99,0.0,34.19,65.81,117.0,1334.0,15.8,15.8,16.15,16.05
20070209,2.98,2383,台光電,5.46,72.72,7.5,15.75,4.5,17.48,0.19,0.0,,0.0,0.0,16.5,1.01,30.0,29.34,70.66,112.0,973.0,15.75,15.7,15.95,15.8
20070212,3.27,2383,台光電,5.3,72.53,7.31,15.7,4.5,17.48,0.19,0.0,,0.0,-99.0,16.5,1.0,-11.0,45.06,54.94,64.0,887.0,15.7,15.7,15.85,15.75
20070213,0.73,2383,台光電,5.29,71.94,7.35,15.65,3.7,17.48,0.19,0.0,,0.0,0.0,16.45,1.06,131.0,38.62,61.38,111.0,962.0,15.65,15.65,15.8,15.8
20070214,2.42,2383,台光電,5.29,71.63,7.39,15.6,4.2,17.48,0.19,0.0,,0.0,-102.0,16.45,1.06,0.0,37.62,62.38,215.0,951.0,15.6,15.6,15.8,15.7
20070215,,2383,台光電,,,,,3.7,,,,,,,,,,,,,,,,,
20070226,2.33,2383,台光電,5.25,71.9,7.3,15.85,,17.48,0.19,0.0,,0.0,0.0,16.45,1.06,-7.0,52.15,47.85,26.0,986.0,15.85,15.7,16.0,16.0
20070227,12.66,2383,台光電,5.27,72.23,7.3,16.1,5.9,17.48,0.19,0.0,,0.0,-1.0,16.45,1.06,-1.0,58.01,41.99,93.0,2021.0,16.1,15.8,16.2,15.9
20070228,,2383,台光電,,,,,6.7,,,,,,,,,,,,,,,,,
20070301,13.58,2383,台光電,5.17,71.61,7.23,15.75,6.7,17.48,0.19,0.0,,0.0,-2.0,16.45,1.02,-75.0,43.1,56.9,62.0,1885.0,15.75,15.65,15.9,15.8
20070302,0.45,2383,台光電,5.19,71.06,7.3,15.8,5.0,17.48,0.19,0.0,,0.0,-3.0,16.45,1.02,0.0,32.31,67.69,105.0,1543.0,15.8,15.6,15.9,15.7
20070303,0.77,2383,台光電,4.87,71.15,6.85,15.8,5.4,17.48,0.19,0.0,,0.0,-101.0,16.45,1.02,0.0,44.27,55.73,107.0,906.0,15.8,15.65,15.8,15.7
20070305,0.0,2383,台光電,4.74,71.02,6.67,15.0,4.9,17.48,0.19,0.0,,0.0,-120.0,16.45,1.02,1.0,20.34,79.66,72.0,2324.0,15.0,14.7,15.75,15.65
20070306,4.16,2383,台光電,4.53,70.75,6.4,15.1,4.7,17.48,0.19,0.0,,0.0,-78.0,16.45,1.02,-3.0,45.11,54.89,80.0,1489.0,15.1,14.8,15.2,15.1
20070307,3.75,2383,台光電,4.63,70.37,6.58,15.1,4.1,17.48,0.19,0.0,,0.0,0.0,16.45,0.95,-58.0,44.01,55.99,110.0,1359.0,15.1,15.0,15.3,15.2
20070308,12.09,2383,台光電,4.95,70.49,7.02,16.15,4.1,17.48,0.19,0.0,,0.0,-400.0,16.45,0.95,0.0,79.44,20.56,25.0,5402.0,16.15,15.05,16.15,15.1
20070309,0.58,2383,台光電,5.09,69.98,7.28,15.85,7.5,17.48,0.19,0.0,,0.0,0.0,16.45,0.95,0.0,53.42,46.58,88.0,3931.0,15.85,15.8,16.3,16.25
20070312,3.93,2383,台光電,5.07,70.74,7.16,15.9,6.2,17.48,0.19,0.0,,0.0,0.0,16.45,0.95,-4.0,50.93,49.07,125.0,2037.0,15.9,15.75,15.95,15.85
20070313,1.28,2383,台光電,5.43,73.6,7.37,16.5,5.7,17.48,0.19,0.0,,0.0,-100.0,16.45,0.96,27.0,72.1,27.9,429.0,6237.0,16.5,15.8,16.6,15.8
20070314,19.28,2383,台光電,6.94,70.98,9.78,16.8,6.7,17.48,0.19,0.0,,0.0,-100.0,16.45,0.96,2.0,54.28,45.72,535.0,19883.0,16.8,16.0,17.1,16.1
20070315,5.59,2383,台光電,7.39,72.27,10.22,17.0,6.7,17.48,0.19,0.0,,0.0,-76.0,16.45,0.95,-25.0,47.16,52.84,655.0,11422.0,17.0,17.0,17.5,17.5
20070316,0.93,2383,台光電,7.2,71.96,10.0,16.6,5.8,17.48,0.19,0.0,,0.0,0.0,16.45,0.95,0.0,24.86,75.14,197.0,4513.0,16.6,16.6,17.1,17.1
20070319,8.23,2383,台光電,7.06,71.99,9.81,16.7,5.3,17.48,0.19,0.0,,0.0,0.0,16.45,0.95,0.0,47.87,52.13,122.0,2394.0,16.7,16.65,16.95,16.65
20070320,23.39,2383,台光電,6.34,72.5,8.74,16.6,5.3,17.48,0.19,0.0,,0.0,0.0,16.45,0.95,0.0,47.94,52.06,212.0,4608.0,16.6,16.6,17.15,16.8
20070321,0.74,2383,台光電,6.09,72.25,8.43,16.45,5.0,17.48,0.19,0.0,,0.0,0.0,16.45,0.95,5.0,33.01,66.99,177.0,2159.0,16.45,16.45,16.75,16.65
20070322,1.22,2383,台光電,5.54,71.89,7.7,16.4,4.1,17.48,0.19,0.0,,0.0,0.0,16.45,0.95,5.0,29.6,70.4,83.0,1315.0,16.4,16.35,16.7,16.7
20070323,14.88,2383,台光電,5.48,71.14,7.7,16.9,4.6,17.48,0.19,0.0,,0.0,0.0,16.45,0.95,-1.0,61.47,38.53,294.0,3455.0,16.9,16.35,16.9,16.4
20070326,22.83,2383,台光電,6.53,72.28,9.04,17.25,6.8,17.48,0.19,0.0,,0.0,0.0,16.45,0.77,-405.0,68.03,31.97,374.0,14221.0,17.25,16.9,17.55,17.0
20070327,10.95,2383,台光電,5.04,70.19,7.18,17.35,6.7,17.48,0.19,0.0,,0.0,0.0,16.47,0.78,39.0,47.88,52.12,407.0,7524.0,17.35,16.75,17.45,17.25
20070328,15.0,2383,台光電,5.06,73.81,6.86,17.15,6.2,17.48,0.19,0.0,,0.0,0.0,16.47,0.78,0.0,56.92,43.08,168.0,9708.0,17.15,17.15,17.5,17.35
20070329,3.17,2383,台光電,4.69,74.65,6.29,17.0,5.9,17.48,0.19,0.0,,0.0,0.0,16.47,0.78,0.0,39.89,60.11,327.0,4065.0,17.0,16.95,17.3,16.95
20070330,4.39,2383,台光電,4.39,73.75,5.95,17.0,4.5,17.48,0.18,0.0,,0.0,0.0,16.47,0.78,0.0,36.65,63.35,213.0,3051.0,17.0,17.0,17.2,17.2
20070402,21.94,2383,台光電,4.22,73.66,5.73,17.5,4.5,17.48,0.18,0.0,17.5,0.0,7.0,16.48,0.78,-5.0,63.32,36.68,228.0,13703.0,17.5,17.05,18.1,17.2
20070403,1.09,2383,台光電,2.24,73.05,3.06,17.3,6.8,17.48,0.18,0.0,17.5,0.0,0.0,16.7,1.07,620.0,45.47,54.53,268.0,3121.0,17.3,17.25,17.65,17.55
20070404,0.0,2383,台光電,0.76,72.75,1.05,17.2,5.0,17.48,0.18,0.0,17.5,0.0,0.0,16.7,1.05,-34.0,27.47,72.53,252.0,3347.0,17.2,17.2,17.65,17.65
20070405,,2383,台光電,,,,,5.5,,,,,,,,,,,,,,,,,
20070406,,2383,台光電,,,,,5.5,,,,,,,,,,,,,,,,,
20070409,0.0,2383,台光電,0.0,72.42,0.0,17.0,5.5,17.48,0.18,0.0,,0.0,-95.0,16.7,1.05,1.0,26.37,73.63,193.0,3013.0,17.0,17.0,17.35,17.3
20070410,0.0,2383,台光電,0.0,69.87,0.0,16.9,5.0,17.48,0.18,0.0,,0.0,0.0,16.72,1.18,280.0,31.01,68.99,54.0,2444.0,16.9,16.8,17.2,17.0
20070411,0.0,2383,台光電,0.0,69.18,0.0,16.95,4.2,17.48,0.18,0.0,,0.0,0.0,16.72,1.18,-7.0,48.45,51.55,83.0,1690.0,16.95,16.9,17.1,17.0
20070412,0.0,2383,台光電,0.0,64.93,0.0,18.0,5.0,17.48,0.18,0.0,,0.0,-237.0,16.76,1.22,74.0,67.62,32.38,1011.0,9469.0,18.0,16.95,18.0,16.95
20070413,22.45,2383,台光電,3.83,73.37,5.21,17.8,7.5,17.48,0.18,0.0,17.8,0.72,1550.0,16.76,1.22,0.0,56.07,43.93,379.0,31183.0,17.8,17.8,18.3,18.2
20070414,22.32,2383,台光電,4.22,73.97,5.71,18.1,7.6,17.48,0.18,0.0,17.8,0.41,-662.0,16.76,1.22,0.0,53.66,46.34,510.0,14017.0,18.1,17.85,18.45,18.0
20070416,19.34,2383,台光電,2.75,73.91,3.72,17.85,7.5,17.48,0.18,0.0,17.8,0.13,-607.0,16.76,1.19,-47.0,40.28,59.72,519.0,10322.0,17.85,17.85,18.35,18.15
20070417,20.03,2383,台光電,3.15,74.59,4.22,17.9,6.6,17.48,0.18,0.0,,0.0,-288.0,16.76,1.19,-1.0,47.96,52.04,528.0,15419.0,17.9,17.9,18.5,18.25
20070418,31.49,2383,台光電,3.05,75.45,4.04,18.0,6.6,17.48,0.18,0.0,,0.0,0.0,16.76,1.19,-8.0,59.27,40.73,344.0,9806.0,18.0,17.6,18.25,18.05
20070419,0.4,2383,台光電,2.76,74.77,3.69,17.6,6.1,17.48,0.18,0.0,,0.0,0.0,16.76,1.19,2.0,24.75,75.25,377.0,3724.0,17.6,17.6,18.1,18.0
20070420,2.74,2383,台光電,2.73,73.84,3.7,17.5,4.9,17.48,0.18,0.0,,0.0,0.0,16.76,1.19,-10.0,29.52,70.48,319.0,2735.0,17.5,17.5,17.9,17.7
20070423,5.46,2383,台光電,2.82,74.64,3.78,17.5,4.9,17.48,0.18,0.0,,0.0,0.0,16.76,1.19,0.0,26.9,73.1,277.0,2819.0,17.5,17.5,17.8,17.8
20070424,10.55,2383,台光電,2.71,75.14,3.61,17.75,5.8,17.48,0.18,0.0,,0.0,0.0,16.76,1.18,-16.0,56.79,43.21,157.0,2787.0,17.75,17.55,17.9,17.6
20070425,8.32,2383,台光電,2.75,76.46,3.6,18.0,5.3,17.48,0.18,0.0,,0.0,0.0,16.79,1.21,72.0,55.37,44.63,282.0,5706.0,18.0,17.55,18.05,17.85
20070426,20.76,2383,台光電,2.23,75.85,2.94,17.85,7.2,17.48,0.18,0.0,,0.0,0.0,16.79,1.18,-76.0,46.6,53.4,384.0,12845.0,17.85,17.85,18.3,18.1
20070427,4.34,2383,台光電,2.22,75.13,2.96,17.6,7.1,17.48,0.18,0.0,,0.0,0.0,16.79,1.18,0.0,28.38,71.62,305.0,4125.0,17.6,17.6,18.1,18.05
20070430,1.41,2383,台光電,2.03,74.48,2.72,17.05,4.5,17.48,0.18,0.0,,0.0,0.0,16.79,1.18,0.0,36.6,63.4,109.0,4478.0,17.05,17.0,17.8,17.55
20070501,,2383,台光電,,,,,5.0,,,,,,,,,,,,,,,,,
20070502,0.07,2383,台光電,1.9,73.4,2.59,15.95,5.0,17.48,0.18,0.0,,0.0,0.0,16.79,1.18,0.0,26.13,73.87,162.0,6108.0,15.95,15.9,17.05,16.8
20070503,1.19,2383,台光電,1.77,72.54,2.44,15.35,4.2,17.48,0.18,0.0,,0.0,0.0,16.79,1.18,5.0,31.61,68.39,71.0,4538.0,15.35,15.0,16.2,16.0
20070504,6.89,2383,台光電,1.76,71.3,2.47,15.8,3.7,17.48,0.18,0.0,,0.0,0.0,16.79,1.18,0.0,59.37,40.63,138.0,2161.0,15.8,15.4,15.95,15.4
20070507,9.88,2383,台光電,1.75,71.2,2.46,15.9,5.0,17.48,0.18,0.0,,0.0,0.0,16.79,1.18,-3.0,49.3,50.7,89.0,2084.0,15.9,15.8,16.05,16.05
20070508,16.59,2383,台光電,1.82,70.83,2.57,15.85,5.0,17.48,0.18,0.0,,0.0,0.0,16.79,1.18,0.0,37.54,62.46,100.0,1242.0,15.85,15.8,16.05,15.9
20070509,6.25,2383,台光電,1.87,70.84,2.64,15.85,5.0,17.48,0.18,0.0,,0.0,0.0,16.79,1.18,0.0,49.03,50.97,36.0,1439.0,15.85,15.6,16.05,15.6
20070510,7.57,2383,台光電,1.27,70.58,1.79,15.9,5.5,17.48,0.18,0.0,,0.0,0.0,16.79,1.18,0.0,35.81,64.19,65.0,1189.0,15.9,15.9,16.05,16.0
20070511,2.92,2383,台光電,1.24,70.67,1.75,16.0,5.7,17.48,0.18,0.0,,0.0,0.0,16.76,1.23,105.0,45.34,54.66,67.0,855.0,16.0,15.75,16.0,15.9
20070514,1.8,2383,台光電,1.23,69.96,1.75,15.9,6.2,17.48,0.18,0.0,,0.0,0.0,16.76,1.23,0.0,42.54,57.46,52.0,943.0,15.9,15.9,16.15,16.05
20070515,35.32,2383,台光電,1.23,69.69,1.76,15.9,5.1,17.48,0.18,0.0,,0.0,0.0,16.76,1.23,0.0,48.41,51.59,235.0,1899.0,15.9,15.85,16.2,15.85
20070516,0.94,2383,台光電,1.23,69.58,1.76,15.75,6.4,17.48,0.14,-100.0,,0.0,0.0,16.76,1.23,0.0,34.36,65.64,63.0,846.0,15.75,15.7,15.95,15.9
20070517,4.47,2383,台光電,1.19,69.51,1.72,15.7,5.4,17.48,0.14,0.0,,0.0,0.0,16.76,1.23,0.0,37.63,62.37,107.0,851.0,15.7,15.7,15.95,15.75
20070518,32.61,2383,台光電,1.22,69.64,1.75,15.9,5.1,17.48,0.14,0.0,,0.0,0.0,16.76,1.23,0.0,65.45,34.55,54.0,2112.0,15.9,15.75,16.15,15.75
20070521,2.11,2383,台光電,1.22,69.66,1.75,16.15,6.7,17.48,0.14,0.0,,0.0,0.0,16.76,1.23,0.0,49.79,50.21,85.0,1468.0,16.15,15.8,16.15,16.0
20070522,2.19,2383,台光電,1.21,68.76,1.75,16.5,6.6,17.48,0.14,0.0,,0.0,0.0,16.75,1.25,41.0,55.1,44.9,235.0,2739.0,16.5,16.0,16.5,16.15
20070523,31.63,2383,台光電,2.1,68.6,3.06,16.8,7.5,17.48,0.14,0.0,,0.0,0.0,16.75,1.24,-16.0,58.88,41.12,226.0,7809.0,16.8,16.45,16.95,16.5
20070524,0.0,2383,台光電,1.5,68.29,2.2,16.45,6.2,17.48,0.14,0.0,,0.0,0.0,16.75,1.22,-2.0,30.25,69.75,147.0,1672.0,16.45,16.45,16.8,16.7
20070525,0.27,2383,台光電,1.17,68.42,1.71,16.2,6.2,,0.0,-300.0,,0.0,0.0,16.75,1.22,0.0,29.72,70.28,143.0,1820.0,16.2,16.2,16.55,16.4
20070528,5.02,2383,台光電,1.07,68.08,1.58,16.35,6.2,,0.0,0.0,,0.0,0.0,16.75,1.22,0.0,53.19,46.81,98.0,1135.0,16.35,16.2,16.45,16.4
20070529,0.86,2383,台光電,1.07,68.08,1.58,16.15,6.1,,0.0,0.0,,0.0,0.0,16.75,1.22,1.0,25.68,74.32,104.0,1043.0,16.15,16.15,16.5,16.2
20070530,9.89,2383,台光電,1.08,67.83,1.59,16.1,5.3,,0.0,0.0,,0.0,0.0,16.74,1.24,47.0,35.07,64.93,52.0,1000.0,16.1,16.0,16.4,16.2
20070531,1.84,2383,台光電,1.08,68.34,1.57,16.25,5.3,,0.0,0.0,,0.0,0.0,16.74,1.24,1.0,43.9,56.1,51.0,1087.0,16.25,16.15,16.3,16.2
20070601,23.54,2383,台光電,1.08,68.25,1.58,16.75,6.6,,0.0,0.0,,0.0,0.0,16.74,1.24,4.0,70.0,30.0,263.0,4774.0,16.75,16.25,16.75,16.3
20070604,12.1,2383,台光電,1.98,69.0,2.86,17.3,8.0,,0.0,0.0,,0.0,0.0,16.75,1.24,-3.0,70.15,29.85,335.0,9287.0,17.3,16.75,17.5,16.85
20070605,0.61,2383,台光電,1.35,69.48,1.94,16.9,8.4,,0.0,0.0,,0.0,0.0,16.75,1.23,-26.0,28.4,71.6,166.0,2803.0,16.9,16.85,17.4,17.3
20070606,16.68,2383,台光電,1.36,70.4,1.93,16.75,6.2,,0.0,0.0,,0.0,0.0,16.75,1.23,1.0,44.28,55.72,163.0,3638.0,16.75,16.75,17.3,17.0
20070607,4.12,2383,台光電,1.06,70.7,1.51,16.95,6.2,,0.0,0.0,,0.0,0.0,16.75,1.23,3.0,46.02,53.98,132.0,1503.0,16.95,16.6,16.95,16.75
20070608,0.0,2383,台光電,0.95,70.91,1.35,16.8,6.9,,0.0,0.0,,0.0,0.0,16.75,1.23,-3.0,41.89,58.11,155.0,1658.0,16.8,16.65,16.95,16.8
20070611,3.71,2383,台光電,0.97,71.96,1.34,16.9,5.4,,0.0,0.0,,0.0,0.0,16.75,1.23,0.0,52.16,47.84,146.0,1939.0,16.9,16.8,17.05,17.0
20070612,6.37,2383,台光電,0.97,72.54,1.34,17.0,6.2,,0.0,0.0,,0.0,0.0,16.75,1.23,15.0,54.43,45.57,95.0,3422.0,17.0,17.0,17.35,17.1
20070613,3.0,2383,台光電,1.04,72.52,1.44,17.15,8.4,,0.0,0.0,,0.0,0.0,16.75,1.24,15.0,68.23,31.77,160.0,7275.0,17.15,16.9,17.4,17.0
20070614,1.65,2383,台光電,1.04,72.07,1.44,17.0,8.4,,0.0,0.0,,0.0,0.0,16.75,1.23,-30.0,36.17,63.83,209.0,2840.0,17.0,17.0,17.35,17.3
20070615,0.68,2383,台光電,1.03,71.75,1.44,16.8,5.7,,0.0,0.0,,0.0,0.0,16.75,1.23,2.0,27.6,72.4,227.0,1463.0,16.8,16.8,17.2,17.1
20070620,1.16,2383,台光電,1.03,71.52,1.44,16.5,5.8,,0.0,0.0,16.5,0.0,3.0,16.75,1.25,37.0,21.99,78.01,187.0,1807.0,16.5,16.5,17.0,16.8
20070621,1.37,2383,台光電,1.03,71.8,1.43,16.75,5.5,,0.0,0.0,16.64,0.0,4.0,16.75,1.27,47.0,56.75,43.25,278.0,1528.0,16.75,16.55,16.8,16.7
20070622,34.8,2383,台光電,1.04,73.19,1.42,17.25,5.8,,0.0,0.0,16.64,0.0,0.0,16.75,1.27,16.0,57.55,42.45,170.0,9770.0,17.25,16.8,17.7,16.9
20070623,0.67,2383,台光電,1.03,72.57,1.42,17.25,7.6,,0.0,0.0,16.64,0.0,0.0,16.75,1.27,0.0,45.94,54.06,180.0,3424.0,17.25,17.0,17.4,17.25
20070625,0.06,2383,台光電,1.03,72.78,1.41,17.1,6.6,,0.0,0.0,16.64,0.0,0.0,16.76,1.3,50.0,34.08,65.92,180.0,3219.0,17.1,17.1,17.4,17.3
20070626,0.61,2383,台光電,1.04,72.74,1.43,17.0,6.6,,0.0,0.0,16.64,0.0,0.0,16.76,1.3,-1.0,21.72,78.28,148.0,1982.0,17.0,17.0,17.3,17.3
20070627,7.17,2383,台光電,0.9,73.53,1.22,17.2,6.2,,0.0,0.0,16.64,0.0,0.0,16.76,1.3,18.0,58.69,41.31,121.0,2817.0,17.2,17.05,17.4,17.2
20070628,31.73,2383,台光電,1.3,73.39,1.78,17.4,7.9,,0.0,0.0,16.64,0.0,0.0,16.79,1.37,145.0,60.13,39.87,321.0,9063.0,17.4,17.35,17.75,17.5
20070629,0.69,2383,台光電,1.33,73.73,1.8,17.2,8.0,,0.0,0.0,16.64,0.0,0.0,16.8,1.4,65.0,30.49,69.51,201.0,2164.0,17.2,17.2,17.6,17.5
20070630,,2383,台光電,,,,,5.8,,,,,,,,,,,,,,,,,
20070702,1.96,2383,台光電,1.33,74.07,1.79,17.3,6.1,,0.0,0.0,16.64,0.0,-3.0,16.8,1.4,0.0,55.88,44.12,168.0,1428.0,17.3,17.2,17.5,17.2
20070703,18.61,2383,台光電,1.77,74.31,2.38,17.45,7.4,,0.0,0.0,16.64,0.0,0.0,16.8,1.4,-1.0,58.97,41.03,89.0,4669.0,17.45,17.3,17.65,17.4
20070704,0.42,2383,台光電,1.77,74.73,2.36,17.3,5.3,,0.0,0.0,16.64,0.0,0.0,16.8,1.4,5.0,21.11,78.89,184.0,3321.0,17.3,17.25,17.6,17.6
20070705,25.99,2383,台光電,0.32,75.24,0.42,17.5,7.0,,0.0,0.0,16.64,0.0,-1.0,16.8,1.4,0.0,54.31,45.69,298.0,6205.0,17.5,17.35,17.75,17.4
20070706,4.13,2383,台光電,0.32,76.76,0.41,17.75,7.1,,0.0,0.0,,0.0,-3.0,16.82,1.43,60.0,68.56,31.44,223.0,7945.0,17.75,17.55,18.1,17.6
20070709,4.7,2383,台光電,0.32,77.87,0.41,17.9,7.5,,0.0,0.0,,0.0,0.0,16.82,1.43,5.0,59.57,40.43,212.0,6296.0,17.9,17.85,18.25,18.0
20070710,5.46,2383,台光電,0.32,78.6,0.4,17.7,4.9,,0.0,0.0,,0.0,0.0,16.85,1.49,121.0,37.55,62.45,286.0,4213.0,17.7,17.7,18.1,18.0
20070711,2.44,2383,台光電,0.26,80.28,0.33,17.6,4.9,,0.0,0.0,,0.0,0.0,16.86,1.48,-22.0,36.09,63.91,202.0,3771.0,17.6,17.55,17.85,17.7
20070712,23.92,2383,台光電,0.26,81.33,0.32,17.85,6.6,,0.0,0.0,,0.0,0.0,16.86,1.48,-2.0,58.84,41.16,186.0,6020.0,17.85,17.6,18.1,17.6
20070713,15.67,2383,台光電,0.29,81.4,0.36,17.6,5.5,,0.0,0.0,17.6,0.0,7.0,16.86,1.48,-2.0,48.2,51.8,533.0,9186.0,17.6,17.6,18.25,18.0
20070716,0.94,2383,台光電,0.22,82.03,0.27,17.6,4.9,,0.0,0.0,17.6,0.0,0.0,16.86,1.47,-2.0,33.09,66.91,281.0,4474.0,17.6,17.6,17.95,17.85
20070717,0.15,2383,台光電,0.17,84.14,0.21,17.6,4.8,,0.0,0.0,17.6,0.01,5.0,16.86,1.48,8.0,43.34,56.66,86.0,3346.0,17.6,17.55,17.8,17.6
20070718,2.81,2383,台光電,0.16,85.61,0.19,17.7,5.7,,0.0,0.0,17.6,0.0,-4.0,16.87,1.5,37.0,41.28,58.72,89.0,3165.0,17.7,17.6,17.85,17.7
20070719,3.36,2383,台光電,0.14,85.69,0.17,17.6,4.5,,0.0,0.0,17.6,0.0,2.0,16.87,1.49,-6.0,34.41,65.59,152.0,2651.0,17.6,17.6,17.85,17.7
20070720,0.0,2383,台光電,0.0,85.43,0.0,17.6,4.5,,0.0,0.0,17.6,0.01,9.0,16.87,1.5,6.0,30.27,69.73,86.0,3168.0,17.6,17.5,17.8,17.7
20070723,0.0,2383,台光電,0.0,80.54,0.0,18.25,7.5,,0.0,0.0,17.6,0.01,0.0,16.91,1.48,-31.0,68.04,31.96,219.0,7316.0,18.25,17.6,18.3,17.6
20070724,0.0,2383,台光電,0.0,77.83,0.0,17.9,4.9,,0.0,0.0,17.6,0.01,0.0,16.91,1.45,-74.0,33.45,66.55,247.0,6182.0,17.9,17.9,18.4,18.4
20070725,0.0,2383,台光電,0.0,74.85,0.0,17.9,5.3,,0.0,0.0,17.86,0.06,109.0,17.09,1.77,703.0,38.59,61.41,606.0,6222.0,17.9,17.85,18.1,17.9
20070726,5.85,2383,台光電,0.43,79.15,0.54,17.6,6.3,,0.0,0.0,16.81,0.02,-95.0,15.77,1.76,-8.0,80.57,19.43,162.0,13345.0,17.6,17.2,17.6,17.6
20070727,12.03,2383,台光電,0.58,79.4,0.73,17.8,7.1,,0.0,0.0,16.81,0.0,-33.0,15.82,1.69,-162.0,49.57,50.43,359.0,13513.0,17.8,17.0,18.2,17.2
20070730,7.52,2383,台光電,0.95,83.04,1.15,18.35,7.5,,0.0,0.0,17.6,0.01,8.0,15.82,1.66,-63.0,63.55,36.45,530.0,7354.0,18.35,17.4,18.45,17.8
20070731,2.24,2383,台光電,1.95,82.46,2.36,18.0,5.8,,0.0,0.0,17.6,0.0,-8.0,15.82,1.58,-189.0,44.32,55.68,261.0,8494.0,18.0,17.8,18.6,18.5
20070801,1.33,2383,台光電,4.51,84.39,5.34,17.9,,,0.0,0.0,17.6,0.0,0.0,15.82,1.52,-113.0,57.36,42.64,318.0,14291.0,17.9,17.85,18.8,18.0
20070802,4.04,2383,台光電,4.54,84.51,5.37,17.35,3.6,,0.0,0.0,17.45,0.01,11.0,15.83,1.51,-39.0,30.95,69.05,423.0,4848.0,17.35,17.3,18.45,18.1
20070803,1.4,2383,台光電,5.52,86.09,6.42,18.55,7.5,,0.0,0.0,17.95,0.01,8.0,16.25,1.78,607.0,83.56,16.44,58.0,9486.0,18.55,17.8,18.55,17.95
20070806,16.35,2383,台光電,6.82,84.67,8.06,19.3,7.5,,0.0,0.0,17.95,0.01,-9.0,16.25,1.73,-122.0,59.61,40.39,1128.0,17156.0,19.3,18.6,19.5,18.6
20070807,7.3,2383,台光電,4.25,86.41,4.92,18.7,5.8,,0.0,0.0,18.19,0.01,7.0,16.25,1.73,-2.0,44.72,55.28,364.0,8682.0,18.7,18.7,19.8,19.65
20070808,0.89,2383,台光電,3.71,86.22,4.3,18.5,4.9,,0.0,0.0,18.19,0.01,0.0,16.26,1.67,-120.0,36.79,63.21,343.0,4610.0,18.5,18.3,19.0,18.95
20070809,12.44,2383,台光電,3.6,87.45,4.12,19.0,6.6,,0.0,0.0,18.58,0.01,7.0,16.9,2.05,830.0,59.47,40.53,287.0,9013.0,19.0,18.6,19.3,18.8
20070810,0.0,2383,台光電,2.7,88.65,3.04,18.6,4.9,,0.0,0.0,18.6,0.04,55.0,16.92,1.98,-159.0,42.42,57.58,220.0,4840.0,18.6,18.3,18.8,18.6
20070813,9.33,2383,台光電,2.24,87.94,2.55,19.3,7.5,19.3,0.32,750.0,18.64,0.04,6.0,16.92,1.93,-102.0,57.56,42.44,375.0,9526.0,19.3,18.8,19.4,19.1
20070814,12.62,2383,台光電,2.0,86.42,2.31,19.1,7.5,19.27,0.39,150.0,18.78,0.05,31.0,16.92,1.93,-2.0,49.4,50.6,147.0,7046.0,19.1,19.05,19.65,19.5
20070815,0.58,2383,台光電,1.33,85.03,1.57,18.2,5.0,19.27,0.39,0.0,18.71,0.0,-115.0,16.94,1.95,40.0,25.96,74.04,235.0,6531.0,18.2,17.8,19.2,18.65
20070816,0.97,2383,台光電,1.21,83.48,1.45,16.95,4.5,19.27,0.39,0.0,17.67,0.01,10.0,16.94,1.91,-95.0,20.18,79.82,11.0,3931.0,16.95,16.95,18.05,17.8
20070817,1.02,2383,台光電,1.15,80.94,1.42,16.2,4.5,19.27,0.39,0.0,16.99,0.01,3.0,16.65,3.11,2625.0,23.9,76.1,158.0,5884.0,16.2,15.8,17.5,16.95
20070820,0.07,2383,台光電,0.88,80.72,1.09,17.3,6.1,19.27,0.39,0.0,16.99,0.01,-6.0,16.65,3.11,6.0,98.48,1.52,2.0,1396.0,17.3,17.2,17.3,17.3
20070821,8.81,2383,台光電,0.85,79.9,1.06,17.5,6.1,19.27,0.39,0.0,17.05,0.0,-7.0,16.82,3.87,1667.0,46.18,53.82,79.0,4337.0,17.5,17.3,18.05,18.05
20070822,9.32,2383,台光電,0.89,79.87,1.11,17.55,6.5,19.27,0.39,0.0,17.05,0.0,-1.0,16.82,3.87,-5.0,38.6,61.4,55.0,1994.0,17.55,17.35,17.9,17.6
20070823,1.32,2383,台光電,0.64,79.99,0.8,17.6,6.1,19.27,0.39,0.0,17.05,0.0,0.0,16.82,3.82,-103.0,38.76,61.24,175.0,2646.0,17.6,17.4,17.9,17.8
20070824,0.0,2383,台光電,0.59,79.99,0.74,17.3,5.3,19.27,0.39,0.0,17.05,0.0,0.0,16.83,3.69,0.0,32.7,67.3,143.0,1901.0,17.3,17.1,17.6,17.3
20070827,0.0,2383,台光電,0.58,80.13,0.72,17.1,4.1,19.27,0.39,0.0,17.05,0.0,0.0,16.83,3.69,0.0,33.22,66.78,184.0,1428.0,17.1,17.0,17.65,17.55
20070828,1.54,2383,台光電,0.55,80.42,0.69,17.2,4.8,19.27,0.39,0.0,17.05,0.0,0.0,16.83,3.69,3.0,33.36,66.64,84.0,1167.0,17.2,16.8,17.25,17.1
20070829,0.0,2383,台光電,0.52,79.9,0.65,16.7,3.6,19.27,0.39,0.0,17.05,0.0,0.0,16.83,3.7,34.0,27.28,72.72,231.0,1163.0,16.7,16.7,16.95,16.9
20070830,0.27,2383,台光電,0.52,80.17,0.65,16.7,4.1,19.27,0.23,-374.0,17.05,0.0,0.0,16.83,3.71,12.0,24.55,75.45,164.0,1456.0,16.7,16.7,17.05,16.95
20070831,11.33,2383,台光電,0.54,80.13,0.68,17.3,5.3,19.27,0.08,-350.0,17.15,0.01,5.0,16.84,3.75,100.0,64.15,35.85,164.0,2612.0,17.3,16.6,17.45,16.7
20070903,9.39,2383,台光電,0.62,79.12,0.79,18.0,6.5,,0.0,-176.0,17.15,0.01,0.0,16.85,3.74,-19.0,52.41,47.59,258.0,4091.0,18.0,17.3,18.1,17.5
20070904,0.07,2383,台光電,0.55,79.49,0.7,17.85,5.6,,0.0,0.0,17.15,0.0,-3.0,16.85,3.7,-101.0,27.74,72.26,97.0,1517.0,17.85,17.6,18.25,18.25
20070905,0.06,2383,台光電,0.54,79.23,0.68,17.35,4.4,,0.0,0.0,17.2,0.01,3.0,16.85,3.69,-14.0,25.56,74.44,127.0,1649.0,17.35,17.35,18.0,18.0
20070906,3.2,2383,台光電,0.53,79.58,0.67,17.3,3.6,,0.0,0.0,17.2,0.0,-1.0,16.85,3.69,0.0,,,,1593.0,17.3,17.25,17.65,17.45
20070907,17.66,2383,台光電,0.5,74.5,0.67,17.3,3.2,,0.0,0.0,17.2,0.0,0.0,16.85,3.69,0.0,,,,1908.0,17.3,17.15,17.6,17.3
20070910,0.0,2383,台光電,0.44,74.44,0.6,17.0,4.0,,0.0,0.0,17.2,0.0,0.0,16.85,3.71,33.0,,,,1584.0,17.0,16.8,17.1,16.8
20070911,0.0,2383,台光電,0.44,75.78,0.59,17.0,4.9,,0.0,0.0,17.13,0.0,-3.0,16.85,3.71,-1.0,56.47,43.53,81.0,1707.0,17.0,16.8,17.25,17.05
20070912,13.11,2383,台光電,0.42,76.04,0.56,17.15,4.9,,0.0,0.0,17.13,0.0,-4.0,16.85,3.69,-36.0,63.13,36.87,137.0,1891.0,17.15,17.1,17.45,17.1
20070913,16.06,2383,台光電,0.44,76.59,0.57,17.35,6.6,,0.0,0.0,17.13,0.0,0.0,16.85,3.71,48.0,55.48,44.52,174.0,5417.0,17.35,16.8,17.6,17.2
20070914,0.86,2383,台光電,0.43,74.18,0.57,17.2,4.1,,0.0,0.0,17.13,0.0,0.0,16.85,3.7,-14.0,28.18,71.82,149.0,2317.0,17.2,17.15,17.45,17.35
20070917,0.0,2383,台光電,0.42,73.92,0.57,16.9,4.5,,0.0,0.0,17.13,0.0,0.0,16.85,3.7,0.0,11.33,88.67,115.0,1033.0,16.9,16.9,17.2,17.2
20070919,1.37,2383,台光電,0.43,73.67,0.58,16.6,4.0,,0.0,0.0,17.13,0.0,0.0,16.85,3.7,0.0,25.99,74.01,160.0,2269.0,16.6,16.6,17.15,17.15
20070920,6.98,2383,台光電,0.43,73.62,0.59,16.95,5.2,,0.0,0.0,17.13,0.0,0.0,16.86,3.72,31.0,37.13,62.87,110.0,2034.0,16.95,16.7,17.05,16.7
20070921,15.35,2383,台光電,0.43,73.69,0.58,16.95,5.7,,0.0,0.0,17.13,0.0,0.0,16.86,3.72,1.0,40.85,59.15,62.0,924.0,16.95,16.8,17.0,16.95
20070926,1.65,2383,台光電,0.42,73.87,0.57,17.3,6.5,,0.0,0.0,17.13,0.0,0.0,16.86,3.73,26.0,58.05,41.95,40.0,1214.0,17.3,16.9,17.3,17.1
20070927,38.17,2383,台光電,0.39,74.51,0.52,17.7,7.0,,0.0,0.0,17.13,0.0,0.0,16.86,3.73,10.0,58.73,41.27,92.0,5358.0,17.7,17.3,17.95,17.4
20070928,0.75,2383,台光電,0.38,74.9,0.5,17.35,5.7,,0.0,0.0,17.13,0.0,0.0,16.86,3.73,-4.0,37.23,62.77,64.0,1334.0,17.35,17.35,17.7,17.7
20070929,1.05,2383,台光電,0.33,74.95,0.44,17.45,6.1,,0.0,0.0,17.13,0.0,-3.0,16.86,3.73,0.0,58.72,41.28,80.0,1147.0,17.45,17.35,17.7,17.35
20071001,0.0,2383,台光電,0.31,75.07,0.41,17.3,5.8,,0.0,0.0,17.13,0.0,0.0,16.86,3.73,-2.0,40.07,59.93,34.0,835.0,17.3,17.25,17.6,17.5
20071002,1.39,2383,台光電,0.33,75.32,0.44,17.35,6.2,,0.0,0.0,17.25,0.0,2.0,16.86,3.73,-13.0,24.55,75.45,20.0,1077.0,17.35,17.25,17.6,17.4
20071003,0.0,2383,台光電,0.33,75.78,0.44,17.0,5.1,,0.0,0.0,17.09,0.0,6.0,16.86,3.74,38.0,28.55,71.45,86.0,1763.0,17.0,16.95,17.45,17.35
20071004,0.84,2383,台光電,0.29,75.45,0.38,16.95,5.5,,0.0,0.0,17.08,0.0,1.0,16.86,3.76,50.0,42.07,57.93,149.0,1550.0,16.95,16.85,17.2,17.0
20071005,2.32,2383,台光電,0.29,75.35,0.38,16.85,5.0,,0.0,0.0,17.08,0.0,-1.0,16.86,3.76,2.0,25.84,74.16,51.0,1079.0,16.85,16.8,17.1,17.0
20071008,14.29,2383,台光電,0.33,75.83,0.44,16.9,5.5,,0.0,0.0,17.08,0.0,0.0,16.86,3.77,12.0,48.2,51.8,110.0,1547.0,16.9,16.8,17.2,17.0
20071009,47.46,2383,台光電,0.38,75.7,0.5,16.8,5.5,,0.0,0.0,17.08,0.0,-1.0,16.86,3.77,-7.0,62.17,37.83,250.0,2697.0,16.8,16.8,17.1,17.0
20071011,2.56,2383,台光電,0.37,75.4,0.49,16.7,5.0,,0.0,0.0,17.04,0.0,1.0,16.86,3.77,12.0,31.01,68.99,121.0,976.0,16.7,16.7,17.0,17.0
20071012,1.53,2383,台光電,0.35,75.51,0.46,16.4,5.0,,0.0,0.0,17.04,0.0,-1.0,16.86,3.76,-32.0,31.44,68.56,72.0,2027.0,16.4,16.4,16.85,16.7
20071015,0.0,2383,台光電,0.35,74.46,0.47,16.1,5.0,,0.0,0.0,17.04,0.0,0.0,16.86,3.77,29.0,24.17,75.83,71.0,1350.0,16.1,16.1,16.5,16.5
20071016,0.0,2383,台光電,0.28,74.21,0.38,16.1,5.8,,0.0,0.0,17.04,0.0,0.0,16.86,3.75,-38.0,44.18,55.82,50.0,847.0,16.1,16.0,16.45,16.1
20071017,0.58,2383,台光電,0.28,71.01,0.4,16.0,6.2,,0.0,0.0,16.51,0.01,7.0,16.86,3.74,-35.0,16.18,83.82,155.0,3631.0,16.0,15.5,16.3,16.1
20071018,2.12,2383,台光電,0.29,70.84,0.41,16.5,6.6,,0.0,0.0,16.51,0.01,0.0,16.85,3.77,82.0,66.49,33.51,83.0,1510.0,16.5,16.0,16.5,16.0
20071019,25.16,2383,台光電,0.57,71.09,0.8,16.45,6.6,,0.0,0.0,16.51,0.0,-8.0,16.85,3.77,-4.0,58.34,41.66,39.0,1765.0,16.45,16.35,16.8,16.5
20071022,0.0,2383,台光電,0.57,70.63,0.8,16.1,5.4,,0.0,0.0,16.51,0.0,-4.0,16.85,3.76,-22.0,47.56,52.44,114.0,1006.0,16.1,15.7,16.15,15.75
20071023,1.47,2383,台光電,0.54,71.4,0.76,16.05,4.9,,0.0,0.0,16.51,0.0,0.0,16.85,3.66,-40.0,34.16,65.84,26.0,1294.0,16.05,16.0,16.3,16.25
20071024,0.0,2383,台光電,0.53,71.51,0.73,15.7,4.5,,0.0,0.0,15.76,0.0,5.0,16.85,3.65,-14.0,10.9,89.1,95.0,1126.0,15.7,15.7,16.25,16.2
20071025,0.18,2383,台光電,0.51,71.61,0.71,15.7,4.5,,0.0,0.0,15.76,0.0,0.0,16.85,3.65,0.0,36.01,63.99,42.0,1130.0,15.7,15.55,15.9,15.8
20071026,11.55,2383,台光電,0.49,72.03,0.68,15.95,6.2,,0.0,0.0,15.76,0.0,-8.0,16.85,3.35,-721.0,64.47,35.53,71.0,2242.0,15.95,15.6,16.0,15.75
20071029,29.3,2383,台光電,0.17,73.93,0.24,15.9,6.7,,0.0,0.0,15.76,0.0,0.0,16.84,3.28,-163.0,56.31,43.69,241.0,6270.0,15.9,15.75,16.15,16.0
20071030,42.68,2383,台光電,0.27,76.04,0.35,15.9,5.5,,0.0,0.0,15.76,0.0,0.0,16.84,3.28,0.0,63.33,36.67,158.0,7338.0,15.9,15.85,16.25,15.95
20071031,4.72,2383,台光電,0.25,75.62,0.33,15.8,4.9,15.8,0.06,140.0,15.76,0.0,0.0,16.84,3.28,4.0,34.01,65.99,152.0,1101.0,15.8,15.8,16.1,16.1
20071101,8.36,2383,台光電,0.26,75.71,0.34,15.7,2.8,15.8,0.06,0.0,15.71,0.0,3.0,16.84,3.27,-27.0,34.4,65.6,149.0,1508.0,15.7,15.7,16.1,15.9
20071102,0.0,2383,台光電,0.25,75.01,0.33,15.35,4.0,15.8,0.06,0.0,15.63,0.0,1.0,16.84,3.27,-2.0,30.31,69.69,271.0,2166.0,15.35,15.0,15.5,15.5
20071105,1.78,2383,台光電,0.17,75.42,0.22,15.1,3.2,15.8,0.06,0.0,15.63,0.0,0.0,16.84,2.86,-986.0,41.39,58.61,82.0,1794.0,15.1,15.05,15.5,15.4
20071106,19.86,2383,台光電,0.17,75.47,0.22,15.3,4.9,15.8,0.06,0.0,15.63,0.0,0.0,16.83,2.87,25.0,60.19,39.81,114.0,1838.0,15.3,15.15,15.5,15.3
20071107,0.51,2383,台光電,0.17,75.27,0.22,15.2,3.2,15.8,0.06,0.0,15.63,0.0,0.0,16.83,2.86,-23.0,31.78,68.22,23.0,780.0,15.2,15.15,15.4,15.35
20071108,0.0,2383,台光電,0.15,75.15,0.2,14.15,4.1,15.8,0.06,0.0,14.66,0.0,3.0,16.79,2.87,25.0,41.04,58.96,79.0,2130.0,14.15,14.15,14.85,14.8
20071109,0.21,2383,台光電,0.14,71.64,0.19,14.0,5.4,15.8,0.06,0.0,14.22,0.0,0.0,16.78,2.88,29.0,48.22,51.78,204.0,6538.0,14.0,13.25,14.5,14.15
20071112,0.0,2383,台光電,0.13,71.21,0.18,13.5,3.7,15.8,0.06,0.0,14.22,0.0,-1.0,16.76,2.89,11.0,37.65,62.35,139.0,1176.0,13.5,13.3,13.6,13.3
20071113,1.51,2383,台光電,0.13,70.66,0.18,13.4,3.7,15.8,0.06,0.0,14.22,0.0,-5.0,16.75,2.87,-41.0,36.93,63.07,76.0,1521.0,13.4,13.3,13.75,13.35
20071114,3.17,2383,台光電,0.13,70.49,0.19,13.75,4.9,15.8,0.06,0.0,14.22,0.0,-1.0,16.74,2.88,19.0,54.11,45.89,36.0,1452.0,13.75,13.6,13.9,13.85
20071115,1.82,2383,台光電,0.13,70.27,0.19,13.7,4.9,15.8,0.06,0.0,14.22,0.0,0.0,16.74,2.88,-1.0,42.55,57.45,101.0,603.0,13.7,13.6,13.85,13.75
20071116,0.0,2383,台光電,0.13,70.01,0.19,13.5,3.2,15.8,0.06,0.0,14.22,0.0,0.0,16.74,2.87,-21.0,26.24,73.76,75.0,608.0,13.5,13.4,13.6,13.5
20071119,2.99,2383,台光電,0.13,69.94,0.19,13.65,4.8,13.65,0.01,-120.0,14.22,0.0,0.0,16.74,2.87,-2.0,32.5,67.5,21.0,603.0,13.65,13.6,13.85,13.7
20071120,0.0,2383,台光電,0.13,69.93,0.18,13.5,4.4,13.65,0.01,0.0,13.54,0.0,11.0,16.74,2.87,6.0,52.5,47.5,21.0,660.0,13.5,13.1,13.5,13.1
20071121,1.8,2383,台光電,0.13,69.63,0.18,13.5,4.5,13.65,0.01,0.0,13.54,0.0,-11.0,16.74,2.85,-34.0,43.87,56.13,183.0,1336.0,13.5,13.2,13.5,13.45
20071122,0.0,2383,台光電,0.13,69.63,0.18,13.4,4.0,13.65,0.01,0.0,13.54,0.0,0.0,16.72,2.86,17.0,60.11,39.89,38.0,711.0,13.4,13.2,13.4,13.35
20071123,1.66,2383,台光電,0.13,69.17,0.18,13.4,4.5,13.65,0.01,0.0,13.54,0.0,0.0,16.72,2.85,-34.0,61.05,38.95,141.0,843.0,13.4,13.15,13.45,13.4
20071126,0.0,2383,台光電,0.13,68.96,0.18,13.2,3.6,13.65,0.01,0.0,13.54,0.0,0.0,16.7,2.86,21.0,16.8,83.2,71.0,491.0,13.2,13.2,13.5,13.5
20071127,0.0,2383,台光電,0.13,68.28,0.19,13.0,4.9,13.65,0.01,0.0,13.07,0.0,4.0,16.68,2.87,39.0,39.82,60.18,38.0,1575.0,13.0,12.65,13.05,12.9
20071128,0.0,2383,台光電,0.13,68.02,0.19,13.0,4.5,13.65,0.01,0.0,13.07,0.0,-4.0,16.67,2.83,-105.0,50.22,49.78,150.0,679.0,13.0,12.8,13.0,12.8
20071129,2.22,2383,台光電,0.24,68.11,0.36,12.9,3.2,13.65,0.01,0.0,13.07,0.0,0.0,16.67,2.76,-157.0,40.06,59.94,55.0,676.0,12.9,12.9,13.2,13.1
20071130,0.0,2383,台光電,0.29,68.01,0.43,13.1,4.8,13.65,0.01,0.0,13.07,0.0,0.0,16.65,2.74,-55.0,47.07,52.93,62.0,516.0,13.1,12.95,13.1,13.0
20071203,8.29,2383,台光電,0.35,68.17,0.52,13.0,4.5,13.65,0.01,0.0,13.0,0.0,8.0,16.64,2.74,-4.0,43.1,56.9,74.0,929.0,13.0,13.0,13.25,13.2
20071204,4.52,2383,台光電,0.35,68.18,0.52,13.05,4.8,13.65,0.01,0.0,13.0,0.0,0.0,16.64,2.61,-315.0,38.94,61.06,15.0,663.0,13.05,12.9,13.1,13.0
20071205,4.74,2383,台光電,0.38,68.64,0.56,13.4,5.3,,0.0,-20.0,13.0,0.0,0.0,16.64,2.41,-464.0,41.51,58.49,42.0,1751.0,13.4,13.05,13.5,13.05
20071206,1.69,2383,台光電,0.42,68.37,0.62,13.15,4.1,,0.0,0.0,13.0,0.0,0.0,16.64,2.33,-203.0,31.19,68.81,18.0,1004.0,13.15,13.15,13.7,13.7
20071207,0.35,2383,台光電,0.42,68.25,0.62,13.05,3.2,,0.0,0.0,13.0,0.0,0.0,16.64,2.25,-175.0,24.0,76.0,17.0,865.0,13.05,13.05,13.4,13.2
20071210,1.38,2383,台光電,0.42,68.16,0.62,12.95,3.2,,0.0,0.0,13.0,0.0,0.0,16.59,2.26,-56.0,22.56,77.44,53.0,362.0,12.95,12.95,13.15,13.05
20071211,1.49,2383,台光電,0.39,68.22,0.57,12.95,3.2,,0.0,0.0,13.0,0.0,0.0,16.58,2.24,-59.0,29.85,70.15,18.0,336.0,12.95,12.95,13.1,13.0
20071212,0.67,2383,台光電,0.39,68.13,0.57,12.85,3.2,,0.0,0.0,12.99,0.0,0.0,16.48,2.26,65.0,50.45,49.55,10.0,451.0,12.85,12.8,13.0,12.8
20071213,0.0,2383,台光電,0.24,67.91,0.36,12.4,3.7,,0.0,0.0,12.54,0.0,-2.0,16.47,2.18,-197.0,15.16,84.84,76.0,1025.0,12.4,12.35,12.95,12.95
20071214,0.0,2383,台光電,0.08,70.56,0.12,11.6,4.2,,0.0,0.0,11.76,0.0,3.0,16.46,1.48,-1673.0,5.83,94.17,57.0,8389.0,11.6,11.55,12.4,12.4
20071217,0.0,2383,台光電,0.06,69.31,0.09,10.8,3.7,,0.0,0.0,11.76,0.0,0.0,16.34,1.16,-761.0,25.78,74.22,2.0,5355.0,10.8,10.8,11.4,11.4
20071218,0.0,2383,台光電,0.06,68.67,0.09,10.05,4.2,,0.0,0.0,11.76,0.0,0.0,16.03,0.99,-410.0,17.4,82.6,286.0,7382.0,10.05,10.05,10.5,10.05
20071219,16.62,2383,台光電,0.09,67.63,0.14,10.55,4.4,,0.0,0.0,10.75,0.0,0.0,15.66,1.05,149.0,57.53,42.47,24.0,2419.0,10.55,10.25,10.65,10.4
20071220,0.0,2383,台光電,0.09,66.5,0.14,10.1,3.2,,0.0,0.0,10.14,0.0,-1.0,15.32,1.1,126.0,19.32,80.68,137.0,1644.0,10.1,10.1,10.65,10.65
20071221,9.49,2383,台光電,0.11,65.98,0.16,10.15,3.6,,0.0,0.0,10.14,0.0,-8.0,15.28,1.1,-9.0,42.67,57.33,67.0,1170.0,10.15,10.0,10.25,10.0
20071224,12.17,2383,台光電,0.07,65.69,0.11,10.7,4.8,,0.0,0.0,10.14,0.0,0.0,15.28,1.1,1.0,54.46,45.54,80.0,912.0,10.7,10.25,10.8,10.25
20071225,0.82,2383,台光電,0.07,65.87,0.11,10.85,5.2,,0.0,0.0,10.14,0.0,0.0,15.27,1.1,-3.0,49.59,50.41,68.0,975.0,10.85,10.6,10.9,10.8
20071226,0.0,2383,台光電,0.07,65.83,0.11,10.85,5.3,,0.0,0.0,10.14,0.0,0.0,15.26,1.1,3.0,63.88,36.12,38.0,500.0,10.85,10.65,10.85,10.8
20071227,3.05,2383,台光電,0.09,65.64,0.13,11.3,6.2,,0.0,0.0,11.21,0.0,7.0,15.01,1.17,180.0,55.24,44.76,94.0,1576.0,11.3,10.85,11.35,10.85
20071228,4.26,2383,台光電,0.1,65.55,0.16,11.45,6.2,,0.0,0.0,11.43,0.0,1.0,14.78,1.25,189.0,52.74,47.26,51.0,1080.0,11.45,11.2,11.6,11.25
20071231,3.66,2383,台光電,0.17,66.46,0.26,11.9,6.6,,0.0,0.0,11.43,0.0,-8.0,14.7,1.28,66.0,53.5,46.5,36.0,2075.0,11.9,11.6,12.1,11.6
20080102,1.11,2383,台光電,0.47,194.05,0.24,11.8,5.8,,0.0,0.0,11.77,0.0,8.0,14.52,1.36,179.0,39.67,60.33,1.0,1527.0,11.8,11.7,12.05,11.9
20080103,0.0,2383,台光電,0.47,190.58,0.24,11.7,4.9,,0.0,0.0,11.77,0.0,-8.0,14.5,1.36,14.0,41.64,58.36,62.0,903.0,11.7,11.4,11.7,11.4
20080104,0.0,2383,台光電,0.51,188.07,0.27,11.65,4.5,,0.0,0.0,11.77,0.0,0.0,14.5,1.35,-21.0,48.63,51.37,71.0,777.0,11.65,11.55,12.0,11.6
20080107,0.0,2383,台光電,0.34,184.48,0.18,11.25,3.7,,0.0,0.0,11.29,0.0,8.0,14.49,1.36,6.0,25.94,74.06,55.0,1042.0,11.25,10.9,11.25,11.0
20080108,1.59,2383,台光電,0.33,181.12,0.18,11.05,3.3,,0.0,0.0,11.14,0.0,-7.0,14.47,1.36,13.0,29.09,70.91,126.0,692.0,11.05,11.0,11.45,11.0
20080109,2.72,2383,台光電,0.38,179.63,0.21,11.2,4.1,,0.0,0.0,11.19,0.0,5.0,14.47,1.36,-6.0,54.56,45.44,26.0,552.0,11.2,10.8,11.4,10.8
20080110,1.03,2383,台光電,0.28,179.44,0.16,11.25,4.5,,0.0,0.0,11.19,0.0,-6.0,14.47,1.35,-21.0,28.35,71.65,9.0,389.0,11.25,11.2,11.45,11.35
20080111,0.0,2383,台光電,0.28,178.69,0.16,11.1,3.6,,0.0,0.0,11.11,0.0,8.0,14.47,1.35,0.0,36.26,63.74,13.0,620.0,11.1,11.1,11.4,11.25
20080114,2.28,2383,台光電,0.28,174.51,0.16,11.2,4.9,,0.0,0.0,11.11,0.0,-8.0,14.47,1.35,0.0,40.12,59.88,53.0,482.0,11.2,11.1,11.4,11.4
20080115,0.57,2383,台光電,0.28,175.02,0.16,11.2,4.9,,0.0,0.0,11.18,0.0,2.0,14.47,1.35,0.0,63.21,36.79,47.0,1759.0,11.2,11.1,11.85,11.3
20080116,0.82,2383,台光電,0.23,173.65,0.13,11.0,3.2,,0.0,0.0,11.02,0.0,4.0,14.45,1.36,21.0,35.7,64.3,117.0,733.0,11.0,11.0,11.35,11.2
20080117,0.7,2383,台光電,0.23,175.24,0.13,11.0,3.7,,0.0,0.0,11.0,0.0,1.0,14.43,1.36,11.0,31.12,68.88,22.0,574.0,11.0,10.95,11.25,11.15
20080118,6.62,2383,台光電,0.26,173.36,0.15,11.2,6.2,,0.0,0.0,11.13,0.0,-6.0,14.41,1.37,17.0,57.43,42.57,158.0,1254.0,11.2,11.05,11.4,11.25
20080121,0.0,2383,台光電,0.25,174.73,0.14,11.15,4.9,,0.0,0.0,11.13,0.0,-1.0,14.41,1.36,-18.0,26.59,73.41,32.0,616.0,11.15,11.15,11.5,11.5
20080122,0.0,2383,台光電,0.21,173.25,0.12,10.4,4.2,,0.0,0.0,10.45,0.0,8.0,14.41,1.36,0.0,18.3,81.7,2.0,1204.0,10.4,10.4,10.85,10.85
20080123,0.26,2383,台光電,0.2,166.8,0.12,9.79,3.8,,0.0,0.0,10.45,0.0,-8.0,14.41,1.36,1.0,27.29,72.71,70.0,1939.0,9.79,9.68,10.55,10.4
20080124,4.38,2383,台光電,0.23,158.89,0.15,9.97,4.5,,0.0,0.0,10.0,0.0,8.0,14.41,1.36,-2.0,53.79,46.21,51.0,981.0,9.97,9.5,10.1,9.9
20080125,2.72,2383,台光電,0.23,160.15,0.14,10.25,4.8,,0.0,0.0,10.0,0.0,-8.0,14.38,1.37,19.0,52.6,47.4,30.0,734.0,10.25,10.0,10.4,10.1
20080128,0.23,2383,台光電,0.22,156.55,0.14,10.0,4.1,,0.0,0.0,10.0,0.0,8.0,14.37,1.36,-4.0,49.53,50.47,30.0,429.0,10.0,9.9,10.3,9.9
20080129,1.19,2383,台光電,0.23,156.44,0.15,10.0,4.1,,0.0,0.0,10.0,0.0,0.0,14.35,1.36,0.0,16.54,83.46,46.0,675.0,10.0,9.91,10.15,10.0
20080130,0.0,2383,台光電,0.23,156.26,0.15,10.0,4.9,,0.0,0.0,10.0,0.0,0.0,14.33,1.36,-19.0,29.46,70.54,37.0,355.0,10.0,9.96,10.2,10.0
20080131,0.0,2383,台光電,0.23,156.18,0.15,10.05,5.7,,0.0,0.0,10.0,0.0,0.0,14.31,1.36,15.0,63.52,36.48,12.0,319.0,10.05,9.94,10.1,10.0
20080201,2.56,2383,台光電,0.22,156.23,0.14,10.3,6.6,,0.0,0.0,10.0,0.0,0.0,14.29,1.37,10.0,77.88,22.12,112.0,663.0,10.3,10.05,10.3,10.15
20080212,0.0,2383,台光電,0.22,155.31,0.14,10.0,,,0.0,0.0,10.0,0.0,0.0,14.29,1.37,0.0,32.31,67.69,36.0,361.0,10.0,10.0,10.25,10.0
20080213,1.6,2383,台光電,0.22,155.56,0.14,10.05,4.8,,0.0,0.0,10.04,0.0,-3.0,14.29,1.36,-8.0,53.76,46.24,2.0,187.0,10.05,10.0,10.3,10.3
20080214,8.06,2383,台光電,0.23,156.35,0.15,10.4,5.7,,0.0,0.0,10.04,0.0,0.0,14.29,1.36,2.0,65.34,34.66,21.0,583.0,10.4,10.2,10.5,10.2
20080215,0.0,2383,台光電,0.23,155.79,0.15,10.3,5.3,,0.0,0.0,10.04,0.0,0.0,14.28,1.36,-1.0,43.22,56.78,44.0,400.0,10.3,10.2,10.3,10.3
20080218,5.59,2383,台光電,0.25,156.79,0.16,10.7,6.6,,0.0,0.0,10.04,0.0,-5.0,14.28,1.37,8.0,54.65,45.35,18.0,984.0,10.7,10.35,10.8,10.35
20080219,1.27,2383,台光電,0.25,157.77,0.16,10.75,6.1,,0.0,0.0,10.04,0.0,0.0,14.27,1.37,1.0,61.88,38.12,25.0,630.0,10.75,10.6,10.8,10.75
20080220,5.33,2383,台光電,0.25,156.21,0.16,10.8,5.7,,0.0,0.0,10.74,0.0,7.0,14.27,1.36,-13.0,47.26,52.74,18.0,844.0,10.8,10.6,11.1,10.7
20080221,2.78,2383,台光電,0.25,158.0,0.16,11.05,6.5,,0.0,0.0,10.74,0.0,0.0,14.26,1.36,5.0,43.41,56.59,32.0,756.0,11.05,10.9,11.15,11.1
20080222,0.0,2383,台光電,0.25,157.07,0.16,10.9,5.8,,0.0,0.0,10.89,0.0,1.0,14.25,1.36,-6.0,39.82,60.18,139.0,1122.0,10.9,10.7,11.0,11.0
20080225,11.0,2383,台光電,0.19,156.58,0.12,11.05,6.1,,0.0,0.0,10.89,0.0,-8.0,14.25,1.36,-12.0,65.1,34.9,33.0,1618.0,11.05,11.0,11.3,11.0
20080226,2.84,2383,台光電,0.19,158.42,0.12,11.2,6.1,,0.0,0.0,11.18,0.0,8.0,14.24,1.36,9.0,54.36,45.64,160.0,1899.0,11.2,10.85,11.25,11.25
20080227,2.7,2383,台光電,0.19,162.07,0.12,11.25,5.6,,0.0,0.0,11.18,0.0,-8.0,14.22,1.37,15.0,52.49,47.51,69.0,1259.0,11.25,11.1,11.3,11.2
20080229,5.34,2383,台光電,0.07,161.75,0.04,11.3,6.1,,0.0,0.0,11.18,0.0,0.0,14.21,1.37,0.0,50.15,49.85,51.0,1030.0,11.3,11.05,11.3,11.2
20080303,0.0,2383,台光電,0.07,159.95,0.04,11.1,4.4,,0.0,0.0,11.11,0.0,6.0,14.21,1.36,-4.0,34.98,65.02,70.0,487.0,11.1,10.9,11.2,11.2
20080304,3.92,2383,台光電,0.09,163.61,0.06,11.4,6.6,,0.0,0.0,11.15,0.0,1.0,14.19,1.37,20.0,65.1,34.9,83.0,1223.0,11.4,11.0,11.5,11.0
20080305,2.18,2383,台光電,0.12,165.6,0.07,11.4,5.7,,0.0,0.0,11.15,0.0,0.0,14.17,1.38,12.0,51.15,48.85,25.0,962.0,11.4,11.25,11.5,11.4
20080306,5.58,2383,台光電,0.15,167.71,0.09,11.8,6.6,,0.0,0.0,11.15,0.0,0.0,14.14,1.39,36.0,70.37,29.63,148.0,2328.0,11.8,11.45,11.8,11.5
20080307,2.82,2383,台光電,0.15,164.89,0.09,11.75,5.3,,0.0,0.0,11.69,0.0,-2.0,14.12,1.39,-3.0,50.8,49.2,23.0,957.0,11.75,11.5,11.9,11.5
20080310,0.0,2383,台光電,0.15,165.31,0.09,11.5,4.9,,0.0,0.0,11.66,0.0,1.0,14.1,1.4,22.0,19.08,80.92,37.0,879.0,11.5,11.45,11.7,11.7
20080311,0.56,2383,台光電,0.15,163.18,0.09,11.5,4.5,,0.0,0.0,11.55,0.0,-2.0,14.09,1.4,-2.0,53.56,46.44,171.0,887.0,11.5,11.0,11.5,11.05
20080312,5.13,2383,台光電,0.15,161.67,0.09,11.6,5.8,,0.0,0.0,11.55,0.0,0.0,14.06,1.42,40.0,53.7,46.3,44.0,1383.0,11.6,11.55,11.75,11.75
20080313,1.36,2383,台光電,1.04,166.72,0.63,11.65,5.8,,0.0,0.0,11.6,0.0,5.0,14.05,1.42,-4.0,50.76,49.24,300.0,3313.0,11.65,11.2,11.7,11.5
20080314,40.4,2383,台光電,3.81,180.45,2.11,11.65,5.5,,0.0,0.0,11.6,0.0,0.0,14.02,1.42,8.0,50.84,49.16,290.0,16232.0,11.65,11.65,12.1,11.85
20080317,0.0,2383,台光電,1.95,178.79,1.09,11.35,4.5,,0.0,0.0,11.6,0.0,-9.0,14.01,1.41,-30.0,30.41,69.59,122.0,1924.0,11.35,11.2,11.5,11.5
20080318,0.62,2383,台光電,0.56,177.47,0.31,11.25,3.2,,0.0,0.0,11.27,0.0,8.0,14.01,1.39,-30.0,28.57,71.43,81.0,1284.0,11.25,11.05,11.5,11.5
20080319,2.68,2383,台光電,0.54,175.75,0.31,11.25,3.6,,0.0,0.0,11.27,0.0,0.0,14.0,1.4,15.0,36.21,63.79,31.0,1045.0,11.25,11.2,11.45,11.45
20080320,2.95,2383,台光電,0.46,174.93,0.26,11.45,5.6,,0.0,0.0,11.27,0.0,-7.0,13.93,1.44,91.0,58.74,41.26,65.0,950.0,11.45,11.1,11.5,11.25
20080321,0.72,2383,台光電,0.37,173.25,0.22,11.5,5.7,,0.0,0.0,11.27,0.0,0.0,13.85,1.48,99.0,51.27,48.73,66.0,1244.0,11.5,11.4,11.6,11.6
20080324,1.61,2383,台光電,0.32,167.04,0.19,11.85,7.0,,0.0,0.0,11.27,0.0,0.0,13.78,1.53,133.0,62.61,37.39,54.0,1991.0,11.85,11.65,12.0,12.0
20080325,6.05,2383,台光電,0.32,169.4,0.19,11.65,6.2,,0.0,0.0,11.62,0.0,7.0,13.62,1.66,300.0,58.4,41.6,125.0,2181.0,11.65,11.65,11.95,11.9
20080326,4.18,2383,台光電,0.32,164.11,0.19,11.8,6.5,,0.0,0.0,11.62,0.0,0.0,13.61,1.66,2.0,47.07,52.93,85.0,1556.0,11.8,11.7,11.95,11.75
20080327,19.34,2383,台光電,0.73,156.88,0.47,12.45,7.5,,0.0,0.0,11.62,0.0,0.0,13.61,1.67,23.0,55.95,44.05,244.0,9660.0,12.45,11.8,12.5,11.95
20080328,1.11,2383,台光電,0.4,157.01,0.25,12.45,6.1,,0.0,0.0,11.62,0.0,-8.0,13.61,1.66,-23.0,46.69,53.31,110.0,2443.0,12.45,12.3,12.55,12.4
20080331,0.82,2383,台光電,0.25,153.44,0.16,12.35,6.1,,0.0,0.0,11.62,0.0,0.0,13.6,1.67,10.0,36.51,63.49,209.0,1213.0,12.35,12.2,12.5,12.5
20080401,2.94,2383,台光電,0.08,152.42,0.06,12.35,5.3,,0.0,0.0,12.3,0.0,8.0,13.6,1.66,-20.0,39.43,60.57,96.0,3065.0,12.35,12.35,12.85,12.45
20080402,2.14,2383,台光電,0.0,147.88,0.0,12.5,6.1,,0.0,0.0,12.3,0.0,0.0,13.6,1.66,10.0,42.05,57.95,267.0,2431.0,12.5,12.45,12.75,12.65
20080403,0.0,2383,台光電,0.0,148.53,0.0,12.5,5.7,,0.0,0.0,12.3,0.0,0.0,13.6,1.66,-1.0,48.87,51.13,92.0,1326.0,12.5,12.5,12.6,12.55
20080407,0.0,2383,台光電,0.0,142.06,0.0,12.5,4.8,,0.0,0.0,12.3,0.0,0.0,13.58,1.69,66.0,42.9,57.1,245.0,1328.0,12.5,12.5,12.7,12.6
20080408,0.0,2383,台光電,0.0,129.56,0.0,12.65,7.0,,0.0,0.0,12.3,0.0,0.0,13.57,1.7,25.0,62.93,37.07,54.0,2228.0,12.65,12.4,12.8,12.6
20080409,0.0,2383,台光電,0.0,126.59,0.0,12.5,4.9,,0.0,0.0,12.3,0.0,0.0,13.57,1.66,-81.0,24.2,75.8,99.0,1190.0,12.5,12.5,12.65,12.6
20080410,0.0,2383,台光電,0.0,121.68,0.0,12.65,6.2,,0.0,0.0,12.3,0.0,0.0,13.57,1.67,18.0,48.17,51.83,72.0,1810.0,12.65,12.5,12.75,12.5
20080411,3.6,2383,台光電,0.3,127.2,0.24,12.75,6.6,,0.0,0.0,12.3,0.0,0.0,13.57,1.67,0.0,64.63,35.37,57.0,2947.0,12.75,12.6,12.95,12.75
20080414,0.0,2383,台光電,0.3,127.38,0.24,12.55,4.9,,0.0,0.0,12.3,0.0,0.0,13.56,1.68,7.0,21.97,78.03,79.0,1387.0,12.55,12.55,12.7,12.7
20080415,6.16,2383,台光電,0.36,125.94,0.28,13.05,6.5,,0.0,0.0,12.3,0.0,0.0,13.56,1.66,-25.0,60.67,39.33,117.0,3214.0,13.05,12.7,13.05,12.7
20080416,2.06,2383,台光電,0.36,127.11,0.28,13.2,5.6,,0.0,0.0,12.3,0.0,-8.0,13.56,1.66,-18.0,39.83,60.17,86.0,2238.0,13.2,13.05,13.45,13.45
20080417,0.86,2383,台光電,0.53,126.3,0.42,13.2,5.7,,0.0,0.0,12.3,0.0,0.0,13.55,1.7,98.0,43.16,56.84,79.0,2217.0,13.2,13.15,13.5,13.35
20080418,0.16,2383,台光電,0.48,123.86,0.39,13.05,4.9,,0.0,0.0,12.3,0.0,0.0,13.55,1.7,8.0,25.61,74.39,54.0,1280.0,13.05,12.95,13.3,13.2
20080421,24.66,2383,台光電,0.54,125.65,0.43,13.25,6.6,,0.0,0.0,12.3,0.0,0.0,13.55,1.72,55.0,52.0,48.0,75.0,3090.0,13.25,13.0,13.4,13.2
20080422,1.46,2383,台光電,0.53,124.94,0.42,13.25,6.1,,0.0,0.0,12.3,0.0,0.0,13.55,1.71,-40.0,42.42,57.58,52.0,888.0,13.25,13.2,13.4,13.4
20080423,5.77,2383,台光電,0.52,125.58,0.42,13.2,4.5,,0.0,0.0,12.3,0.0,0.0,13.54,1.72,35.0,35.11,64.89,103.0,1281.0,13.2,13.1,13.35,13.25
20080424,0.43,2383,台光電,0.51,121.91,0.42,13.0,4.5,,0.0,0.0,12.3,0.0,0.0,13.54,1.72,-10.0,24.74,75.26,96.0,1155.0,13.0,13.0,13.3,13.2
20080425,0.64,2383,台光電,0.47,121.41,0.39,12.9,4.5,,0.0,0.0,12.3,0.0,0.0,13.54,1.72,-7.0,22.63,77.37,56.0,1092.0,12.9,12.9,13.1,13.0
20080428,1.09,2383,台光電,0.48,121.68,0.39,12.8,4.1,,0.0,0.0,12.3,0.0,0.0,13.54,1.72,0.0,27.54,72.46,50.0,1005.0,12.8,12.8,13.0,13.0
20080429,3.37,2383,台光電,0.47,119.11,0.39,13.0,5.7,,0.0,0.0,12.3,0.0,0.0,13.54,1.72,21.0,41.53,58.47,55.0,1603.0,13.0,12.8,13.3,12.8
20080430,4.45,2383,台光電,0.49,116.28,0.42,13.55,7.0,,0.0,0.0,12.3,0.0,0.0,13.54,1.72,-5.0,56.87,43.13,83.0,3913.0,13.55,13.05,13.65,13.3
20080502,6.58,2383,台光電,0.58,128.45,0.45,14.3,6.5,,0.0,0.0,13.97,0.0,3.0,13.54,1.71,-20.0,60.66,39.34,329.0,4880.0,14.3,13.8,14.3,14.0
20080505,0.04,2383,台光電,0.57,128.16,0.44,14.0,5.6,,0.0,0.0,13.97,0.0,0.0,13.54,1.71,-19.0,33.79,66.21,106.0,2420.0,14.0,14.0,14.4,14.35
20080506,4.07,2383,台光電,0.63,129.69,0.49,14.05,5.6,,0.0,0.0,14.02,0.0,6.0,13.54,1.71,15.0,54.24,45.76,61.0,2088.0,14.05,13.8,14.25,14.0
20080507,3.62,2383,台光電,0.75,129.76,0.58,14.05,6.1,,0.0,0.0,14.05,0.13,301.0,13.54,1.71,0.0,50.09,49.91,63.0,2265.0,14.05,14.0,14.35,14.1
20080508,5.12,2383,台光電,0.75,130.4,0.57,14.2,6.5,,0.0,0.0,14.12,0.25,274.0,13.55,1.66,-142.0,47.96,52.04,40.0,2110.0,14.2,13.8,14.35,13.8
20080509,12.74,2383,台光電,0.79,137.27,0.57,14.35,6.6,,0.0,0.0,14.21,0.4,365.0,13.55,1.65,-24.0,68.77,31.23,207.0,3595.0,14.35,14.15,14.6,14.3
20080512,6.55,2383,台光電,0.9,137.95,0.65,14.5,6.5,,0.0,0.0,14.28,0.53,297.0,13.56,1.67,44.0,58.23,41.77,129.0,2471.0,14.5,14.2,14.65,14.35
20080513,0.42,2383,台光電,0.89,137.39,0.64,14.45,6.1,,0.0,0.0,14.28,0.53,1.0,13.56,1.66,-39.0,36.42,63.58,55.0,1443.0,14.45,14.3,14.6,14.5
20080514,7.38,2383,台光電,1.05,141.26,0.74,15.0,7.0,,0.0,0.0,14.6,0.82,690.0,13.57,1.65,-7.0,53.76,46.24,127.0,4921.0,15.0,14.55,15.2,14.9
20080515,4.98,2383,台光電,1.02,134.68,0.76,14.95,6.2,,0.0,0.0,14.69,1.1,657.0,13.61,1.69,96.0,43.98,56.02,168.0,3235.0,14.95,14.9,15.3,15.2
20080516,1.85,2383,台光電,1.0,129.69,0.77,15.25,7.0,,0.0,0.0,14.73,1.18,209.0,13.62,1.71,40.0,45.71,54.29,318.0,3622.0,15.25,14.9,15.3,15.0
20080519,7.56,2383,台光電,1.02,126.17,0.81,15.3,6.5,,0.0,0.0,14.73,1.18,0.0,13.63,1.72,11.0,51.4,48.6,201.0,2844.0,15.3,15.1,15.4,15.3
20080520,6.9,2383,台光電,1.07,127.79,0.84,15.55,6.6,,0.0,0.0,14.73,1.18,1.0,13.64,1.72,4.0,66.56,33.44,222.0,4884.0,15.55,15.2,15.7,15.35
20080521,12.02,2383,台光電,1.21,128.77,0.94,15.95,7.0,,0.0,0.0,14.73,0.86,-756.0,13.64,1.72,6.0,60.5,39.5,421.0,5040.0,15.95,15.55,15.95,15.55
20080522,0.0,2383,台光電,1.17,129.08,0.9,15.5,4.4,,0.0,0.0,14.74,0.84,-53.0,13.65,1.72,9.0,40.77,59.23,89.0,2955.0,15.5,15.05,15.85,15.05
20080523,6.5,2383,台光電,2.93,131.98,2.22,15.7,5.4,,0.0,0.0,14.74,0.57,-644.0,13.67,1.74,31.0,45.47,54.53,132.0,7916.0,15.7,15.6,16.3,15.8
20080526,0.88,2383,台光電,2.92,134.97,2.16,15.0,3.6,,0.0,0.0,14.74,0.52,-119.0,13.67,1.74,3.0,26.55,73.45,110.0,2491.0,15.0,14.75,15.9,15.9
20080527,2.97,2383,台光電,2.71,134.03,2.02,15.0,3.6,15.0,0.03,81.0,14.74,0.5,-51.0,13.67,1.73,-21.0,36.81,63.19,57.0,2019.0,15.0,14.95,15.2,15.0
20080528,7.49,2383,台光電,2.78,138.73,2.0,15.35,4.4,15.0,0.03,0.0,14.74,0.44,-150.0,13.67,1.72,-26.0,71.72,28.28,137.0,2549.0,15.35,15.1,15.55,15.2
20080529,0.19,2383,台光電,2.96,136.83,2.17,15.0,4.0,15.0,0.03,0.0,14.74,0.44,0.0,13.67,1.71,-8.0,30.26,69.74,125.0,1562.0,15.0,15.0,15.5,15.4
20080530,3.62,2383,台光電,3.24,130.54,2.48,15.05,4.8,15.0,0.03,0.0,14.74,0.44,-1.0,13.75,1.82,245.0,33.73,66.27,30.0,1933.0,15.05,14.3,15.25,15.1
20080602,5.18,2383,台光電,3.44,124.2,2.77,15.4,5.3,15.0,0.03,0.0,14.74,0.44,1.0,13.76,1.82,16.0,63.16,36.84,79.0,1717.0,15.4,15.05,15.45,15.2
20080603,0.0,2383,台光電,3.44,121.75,2.82,15.2,4.4,15.0,0.03,0.0,14.74,0.41,-72.0,13.76,1.81,-25.0,44.4,55.6,18.0,1068.0,15.2,15.05,15.4,15.05
20080604,4.63,2383,台光電,3.52,120.34,2.92,15.6,6.1,15.0,0.03,0.0,14.74,0.38,-70.0,13.78,1.83,35.0,72.35,27.65,38.0,1531.0,15.6,15.2,15.6,15.2
20080605,3.52,2383,台光電,4.74,118.38,4.0,15.8,6.6,15.0,0.03,0.0,14.74,0.38,0.0,13.83,1.85,54.0,58.22,41.78,112.0,2217.0,15.8,15.45,15.85,15.7
20080606,0.0,2383,台光電,4.61,114.95,4.01,15.7,5.3,15.0,0.03,0.0,14.74,0.38,2.0,13.83,1.85,-5.0,39.86,60.14,171.0,1327.0,15.7,15.7,15.9,15.9
20080609,3.15,2383,台光電,4.82,111.11,4.33,15.7,5.3,15.0,0.03,0.0,14.74,0.38,0.0,14.06,2.11,622.0,58.9,41.1,64.0,1810.0,15.7,15.2,15.85,15.2
20080610,0.16,2383,台光電,4.77,109.91,4.34,15.5,5.4,15.0,0.03,0.0,14.74,0.38,0.0,14.06,2.07,-94.0,32.81,67.19,147.0,1833.0,15.5,15.3,15.8,15.8
20080611,0.0,2383,台光電,4.66,108.13,4.31,14.7,3.7,15.0,0.03,0.0,14.74,0.38,3.0,14.06,2.07,0.0,22.95,77.05,152.0,1583.0,14.7,14.7,15.5,15.5
20080612,0.0,2383,台光電,3.88,108.86,3.56,13.7,4.6,15.0,0.03,0.0,14.74,0.23,-350.0,14.06,2.07,-7.0,15.99,84.01,4.0,2590.0,13.7,13.7,14.5,14.5
20080613,1.81,2383,台光電,3.77,109.05,3.46,13.85,4.5,15.0,0.03,0.0,14.74,0.13,-230.0,14.05,2.13,148.0,45.96,54.04,83.0,1325.0,13.85,13.65,13.95,13.7
20080616,4.27,2383,台光電,3.81,109.28,3.48,14.15,4.5,14.34,0.15,286.0,14.74,0.13,-8.0,14.05,2.12,-22.0,59.1,40.9,56.0,936.0,14.15,14.05,14.6,14.3
20080617,1.49,2383,台光電,3.44,108.98,3.15,14.1,4.5,14.34,0.15,0.0,14.74,0.13,0.0,14.06,2.24,285.0,27.99,72.01,24.0,669.0,14.1,14.0,14.25,14.15
20080618,6.17,2383,台光電,3.32,109.76,3.03,14.35,5.3,14.34,0.15,0.0,14.74,0.13,0.0,14.06,2.25,14.0,53.82,46.18,35.0,567.0,14.35,14.15,14.4,14.15
20080619,0.0,2383,台光電,3.24,110.39,2.93,14.15,4.5,14.34,0.15,0.0,14.74,0.13,-3.0,14.06,2.2,-119.0,28.88,71.12,11.0,504.0,14.15,14.0,14.3,14.05
20080620,0.91,2383,台光電,3.15,106.04,2.97,13.8,4.6,14.34,0.15,0.0,14.72,0.13,7.0,14.05,2.28,186.0,36.1,63.9,56.0,879.0,13.8,13.75,14.25,14.2
20080623,0.0,2383,台光電,2.5,105.4,2.38,13.65,4.5,14.34,0.15,0.0,14.72,0.13,0.0,14.04,2.31,86.0,78.78,21.22,26.0,575.0,13.65,13.2,13.7,13.2
20080624,0.0,2383,台光電,2.28,106.44,2.14,13.0,5.0,14.34,0.15,0.0,14.67,0.13,0.0,14.04,2.29,-60.0,27.58,72.42,84.0,682.0,13.0,13.0,13.65,13.3
20080625,5.85,2383,台光電,2.0,104.32,1.92,13.3,5.4,14.34,0.15,0.0,14.67,0.13,-8.0,14.03,2.31,47.0,65.0,35.0,43.0,803.0,13.3,12.8,13.3,12.8
20080626,1.73,2383,台光電,1.87,105.71,1.77,13.15,4.9,14.34,0.15,0.0,14.63,0.13,8.0,14.03,2.3,-29.0,43.5,56.5,55.0,695.0,13.15,13.15,13.5,13.5
20080627,0.0,2383,台光電,1.47,103.23,1.43,12.25,4.6,14.34,0.15,0.0,14.57,0.13,-2.0,13.94,2.41,273.0,17.84,82.16,37.0,2060.0,12.25,12.25,12.6,12.25
20080630,0.0,2383,台光電,1.38,104.85,1.32,11.5,4.6,14.34,0.15,0.0,14.44,0.09,-99.0,13.93,2.42,21.0,33.24,66.76,36.0,2063.0,11.5,11.4,12.25,12.25
20080701,1.07,2383,台光電,0.67,50.87,1.32,11.45,4.9,14.34,0.15,0.0,14.3,0.09,2.0,13.91,2.44,41.0,44.99,55.01,90.0,750.0,11.45,11.05,11.6,11.25
20080702,8.85,2383,台光電,0.59,49.9,1.19,11.9,6.2,14.34,0.15,0.0,14.21,0.09,0.0,13.78,2.61,415.0,56.62,43.38,62.0,1491.0,11.9,11.3,11.95,11.6
20080703,11.26,2383,台光電,0.59,49.34,1.19,12.6,5.7,14.34,0.15,0.0,14.21,0.09,-8.0,13.73,2.69,190.0,55.35,44.65,69.0,1553.0,12.6,11.45,12.6,11.5
20080704,0.0,2383,台光電,0.59,49.59,1.18,12.15,4.9,14.34,0.15,0.0,14.13,0.09,8.0,13.73,2.66,-65.0,35.22,64.78,40.0,836.0,12.15,12.0,12.55,12.4
20080707,0.35,2383,台光電,0.51,49.43,1.04,12.3,5.3,14.34,0.15,0.0,14.13,0.09,0.0,13.73,2.67,4.0,53.57,46.43,12.0,283.0,12.3,12.15,12.4,12.4
20080708,0.0,2383,台光電,0.51,49.51,1.03,12.0,4.9,14.34,0.15,0.0,14.13,0.09,-8.0,13.73,2.64,-55.0,29.28,70.72,45.0,485.0,12.0,11.75,12.3,12.3
20080709,3.15,2383,台光電,0.51,49.56,1.03,12.0,5.4,14.34,0.15,0.0,14.05,0.09,8.0,13.72,2.65,7.0,40.21,59.79,42.0,855.0,12.0,11.65,12.3,12.2
20080710,0.0,2383,台光電,0.51,49.69,1.03,11.75,4.1,14.34,0.15,0.0,13.78,0.05,-94.0,13.71,2.66,39.0,56.91,43.09,26.0,602.0,11.75,11.65,12.0,11.85
20080711,3.14,2383,台光電,0.51,49.4,1.04,12.15,5.3,14.34,0.15,0.0,13.29,0.07,50.0,13.7,2.67,17.0,68.36,31.64,52.0,1083.0,12.15,11.75,12.2,11.8
20080714,0.16,2383,台光電,0.46,49.07,0.94,12.1,4.4,14.26,0.16,13.0,13.29,0.07,0.0,13.69,2.66,-15.0,50.41,49.59,87.0,617.0,12.1,11.85,12.2,11.85
20080715,0.0,2383,台光電,0.34,49.08,0.69,11.4,3.6,14.26,0.16,-1.0,13.16,0.05,-51.0,13.69,2.64,-51.0,26.92,73.08,19.0,624.0,11.4,11.4,12.1,12.1
20080716,3.48,2383,台光電,0.21,48.56,0.44,11.35,4.1,14.26,0.16,0.0,12.72,0.01,-84.0,13.67,2.65,27.0,53.26,46.74,53.0,1063.0,11.35,11.2,11.7,11.2
20080717,1.31,2383,台光電,0.12,48.49,0.24,11.7,4.8,14.26,0.16,0.0,12.54,0.01,-3.0,13.65,2.67,29.0,49.34,50.66,31.0,688.0,11.7,11.55,11.8,11.55
20080718,1.89,2383,台光電,0.02,48.49,0.05,11.7,4.9,14.26,0.16,0.0,12.54,0.0,-23.0,13.61,2.65,-35.0,40.99,59.01,78.0,1111.0,11.7,11.3,12.0,11.9
20080721,0.0,2383,台光電,0.0,48.37,0.0,11.9,4.9,14.26,0.16,0.0,12.19,0.01,8.0,13.61,2.66,14.0,55.39,44.61,61.0,989.0,11.9,11.6,11.9,11.7
20080722,0.0,2383,台光電,0.0,48.42,0.0,12.0,5.2,14.26,0.16,0.0,12.19,0.0,-7.0,13.6,2.66,5.0,54.6,45.4,66.0,664.0,12.0,11.7,12.05,12.0
20080723,0.0,2383,台光電,0.0,47.73,0.0,12.7,6.1,14.26,0.16,0.0,12.37,0.0,4.0,13.57,2.75,231.0,64.2,35.8,72.0,1069.0,12.7,12.05,12.7,12.05
20080724,0.0,2383,台光電,0.0,47.15,0.0,12.85,6.6,14.26,0.16,0.0,12.55,0.01,7.0,13.57,2.74,-27.0,51.48,48.52,64.0,1055.0,12.85,12.6,13.0,12.85
20080725,0.0,2383,台光電,0.0,46.33,0.0,12.75,5.8,14.26,0.16,0.0,12.74,0.16,363.0,13.51,2.94,462.0,61.26,38.74,705.0,2898.0,12.75,12.5,12.85,12.55
20080729,0.0,2383,台光電,0.0,46.59,0.0,11.15,4.6,13.01,0.16,0.0,11.6,0.02,-360.0,12.32,2.71,-530.0,37.62,62.38,84.0,1963.0,11.15,11.1,11.5,11.5
20080730,1.68,2383,台光電,0.03,46.75,0.06,11.2,4.1,13.01,0.16,0.0,11.6,0.01,-18.0,12.31,2.72,15.0,53.63,46.37,22.0,1131.0,11.2,11.15,11.4,11.4
20080731,1.36,2383,台光電,0.1,46.43,0.21,11.35,4.5,13.01,0.16,0.0,11.6,0.01,-3.0,12.31,2.72,-12.0,33.44,66.56,75.0,957.0,11.35,11.1,11.35,11.25
20080801,0.0,2383,台光電,0.1,46.28,0.22,11.2,3.2,13.01,0.16,0.0,11.6,0.01,0.0,12.3,2.75,71.0,40.91,59.09,75.0,550.0,11.2,11.0,11.25,11.15
20080804,0.0,2383,台光電,0.1,44.95,0.22,10.7,3.2,13.01,0.16,0.0,11.42,0.02,8.0,12.3,2.74,-16.0,37.21,62.79,63.0,689.0,10.7,10.7,11.2,11.2
20080805,0.0,2383,台光電,0.1,45.01,0.22,10.3,3.6,13.01,0.16,0.0,11.34,0.02,1.0,12.26,2.8,137.0,40.24,59.76,50.0,768.0,10.3,10.25,10.7,10.7
20080806,0.0,2383,台光電,0.1,45.13,0.22,10.8,5.3,13.01,0.16,0.0,11.3,0.02,3.0,12.24,2.83,69.0,67.82,32.18,23.0,554.0,10.8,10.5,10.8,10.5
20080807,2.83,2383,台光電,0.11,44.49,0.25,10.85,5.3,13.01,0.16,0.0,11.29,0.02,1.0,12.23,2.82,-9.0,55.83,44.17,30.0,600.0,10.85,10.7,10.95,10.85
20080808,5.66,2383,台光電,0.11,44.58,0.26,11.3,6.2,13.01,0.16,0.0,11.29,0.01,-6.0,12.23,2.83,16.0,54.25,45.75,29.0,919.0,11.3,10.55,11.3,10.55
20080811,7.57,2383,台光電,0.12,44.34,0.26,11.55,6.6,13.01,0.16,0.0,11.31,0.02,4.0,12.22,2.82,-9.0,62.5,37.5,39.0,1466.0,11.55,11.3,11.7,11.3
20080812,2.07,2383,台光電,0.15,44.1,0.35,11.7,6.1,13.01,0.16,0.0,11.33,0.02,-3.0,12.22,2.81,-33.0,46.71,53.29,110.0,868.0,11.7,11.4,11.7,11.6
20080813,5.56,2383,台光電,0.19,44.14,0.44,11.8,6.6,13.01,0.16,0.0,11.34,0.02,1.0,12.22,2.81,1.0,74.76,25.24,55.0,1170.0,11.8,11.45,11.8,11.6
20080814,0.0,2383,台光電,0.19,44.15,0.44,11.65,4.8,12.99,0.16,5.0,11.38,0.02,5.0,12.22,2.81,-14.0,39.92,60.08,105.0,497.0,11.65,11.55,11.8,11.8
20080815,0.4,2383,台光電,0.19,44.34,0.42,11.3,3.6,12.99,0.16,1.0,11.36,0.02,0.0,12.22,2.81,0.0,16.29,83.71,38.0,757.0,11.3,11.2,11.8,11.7
20080818,0.0,2383,台光電,0.19,43.9,0.42,10.8,3.2,12.99,0.16,0.0,11.31,0.02,-4.0,12.22,2.81,0.0,22.21,77.79,77.0,690.0,10.8,10.8,11.35,11.3
20080819,0.21,2383,台光電,0.18,43.75,0.4,10.7,2.8,12.99,0.16,0.0,11.24,0.02,4.0,12.21,2.81,7.0,42.37,57.63,32.0,472.0,10.7,10.35,10.8,10.35
20080820,4.78,2383,台光電,0.19,43.72,0.43,11.2,4.9,12.99,0.16,0.0,11.24,0.01,-8.0,12.19,2.86,122.0,59.41,40.59,73.0,543.0,11.2,10.5,11.2,10.5
20080821,0.0,2383,台光電,0.19,43.75,0.43,10.8,3.7,12.99,0.16,0.0,11.24,0.01,-6.0,12.09,2.82,-76.0,28.42,71.58,21.0,292.0,10.8,10.8,11.1,11.1
20080822,15.54,2383,台光電,0.24,43.45,0.54,11.2,5.4,12.99,0.16,0.0,11.24,0.01,2.0,12.08,2.83,23.0,63.27,36.73,102.0,1138.0,11.2,10.8,11.3,10.8
20080825,3.48,2383,台光電,0.27,43.47,0.62,11.25,5.7,12.99,0.16,0.0,11.24,0.01,0.0,12.06,2.87,108.0,36.76,63.24,5.0,488.0,11.25,11.15,11.4,11.4
20080826,0.0,2383,台光電,0.22,43.46,0.51,11.0,3.7,12.99,0.16,0.0,11.18,0.02,10.0,12.06,2.87,-6.0,39.78,60.22,16.0,461.0,11.0,10.9,11.05,11.0
20080827,13.51,2383,台光電,0.23,43.64,0.54,11.0,3.8,12.99,0.16,0.0,11.18,0.02,0.0,12.06,2.88,14.0,55.92,44.08,38.0,1540.0,11.0,10.9,11.25,11.0
20080828,1.2,2383,台光電,0.24,42.17,0.56,10.95,4.5,12.99,0.16,0.0,11.17,0.02,4.0,12.05,2.91,101.0,39.72,60.28,47.0,580.0,10.95,10.95,11.15,11.05
20080829,4.45,2383,台光電,0.29,42.14,0.68,11.2,5.8,12.99,0.16,0.0,11.17,0.02,0.0,12.05,2.92,3.0,51.06,48.94,6.0,943.0,11.2,11.1,11.3,11.25
20080901,0.0,2383,台光電,0.24,42.08,0.56,11.0,5.0,12.99,0.16,0.0,11.17,0.01,-16.0,12.05,2.91,-15.0,26.24,73.76,75.0,884.0,11.0,10.7,11.15,11.15
20080902,0.0,2383,台光電,0.24,41.9,0.56,10.65,4.6,12.99,0.16,0.0,11.09,0.01,5.0,12.05,2.88,-81.0,33.4,66.6,66.0,1028.0,10.65,10.4,10.9,10.9
20080903,0.0,2383,台光電,0.2,41.84,0.48,10.2,4.6,12.99,0.16,0.0,11.09,0.01,-5.0,12.04,2.88,12.0,44.2,55.8,105.0,1354.0,10.2,10.0,10.7,10.6
20080904,4.14,2383,台光電,0.2,42.11,0.48,10.4,4.9,12.99,0.16,0.0,11.07,0.01,1.0,12.04,2.89,26.0,45.95,54.05,66.0,989.0,10.4,10.0,10.4,10.0
20080905,0.0,2383,台光電,0.18,38.52,0.47,10.15,4.1,12.99,0.16,0.0,10.99,0.01,2.0,12.04,2.85,-118.0,31.86,68.14,88.0,1294.0,10.15,9.95,10.25,10.05
20080908,2.96,2383,台光電,0.17,37.99,0.46,10.85,5.7,12.99,0.16,0.0,10.98,0.01,-11.0,11.98,2.99,365.0,85.31,14.69,3.0,1251.0,10.85,10.45,10.85,10.6
20080909,0.0,2383,台光電,0.17,38.26,0.45,10.15,4.1,12.99,0.16,0.0,10.98,0.0,-16.0,11.98,2.84,-381.0,37.76,62.24,18.0,1229.0,10.15,10.1,10.8,10.8
20080910,0.45,2383,台光電,0.16,38.35,0.41,10.4,4.8,12.99,0.16,0.0,10.98,0.0,0.0,11.97,2.85,22.0,64.93,35.07,4.0,663.0,10.4,10.1,10.5,10.1
20080911,0.0,2383,台光電,0.0,38.18,0.01,10.2,4.1,12.99,0.16,0.0,10.98,0.0,0.0,11.97,2.82,-77.0,31.46,68.54,102.0,1361.0,10.2,10.0,10.4,10.4
20080912,2.43,2383,台光電,0.0,37.89,0.01,10.15,3.6,12.99,0.16,0.0,10.98,0.0,0.0,11.96,2.83,22.0,34.24,65.76,34.0,739.0,10.15,9.9,10.3,10.3
20080915,0.0,2383,台光電,0.0,37.03,0.01,9.5,3.6,12.99,0.16,0.0,9.75,0.0,0.0,11.96,2.82,-34.0,24.8,75.2,63.0,748.0,9.5,9.44,10.1,10.1
20080916,0.0,2383,台光電,0.0,33.24,0.01,8.84,4.1,12.99,0.16,0.0,9.75,0.0,0.0,11.96,2.82,2.0,1.09,98.91,2.0,3220.0,8.84,8.84,8.9,8.84
20080917,6.55,2383,台光電,0.01,33.0,0.02,8.99,4.9,12.99,0.03,-328.0,9.12,0.0,0.0,11.94,2.83,41.0,34.66,65.34,77.0,1846.0,8.99,8.51,9.4,9.4
20080918,0.0,2383,台光電,0.0,30.23,0.01,8.95,5.3,12.99,0.03,0.0,9.12,0.0,-6.0,11.81,2.94,279.0,19.07,80.93,324.0,3237.0,8.95,8.37,8.95,8.37
20080919,4.78,2383,台光電,0.0,30.37,0.01,9.5,5.2,12.99,0.03,0.0,9.12,0.0,0.0,11.81,2.83,-295.0,67.36,32.64,97.0,1505.0,9.5,9.2,9.5,9.25
20080922,6.72,2383,台光電,0.01,30.37,0.02,9.6,5.6,12.99,0.03,0.0,9.12,0.0,0.0,11.8,2.81,-37.0,51.89,48.11,63.0,1175.0,9.6,9.5,9.7,9.7
20080923,3.4,2383,台光電,0.0,30.72,0.01,9.78,5.6,12.99,0.03,0.0,9.12,0.0,0.0,11.76,2.85,93.0,61.29,38.71,89.0,1500.0,9.78,9.37,9.78,9.49
20080924,13.8,2383,台光電,0.0,30.76,0.01,9.78,5.7,12.99,0.03,0.0,9.53,0.0,2.0,11.73,2.85,12.0,47.22,52.78,23.0,1362.0,9.78,9.51,9.96,9.7
20080925,0.47,2383,台光電,0.0,30.42,0.01,9.7,5.3,12.99,0.03,0.0,9.62,0.0,4.0,11.73,2.86,21.0,20.67,79.33,44.0,846.0,9.7,9.5,9.84,9.72
20080926,0.0,2383,台光電,0.0,33.49,0.01,9.1,4.1,12.99,0.0,-87.0,9.62,0.0,0.0,11.72,2.79,-178.0,22.31,77.69,170.0,5551.0,9.1,9.05,9.68,9.68
20080930,0.0,2383,台光電,0.0,31.65,0.01,9.0,3.2,12.99,0.0,0.0,9.11,0.0,0.0,11.72,2.78,-17.0,11.43,88.57,125.0,1919.0,9.0,8.47,9.0,8.47
20081001,0.0,2383,台光電,0.0,31.05,0.01,9.19,4.9,12.99,0.0,0.0,9.11,0.0,0.0,11.72,2.78,-18.0,22.47,77.53,17.0,677.0,9.19,9.1,9.22,9.19
20081002,0.0,2383,台光電,0.0,30.78,0.01,9.38,5.3,12.99,0.0,0.0,9.11,0.0,-5.0,11.7,2.8,50.0,48.02,51.98,60.0,1015.0,9.38,9.12,9.48,9.14
20081003,0.0,2383,台光電,0.0,30.77,0.01,9.59,5.3,12.99,0.0,0.0,9.49,0.0,4.0,11.69,2.79,-20.0,57.9,42.1,61.0,798.0,9.59,9.2,9.59,9.3
20081006,0.0,2383,台光電,0.0,30.76,0.01,9.42,5.7,12.99,0.0,0.0,9.43,0.0,1.0,11.69,2.78,-34.0,62.19,37.81,23.0,523.0,9.42,9.31,9.68,9.31
20081007,0.0,2383,台光電,0.0,30.9,0.01,9.42,5.8,12.99,0.0,0.0,9.42,0.0,-1.0,11.68,2.73,-115.0,39.97,60.03,226.0,790.0,9.42,9.0,9.47,9.31
20081008,0.0,2383,台光電,0.0,30.87,0.01,8.8,4.2,12.99,0.0,0.0,8.91,0.0,1.0,11.68,2.51,-569.0,24.02,75.98,72.0,1182.0,8.8,8.77,9.29,9.11
20081009,0.0,2383,台光電,0.0,30.57,0.01,9.01,4.6,12.99,0.0,0.0,8.99,0.0,0.0,11.67,2.45,-145.0,50.34,49.66,145.0,1180.0,9.01,8.53,9.07,8.66
20081013,0.0,2383,台光電,0.0,31.4,0.0,8.7,4.6,12.99,0.0,0.0,8.99,0.0,0.0,11.67,2.45,-6.0,2.86,97.14,3.0,1054.0,8.7,8.7,8.71,8.7
20081014,0.0,2383,台光電,0.0,31.74,0.0,9.22,5.4,12.99,0.0,0.0,9.18,0.0,0.0,11.65,2.47,46.0,52.29,47.71,23.0,1110.0,9.22,9.0,9.23,9.0
20081015,0.0,2383,台光電,0.0,31.04,0.01,9.0,4.6,12.99,0.0,0.0,9.18,0.0,-6.0,11.65,2.47,-4.0,15.61,84.39,112.0,1361.0,9.0,8.9,9.21,9.21
20081016,0.0,2383,台光電,0.0,30.93,0.01,8.69,4.1,12.99,0.0,0.0,9.18,0.0,0.0,11.65,2.47,0.0,0.0,100.0,5.0,58.0,8.69,8.69,8.69,8.69
20081017,0.0,2383,台光電,0.0,29.73,0.01,8.39,4.6,12.99,0.0,0.0,8.53,0.0,6.0,11.65,2.45,-51.0,8.1,91.9,32.0,2389.0,8.39,8.39,8.73,8.41
20081020,0.0,2383,台光電,0.0,30.0,0.01,8.22,4.1,12.99,0.0,0.0,8.53,0.0,-7.0,11.65,2.43,-32.0,21.17,78.83,100.0,1014.0,8.22,8.1,8.39,8.39
20081021,0.0,2383,台光電,0.0,29.84,0.01,8.25,4.5,12.99,0.0,0.0,8.26,0.0,6.0,11.63,2.45,32.0,32.9,67.1,43.0,617.0,8.25,8.22,8.45,8.42
20081022,0.0,2383,台光電,0.0,29.75,0.01,7.97,4.6,12.99,0.0,0.0,8.26,0.0,-6.0,11.63,2.45,-1.0,10.92,89.08,10.0,1633.0,7.97,7.97,8.1,8.1
20081023,0.0,2383,台光電,0.0,29.5,0.01,7.7,4.1,12.99,0.0,0.0,8.26,0.0,0.0,11.63,2.45,0.0,0.0,100.0,7.0,67.0,7.7,7.7,7.7,7.7
20081024,0.0,2383,台光電,0.0,29.31,0.01,7.44,4.1,12.99,0.0,0.0,8.26,0.0,0.0,11.63,2.45,0.0,0.0,100.0,2.0,113.0,7.44,7.44,7.44,7.44
20081027,0.0,2383,台光電,0.0,29.02,0.01,6.92,4.1,12.99,0.0,0.0,8.26,0.0,0.0,11.63,2.45,0.0,0.0,100.0,5.0,184.0,6.92,6.92,6.92,6.92
20081028,0.0,2383,台光電,0.0,24.53,0.01,7.2,6.7,12.99,0.0,0.0,7.23,0.0,6.0,11.63,2.27,-452.0,11.67,88.33,189.0,4069.0,7.2,6.44,7.2,6.44
20081029,0.0,2383,台光電,0.0,25.25,0.01,7.35,6.7,12.99,0.0,0.0,7.35,0.0,0.0,11.6,2.29,40.0,62.9,37.1,80.0,7178.0,7.35,7.3,7.69,7.49
20081030,0.0,2383,台光電,0.0,25.72,0.01,7.54,5.4,7.54,0.06,153.0,7.53,0.0,0.0,11.57,2.29,15.0,52.84,47.16,144.0,3223.0,7.54,7.05,7.59,7.35
20081031,0.0,2383,台光電,0.0,25.35,0.01,7.49,4.9,7.54,0.06,0.0,7.49,0.0,0.0,11.55,2.3,24.0,51.83,48.17,238.0,2959.0,7.49,7.15,7.6,7.3
20081103,0.0,2383,台光電,0.0,25.74,0.01,7.35,4.0,7.54,0.06,0.0,7.35,0.0,0.0,11.54,2.25,-139.0,44.94,55.06,177.0,2187.0,7.35,7.26,7.6,7.38
20081104,0.0,2383,台光電,0.0,25.77,0.01,7.45,4.9,7.54,0.06,0.0,7.45,0.0,0.0,11.53,2.24,-13.0,42.78,57.22,250.0,1525.0,7.45,7.09,7.48,7.35
20081105,0.0,2383,台光電,0.0,26.41,0.01,7.18,3.7,7.54,0.06,0.0,7.19,0.0,0.0,11.5,2.26,36.0,30.14,69.86,173.0,2313.0,7.18,7.18,7.49,7.49
20081106,0.0,2383,台光電,0.0,25.83,0.01,6.9,2.8,7.54,0.06,0.0,6.91,0.0,0.0,11.48,2.22,-86.0,40.18,59.82,400.0,2212.0,6.9,6.68,6.9,6.68
20081107,0.0,2383,台光電,0.0,25.88,0.01,6.9,2.4,7.54,0.06,0.0,6.9,0.0,0.0,11.48,2.22,-8.0,67.95,32.05,46.0,833.0,6.9,6.45,7.0,6.45
20081110,0.0,2383,台光電,0.0,25.99,0.01,6.62,2.8,7.54,0.06,0.0,6.67,0.0,0.0,11.46,2.22,10.0,30.28,69.72,88.0,892.0,6.62,6.62,6.95,6.95
20081111,0.0,2383,台光電,0.0,25.96,0.01,6.16,3.3,7.54,0.06,0.0,6.17,0.0,0.0,11.44,2.22,-7.0,17.58,82.42,10.0,2402.0,6.16,6.16,6.48,6.3
20081112,0.0,2383,台光電,0.0,24.68,0.01,5.91,3.7,7.54,0.06,0.0,5.92,0.0,0.0,11.36,2.25,66.0,40.66,59.34,143.0,2661.0,5.91,5.75,6.28,5.75
20081113,0.0,2383,台光電,0.0,23.42,0.01,5.5,3.3,7.54,0.06,0.0,5.51,0.0,0.0,11.35,2.24,-14.0,6.31,93.69,1.0,1507.0,5.5,5.5,5.65,5.6
20081114,0.0,2383,台光電,0.0,22.52,0.01,5.65,5.1,7.54,0.06,0.0,5.65,0.0,0.0,11.26,2.25,22.0,24.8,75.2,360.0,6238.0,5.65,5.12,5.7,5.5
20081117,0.0,2383,台光電,0.0,22.37,0.01,5.26,2.8,7.54,0.06,0.0,5.27,0.0,0.0,11.24,2.22,-80.0,15.68,84.32,236.0,1300.0,5.26,5.26,5.5,5.5
20081118,0.0,2383,台光電,0.0,20.89,0.01,4.9,3.3,7.54,0.06,0.0,4.91,0.0,0.0,11.2,2.23,27.0,19.08,80.92,73.0,2642.0,4.9,4.9,5.24,5.0
20081119,0.0,2383,台光電,0.0,20.76,0.0,5.0,3.2,7.54,0.06,0.0,5.0,0.0,-1.0,11.17,2.22,-16.0,51.83,48.17,46.0,793.0,5.0,4.9,5.1,4.91
20081120,0.0,2383,台光電,0.0,19.87,0.0,4.65,2.8,7.54,0.06,0.0,,0.0,-6.0,11.14,2.22,-4.0,6.17,93.83,205.0,1742.0,4.65,4.65,4.81,4.65
20081121,0.0,2383,台光電,0.0,18.61,0.0,4.9,4.9,7.54,0.06,0.0,4.9,0.0,4.0,11.08,2.23,33.0,62.13,37.87,86.0,1852.0,4.9,4.36,4.97,4.36
20081124,0.0,2383,台光電,0.0,18.68,0.0,4.74,3.6,7.54,0.06,0.0,4.9,0.0,0.0,11.08,2.21,-57.0,40.47,59.53,42.0,511.0,4.74,4.67,4.96,4.96
20081125,0.0,2383,台光電,0.0,18.35,0.0,4.76,4.0,7.54,0.06,0.0,4.9,0.0,0.0,11.03,2.23,33.0,36.0,64.0,57.0,1069.0,4.76,4.76,4.91,4.84
20081126,0.0,2383,台光電,0.0,18.47,0.0,4.73,3.6,7.54,0.06,0.0,4.9,0.0,0.0,11.02,2.22,-8.0,44.33,55.67,45.0,487.0,4.73,4.68,4.83,4.75
20081127,0.0,2383,台光電,0.0,19.22,0.0,5.06,5.8,7.54,0.06,0.0,4.9,0.0,0.0,10.72,2.34,309.0,70.1,29.9,296.0,3202.0,5.06,4.83,5.06,4.93
20081128,1.59,2383,台光電,0.01,19.1,0.06,5.07,5.4,7.54,0.06,0.0,4.9,0.0,0.0,10.71,2.28,-171.0,53.9,46.1,57.0,1883.0,5.07,5.0,5.15,5.06
20081201,7.98,2383,台光電,0.02,19.1,0.1,5.17,5.4,7.54,0.06,0.0,4.9,0.0,0.0,10.65,2.28,5.0,57.24,42.76,38.0,2029.0,5.17,5.01,5.28,5.05
20081202,0.0,2383,台光電,0.0,18.52,0.0,4.81,3.7,7.54,0.06,0.0,4.9,0.0,0.0,10.64,2.25,-68.0,12.95,87.05,2.0,1059.0,4.81,4.81,4.9,4.9
20081203,1.09,2383,台光電,0.06,18.37,0.34,4.65,3.3,7.54,0.06,0.0,4.9,0.0,0.0,10.63,2.24,-27.0,30.49,69.51,77.0,1097.0,4.65,4.62,4.9,4.86
20081204,3.36,2383,台光電,0.13,18.47,0.71,4.65,3.3,5.99,0.13,177.0,4.9,0.0,0.0,10.62,2.24,-2.0,45.17,54.83,26.0,861.0,4.65,4.65,4.81,4.7
20081205,3.23,2383,台光電,0.07,18.63,0.38,4.65,3.2,5.99,0.13,0.0,4.9,0.0,0.0,10.6,2.23,-28.0,29.98,70.02,30.0,835.0,4.65,4.6,4.75,4.66
20081208,4.1,2383,台光電,0.06,18.27,0.32,4.85,4.5,5.99,0.13,0.0,4.88,0.0,4.0,10.59,2.23,3.0,56.17,43.83,56.0,925.0,4.85,4.71,4.9,4.71
20081209,2.53,2383,台光電,0.09,18.16,0.47,4.86,5.4,5.99,0.13,0.0,4.88,0.0,-1.0,10.54,2.24,37.0,43.12,56.88,54.0,1345.0,4.86,4.86,5.0,5.0
20081210,9.26,2383,台光電,0.07,18.01,0.37,5.13,5.8,5.99,0.13,0.0,5.0,0.0,-1.0,10.45,2.28,93.0,63.14,36.86,31.0,2312.0,5.13,4.79,5.14,4.86
20081211,22.17,2383,台光電,0.06,17.82,0.32,5.28,6.2,5.99,0.13,0.0,5.14,0.0,0.0,10.22,2.37,239.0,60.7,39.3,53.0,2741.0,5.28,5.13,5.33,5.13
20081212,0.0,2383,台光電,0.05,17.84,0.25,5.07,4.5,5.99,0.13,0.0,5.08,0.0,-1.0,10.21,2.34,-84.0,33.84,66.16,55.0,985.0,5.07,4.93,5.25,5.23
20081215,3.91,2383,台光電,0.06,18.11,0.35,5.2,5.7,5.99,0.13,0.0,5.08,0.0,0.0,10.21,2.3,-96.0,46.62,53.38,32.0,1024.0,5.2,5.08,5.24,5.22
20081216,0.0,2383,台光電,0.04,18.15,0.21,5.01,4.5,5.99,0.13,0.0,5.08,0.0,0.0,10.19,2.31,11.0,25.38,74.62,43.0,726.0,5.01,4.97,5.16,5.16
20081217,2.82,2383,台光電,0.07,18.39,0.38,5.08,4.9,5.99,0.13,0.0,5.08,0.0,-2.0,10.15,2.32,23.0,40.57,59.43,59.0,993.0,5.08,5.04,5.17,5.12
20081218,0.0,2383,台光電,0.05,18.55,0.26,5.05,4.1,5.99,0.13,0.0,5.08,0.0,0.0,10.13,2.32,10.0,38.58,61.42,63.0,583.0,5.05,4.96,5.06,5.05
20081219,8.06,2383,台光電,0.05,18.61,0.28,5.11,4.4,5.99,0.13,0.0,,0.0,-3.0,10.11,2.32,3.0,61.86,38.14,56.0,819.0,5.11,4.98,5.19,5.0
20081222,0.33,2383,台光電,0.05,18.56,0.24,4.99,3.6,5.99,0.13,0.0,,0.0,0.0,10.1,2.3,-54.0,24.0,76.0,19.0,601.0,4.99,4.99,5.19,5.19
20081223,0.0,2383,台光電,0.02,18.32,0.11,4.76,3.7,5.99,0.13,0.0,4.76,0.0,3.0,10.1,2.26,-116.0,27.99,72.01,42.0,862.0,4.76,4.67,5.0,5.0
20081224,5.48,2383,台光電,0.0,18.33,0.0,4.82,3.6,5.99,0.13,0.0,4.82,0.0,-2.0,10.08,2.26,17.0,48.95,51.05,5.0,382.0,4.82,4.7,4.84,4.7
20081225,33.53,2383,台光電,0.0,18.27,0.02,4.83,4.5,5.99,0.13,0.0,4.83,0.0,2.0,9.98,2.3,90.0,56.94,43.06,36.0,843.0,4.83,4.75,4.89,4.83
20081226,2.48,2383,台光電,0.0,18.49,0.0,4.77,3.2,5.99,0.13,0.0,,0.0,-3.0,9.98,2.26,-92.0,25.93,74.07,9.0,483.0,4.77,4.73,4.9,4.83
20081229,0.34,2383,台光電,0.0,18.33,0.0,4.7,2.8,5.99,0.13,0.0,4.7,0.0,3.0,9.98,2.25,-21.0,17.36,82.64,68.0,291.0,4.7,4.7,4.83,4.8
20081230,4.35,2383,台光電,0.0,18.36,0.01,4.9,5.3,5.99,0.13,0.0,4.7,0.0,0.0,9.91,2.28,81.0,,,,620.0,4.9,4.75,4.9,4.75
20081231,4.93,2383,台光電,0.03,18.5,0.17,5.02,,5.99,0.13,0.0,,0.0,-3.0,9.87,2.28,-10.0,58.47,41.53,75.0,1196.0,5.02,4.92,5.08,4.93
20090105,31.8,2383,台光電,0.03,18.93,0.16,5.2,6.2,5.99,0.13,0.0,,0.0,0.0,9.79,2.31,87.0,69.43,30.57,74.0,2307.0,5.2,5.08,5.29,5.11
20090106,2.49,2383,台光電,0.03,19.02,0.16,5.13,5.3,5.99,0.13,0.0,5.13,0.0,3.0,9.68,2.35,79.0,42.62,57.38,87.0,1086.0,5.13,5.11,5.23,5.19
20090107,17.61,2383,台光電,0.03,19.11,0.15,5.2,6.2,5.99,0.13,0.0,5.13,0.0,0.0,9.65,2.36,44.0,48.11,51.89,59.0,1856.0,5.2,5.16,5.31,5.2
20090108,0.0,2383,台光電,0.02,18.9,0.09,4.88,3.7,5.99,0.13,0.0,5.13,0.0,0.0,9.64,2.33,-94.0,23.36,76.64,35.0,886.0,4.88,4.88,5.09,5.09
20090109,0.28,2383,台光電,0.02,18.81,0.1,4.9,3.7,5.99,0.13,0.0,,0.0,-3.0,9.64,2.33,-1.0,41.19,58.81,13.0,353.0,4.9,4.81,4.99,4.91
20090110,19.74,2383,台光電,0.79,17.98,4.37,5.24,6.2,5.99,0.13,0.0,,0.0,0.0,9.64,2.32,-7.0,62.83,37.17,3.0,4076.0,5.24,4.82,5.24,4.83
20090112,41.74,2383,台光電,0.44,20.13,2.17,5.18,6.3,5.99,0.13,0.0,5.18,0.0,3.0,9.62,2.33,18.0,70.12,29.88,44.0,8885.0,5.18,5.17,5.37,5.35
20090113,0.0,2383,台光電,0.27,19.56,1.4,5.11,3.2,5.99,0.1,-73.0,5.18,0.0,0.0,9.61,2.32,-15.0,41.27,58.73,84.0,1589.0,5.11,4.96,5.12,5.0
20090114,2.07,2383,台光電,0.27,19.56,1.4,5.09,3.2,5.99,0.1,0.0,,0.0,-3.0,9.6,2.33,7.0,39.67,60.33,44.0,722.0,5.09,5.05,5.15,5.15
20090115,0.0,2383,台光電,0.01,19.01,0.03,4.9,2.4,5.99,0.1,0.0,4.9,0.0,3.0,9.6,2.3,-132.0,38.1,61.9,52.0,812.0,4.9,4.81,4.92,4.86
20090116,6.17,2383,台光電,0.01,18.78,0.07,5.0,3.2,5.99,0.1,0.0,4.9,0.0,0.0,9.58,2.27,-87.0,37.83,62.17,54.0,1134.0,5.0,4.91,5.05,4.95
20090117,15.08,2383,台光電,0.34,18.42,1.84,5.07,4.5,5.99,0.1,0.0,5.07,0.0,0.0,9.58,2.26,-6.0,,,,1465.0,5.07,4.98,5.1,5.0
20090119,9.9,2383,台光電,2.12,17.7,11.96,5.42,5.4,5.99,0.1,0.0,5.07,0.0,0.0,9.45,2.32,143.0,55.08,44.92,55.0,6352.0,5.42,5.08,5.42,5.1
20090120,30.52,2383,台光電,2.15,20.08,10.72,5.71,5.0,5.99,0.1,0.0,,0.0,-3.0,9.36,2.32,9.0,65.53,34.47,300.0,15779.0,5.71,5.39,5.78,5.42
20090121,0.0,2383,台光電,0.08,19.0,0.41,5.37,3.2,5.99,0.1,0.0,5.37,0.0,3.0,9.36,2.25,-194.0,39.51,60.49,238.0,4864.0,5.37,5.35,5.7,5.51
20090202,5.71,2383,台光電,0.24,19.55,1.23,5.54,4.0,5.99,0.1,0.0,5.54,0.0,0.0,9.34,2.25,13.0,51.94,48.06,72.0,2468.0,5.54,5.25,5.65,5.37
20090203,3.58,2383,台光電,0.33,19.51,1.69,5.76,4.4,5.99,0.1,0.0,5.54,0.0,0.0,9.33,2.25,-3.0,53.7,46.3,60.0,2458.0,5.76,5.6,5.8,5.6
20090204,1.76,2383,台光電,0.24,19.2,1.27,5.54,3.2,5.99,0.1,0.0,5.54,0.0,0.0,9.33,2.24,-19.0,36.28,63.72,247.0,1936.0,5.54,5.53,5.9,5.9
20090205,1.23,2383,台光電,0.06,19.37,0.31,5.4,2.4,5.99,0.0,-257.0,5.54,0.0,0.0,9.32,2.25,12.0,31.09,68.91,89.0,1457.0,5.4,5.4,5.55,5.54
20090206,2.25,2383,台光電,0.07,19.09,0.35,5.51,3.6,5.99,0.0,0.0,,0.0,-3.0,9.32,2.24,-13.0,53.18,46.82,49.0,1779.0,5.51,5.46,5.6,5.55
20090209,17.33,2383,台光電,0.07,19.56,0.35,5.64,4.5,5.99,0.0,0.0,5.64,0.0,1.0,9.32,2.24,-5.0,55.85,44.15,56.0,2636.0,5.64,5.53,5.79,5.68
20090210,10.98,2383,台光電,0.08,19.48,0.42,5.78,4.5,5.99,0.0,0.0,5.78,0.0,2.0,9.32,2.24,0.0,62.96,37.04,83.0,2304.0,5.78,5.58,5.78,5.58
20090211,0.0,2383,台光電,0.08,19.37,0.41,5.75,4.0,5.99,0.0,0.0,5.78,0.0,0.0,9.32,2.24,6.0,60.58,39.42,310.0,1847.0,5.75,5.61,5.77,5.67
20090212,5.9,2383,台光電,0.11,19.55,0.56,5.63,3.8,5.99,0.0,0.0,5.63,0.0,0.0,9.25,2.27,66.0,47.3,52.7,98.0,3846.0,5.63,5.63,5.95,5.75
20090213,7.64,2383,台光電,0.2,21.41,0.94,6.02,5.8,5.99,0.0,0.0,,0.0,-3.0,9.25,2.27,0.0,90.0,10.0,9.0,4214.0,6.02,5.7,6.02,5.7
20090216,8.23,2383,台光電,0.24,22.63,1.07,6.44,6.3,5.99,0.0,0.0,6.44,0.0,3.0,9.25,2.27,0.0,75.62,24.38,108.0,7025.0,6.44,6.2,6.44,6.29
20090217,0.0,2383,台光電,0.2,22.3,0.92,6.2,4.1,5.99,0.0,0.0,6.2,0.0,-1.0,9.25,2.2,-171.0,36.06,63.94,17.0,3908.0,6.2,6.1,6.42,6.42
20090218,21.43,2383,台光電,0.21,21.31,1.0,6.24,4.0,5.99,0.0,0.0,6.24,0.0,1.0,9.25,2.2,0.0,53.68,46.32,123.0,4125.0,6.24,6.18,6.42,6.2
20090219,2.89,2383,台光電,0.21,21.33,0.98,6.21,3.2,5.99,0.0,0.0,6.24,0.0,0.0,9.24,2.21,16.0,47.02,52.98,146.0,1728.0,6.21,6.19,6.29,6.22
20090220,0.0,2383,台光電,0.15,21.3,0.71,5.98,2.8,5.99,0.0,0.0,6.24,0.0,0.0,9.24,2.2,-15.0,32.75,67.25,48.0,2067.0,5.98,5.95,6.18,6.1
20090223,7.64,2383,台光電,0.06,21.5,0.3,6.11,3.6,5.99,0.0,0.0,6.15,0.0,0.0,9.24,2.21,7.0,47.55,52.45,23.0,1935.0,6.11,5.85,6.2,5.85
20090224,4.77,2383,台光電,0.07,21.39,0.32,6.11,3.2,5.99,0.0,0.0,6.15,0.0,0.0,9.24,2.2,-7.0,45.48,54.52,14.0,964.0,6.11,5.93,6.18,5.93
20090225,0.22,2383,台光電,0.16,21.53,0.74,6.53,5.8,5.99,0.0,0.0,,0.0,-3.0,9.24,2.2,0.0,89.86,10.14,2.0,2320.0,6.53,6.32,6.53,6.4
20090226,4.38,2383,台光電,0.17,21.46,0.8,6.61,4.9,5.99,0.0,0.0,6.61,0.0,3.0,9.24,2.2,-7.0,56.05,43.95,52.0,6188.0,6.61,6.55,6.8,6.75
20090227,12.3,2383,台光電,0.2,23.17,0.85,7.06,5.3,5.99,0.0,0.0,7.06,0.02,40.0,9.24,2.2,3.0,68.39,31.61,271.0,5163.0,7.06,6.58,7.06,6.61
20090302,11.87,2383,台光電,0.19,22.8,0.83,7.15,5.8,5.99,0.0,0.0,7.07,0.02,0.0,9.24,2.2,-12.0,54.8,45.2,184.0,5930.0,7.15,6.87,7.27,6.94
20090303,1.11,2383,台光電,0.18,23.37,0.78,7.15,4.9,5.99,0.0,0.0,7.07,0.02,0.0,9.24,2.2,0.0,51.22,48.78,168.0,3438.0,7.15,6.65,7.15,6.85
20090304,11.77,2383,台光電,0.16,23.84,0.67,7.32,4.9,5.99,0.0,0.0,7.07,0.02,0.0,9.24,2.2,0.0,53.43,46.57,138.0,4264.0,7.32,7.02,7.47,7.15
20090305,1.8,2383,台光電,0.17,23.17,0.73,7.15,4.1,5.99,0.0,0.0,7.07,0.02,-3.0,9.24,2.2,0.0,39.7,60.3,123.0,3601.0,7.15,7.15,7.56,7.39
20090306,10.24,2383,台光電,0.18,22.4,0.79,7.28,4.9,5.99,0.0,0.0,7.1,0.01,-17.0,9.19,2.25,128.0,50.14,49.86,71.0,2918.0,7.28,7.06,7.35,7.06
20090309,19.69,2383,台光電,0.12,22.8,0.52,7.58,5.7,5.99,0.0,0.0,7.1,0.01,-3.0,9.19,2.25,-4.0,67.22,32.78,336.0,3599.0,7.58,7.16,7.59,7.31
20090310,10.33,2383,台光電,0.2,22.48,0.89,7.74,5.8,5.99,0.0,0.0,7.1,0.01,0.0,9.19,2.2,-124.0,51.85,48.15,97.0,4772.0,7.74,7.58,7.85,7.6
20090311,1.69,2383,台光電,0.19,21.76,0.86,7.63,3.6,5.99,0.0,0.0,7.17,0.01,3.0,9.19,2.2,0.0,32.59,67.41,126.0,2430.0,7.63,7.63,7.89,7.85
20090312,2.43,2383,台光電,0.19,22.3,0.84,7.66,4.0,5.99,0.0,0.0,7.17,0.01,-3.0,9.15,2.26,164.0,39.65,60.35,126.0,2922.0,7.66,7.58,7.8,7.63
20090313,3.25,2383,台光電,0.22,22.74,0.95,7.76,6.2,5.99,0.0,0.0,7.17,0.01,0.0,9.15,2.26,7.0,50.0,50.0,114.0,3968.0,7.76,7.7,7.87,7.75
20090316,1.28,2383,台光電,0.17,22.65,0.74,7.76,4.9,5.99,0.0,0.0,7.17,0.01,0.0,9.14,2.27,21.0,44.14,55.86,89.0,2106.0,7.76,7.72,7.88,7.76
20090317,0.15,2383,台光電,0.12,22.85,0.53,7.67,3.7,5.99,0.0,0.0,7.25,0.01,4.0,9.14,2.27,4.0,41.77,58.23,55.0,1353.0,7.67,7.54,7.78,7.76
20090318,4.42,2383,台光電,0.15,24.09,0.61,7.75,5.0,5.99,0.0,0.0,7.37,0.01,2.0,9.13,2.29,45.0,41.82,58.18,100.0,3304.0,7.75,7.67,7.96,7.67
20090319,19.8,2383,台光電,0.2,22.88,0.89,7.77,4.6,5.99,0.0,0.0,7.37,0.01,0.0,9.12,2.3,17.0,53.82,46.18,125.0,5183.0,7.77,7.75,8.08,7.75
20090320,0.91,2383,台光電,0.17,23.18,0.73,7.64,3.3,5.99,0.0,0.0,7.37,0.0,-15.0,9.12,2.29,-13.0,34.67,65.33,90.0,1426.0,7.64,7.6,7.88,7.8
20090323,9.48,2383,台光電,0.22,23.21,0.95,7.82,4.5,5.99,0.0,0.0,7.37,0.0,0.0,9.12,2.29,0.0,45.62,54.38,167.0,2131.0,7.82,7.7,7.86,7.7
20090324,20.26,2383,台光電,0.24,24.59,0.96,8.3,6.3,5.99,0.0,0.0,7.37,0.0,-6.0,9.11,2.31,47.0,63.64,36.36,133.0,7679.0,8.3,7.88,8.36,7.9
20090325,14.6,2383,台光電,0.28,24.39,1.14,8.49,5.9,5.99,0.0,0.0,7.37,0.0,0.0,9.11,2.28,-89.0,49.78,50.22,121.0,6895.0,8.49,8.3,8.58,8.3
20090326,8.07,2383,台光電,0.23,24.82,0.93,8.96,5.3,5.99,0.0,0.0,8.89,0.05,110.0,9.11,2.27,-15.0,63.32,36.68,140.0,5635.0,8.96,8.52,8.96,8.6
20090327,1.13,2383,台光電,0.22,25.56,0.88,8.9,4.5,5.99,0.0,0.0,8.89,0.05,0.0,9.11,2.23,-109.0,38.83,61.17,181.0,3904.0,8.9,8.72,9.17,9.16
20090330,0.0,2383,台光電,0.21,25.72,0.81,8.55,3.2,5.99,0.0,0.0,8.89,0.04,-10.0,9.11,2.23,0.0,26.85,73.15,112.0,2756.0,8.55,8.42,8.8,8.74
20090331,14.22,2383,台光電,0.21,26.17,0.8,8.65,3.6,5.99,0.0,0.0,8.89,0.04,0.0,9.11,2.2,-86.0,43.39,56.61,111.0,3017.0,8.65,8.42,8.86,8.5
20090401,3.75,2383,台光電,0.25,27.54,0.91,9.23,5.3,5.99,0.0,0.0,8.91,0.04,8.0,9.11,2.19,-25.0,54.31,45.69,124.0,4296.0,9.23,8.67,9.23,8.67
20090402,15.89,2383,台光電,0.21,29.0,0.73,9.87,4.9,5.99,0.0,0.0,9.48,0.1,147.0,9.12,2.19,18.0,74.17,25.83,17.0,5350.0,9.87,9.31,9.87,9.6
20090403,0.05,2383,台光電,0.26,32.82,0.78,10.55,4.9,5.99,0.0,0.0,9.48,0.1,0.0,9.12,2.19,0.0,100.0,0.0,12.0,4302.0,10.55,10.55,10.55,10.55
20090406,11.67,2383,台光電,0.38,36.34,1.03,10.8,5.5,5.99,0.0,0.0,9.52,0.08,-65.0,9.12,2.19,2.0,60.77,39.23,300.0,10060.0,10.8,10.8,11.25,11.25
20090407,14.26,2383,台光電,0.19,36.67,0.52,11.0,4.8,5.99,0.0,0.0,9.52,0.08,-1.0,9.17,2.26,159.0,58.17,41.83,154.0,4801.0,11.0,10.6,11.15,10.75
20090408,22.94,2383,台光電,0.23,37.45,0.62,10.85,4.7,5.99,0.0,0.0,9.62,0.04,-81.0,9.18,2.24,-36.0,55.28,44.72,328.0,8623.0,10.85,10.65,11.4,10.65
20090409,0.0,2383,台光電,0.16,39.27,0.4,11.6,6.3,11.6,0.77,1950.0,11.1,0.16,300.0,9.19,2.25,14.0,65.98,34.02,99.0,9214.0,11.6,10.9,11.6,11.15
20090410,0.0,2383,台光電,0.04,43.09,0.1,12.4,5.9,11.97,1.41,1652.0,11.87,0.39,581.0,9.19,2.25,8.0,86.0,14.0,5.0,14270.0,12.4,11.85,12.4,11.85
20090413,0.0,2383,台光電,0.0,32.71,0.0,13.15,6.3,12.14,1.65,600.0,12.36,0.63,616.0,9.2,2.26,18.0,71.5,28.5,134.0,16232.0,13.15,12.0,13.25,12.6
20090414,0.0,2383,台光電,0.0,31.16,0.0,13.15,5.0,12.14,1.65,0.0,12.41,0.67,98.0,9.26,2.29,78.0,53.7,46.3,242.0,9586.0,13.15,12.9,13.5,13.25
20090415,0.0,2383,台光電,0.0,29.66,0.0,14.05,5.4,12.5,2.04,1000.0,12.5,0.71,99.0,9.34,2.31,60.0,69.87,30.13,555.0,8602.0,14.05,13.0,14.05,13.1
20090416,4.13,2383,台光電,0.87,36.83,2.36,13.85,5.1,12.5,2.04,0.0,12.83,0.55,-399.0,9.41,2.3,-20.0,41.37,58.63,189.0,12941.0,13.85,13.8,14.95,14.95
20090417,11.39,2383,台光電,1.09,34.18,3.18,12.9,4.3,12.57,2.47,1100.0,12.86,0.89,858.0,9.5,2.35,111.0,35.8,64.2,12.0,13365.0,12.9,12.9,14.15,13.9
20090420,18.18,2383,台光電,2.92,33.46,8.74,13.8,4.7,13.14,4.63,5490.0,12.89,0.63,-672.0,10.14,2.67,828.0,62.59,37.41,39.0,17643.0,13.8,12.6,13.8,12.9
20090421,26.66,2383,台光電,3.85,38.59,9.97,14.35,5.5,13.18,4.78,383.0,,0.0,-2033.0,10.3,2.36,-790.0,59.46,40.54,463.0,20000.0,14.35,13.65,14.65,13.95
20090422,6.85,2383,台光電,3.71,39.24,9.44,14.2,4.6,13.18,4.78,0.0,,0.0,-1.0,10.41,2.34,-48.0,53.34,46.66,273.0,9287.0,14.2,13.9,14.5,14.3
20090423,0.02,2383,台光電,3.58,40.48,8.84,13.75,3.0,13.18,4.78,0.0,13.75,0.0,7.0,10.42,2.27,-175.0,,,,6568.0,13.75,13.65,14.3,14.2
20090424,9.39,2383,台光電,3.42,40.62,8.43,14.05,4.6,13.18,4.78,0.0,13.75,0.0,0.0,10.52,2.33,140.0,51.66,48.34,191.0,6835.0,14.05,13.85,14.4,13.95
20090427,16.9,2383,台光電,3.21,40.0,8.01,13.25,2.5,13.19,5.17,1000.0,13.75,0.0,0.0,10.57,2.31,-40.0,46.16,53.84,242.0,8497.0,13.25,13.1,14.35,14.35
20090428,28.5,2383,台光電,3.85,38.99,9.87,13.85,3.8,13.23,5.57,1000.0,,0.0,-105.0,11.04,2.65,867.0,66.67,33.33,237.0,17893.0,13.85,12.9,14.15,13.4
20090429,3.96,2383,台光電,2.95,38.03,7.76,12.9,3.5,13.23,5.57,0.0,12.9,0.0,9.0,11.04,2.29,-934.0,27.69,72.31,17.0,14020.0,12.9,12.9,14.35,14.2
20090430,11.3,2383,台光電,3.47,37.56,9.24,13.8,5.5,13.23,5.43,0.0,13.8,0.03,76.0,11.09,2.33,98.0,64.77,35.23,13.0,12387.0,13.8,13.15,13.8,13.3
20090504,0.42,2383,台光電,3.97,43.05,9.23,14.75,7.1,13.23,5.28,-400.0,,0.0,-521.0,11.37,2.51,478.0,84.9,15.1,30.0,13322.0,14.75,14.5,14.75,14.75
20090505,9.39,2383,台光電,4.75,40.49,11.74,15.6,7.1,13.25,5.32,108.0,,0.0,-504.0,12.11,2.79,701.0,81.28,18.72,292.0,36531.0,15.6,15.05,15.75,15.75
20090506,3.31,2383,台光電,5.42,42.58,12.72,16.65,6.1,13.25,5.32,0.0,,0.0,-500.0,12.14,2.73,-152.0,88.65,11.35,13.0,9868.0,16.65,15.25,16.65,15.3
20090507,13.11,2383,台光電,5.58,40.97,13.62,17.8,6.2,13.5,5.59,707.0,,0.0,-501.0,12.49,2.44,-725.0,69.32,30.68,10.0,22600.0,17.8,17.1,17.8,17.4
20090508,16.31,2383,台光電,5.49,39.94,13.74,18.15,5.8,14.38,6.88,3373.0,,0.0,-7.0,12.61,2.35,-230.0,44.35,55.65,320.0,15177.0,18.15,17.25,18.9,17.8
20090511,6.37,2383,台光電,5.35,37.71,14.17,18.45,6.6,14.42,6.96,198.0,18.45,0.0,3.0,12.61,2.35,-23.0,30.3,69.7,329.0,8709.0,18.45,18.35,18.85,18.35
20090512,0.0,2383,台光電,4.73,36.0,13.14,17.2,5.0,14.42,6.96,0.0,17.74,0.0,4.0,12.63,2.35,21.0,24.6,75.4,53.0,6401.0,17.2,17.2,18.0,17.9
20090513,6.93,2383,台光電,4.68,36.59,12.78,17.35,4.5,14.42,6.96,0.0,,0.0,-249.0,12.67,2.38,58.0,61.91,38.09,374.0,4990.0,17.35,17.0,17.6,17.0
20090514,8.63,2383,台光電,4.46,36.39,12.25,17.75,4.9,14.47,7.05,250.0,,0.0,-4.0,12.69,2.38,14.0,62.67,37.33,188.0,6224.0,17.75,16.5,18.1,16.95
20090515,5.1,2383,台光電,4.49,37.19,12.08,18.0,5.9,14.47,7.05,0.0,,0.0,-1.0,12.69,2.37,-41.0,57.27,42.73,219.0,6769.0,18.0,17.95,18.3,18.0
20090518,15.38,2383,台光電,4.5,39.03,11.52,19.25,6.6,14.47,7.01,-115.0,,0.0,-8.0,13.37,2.55,481.0,77.97,22.03,789.0,12731.0,19.25,18.1,19.25,18.1
20090519,1.76,2383,台光電,4.42,36.2,12.21,18.2,5.1,14.47,7.01,20.0,18.2,0.0,9.0,13.48,2.35,-518.0,31.47,68.53,107.0,9693.0,18.2,17.95,19.95,19.95
20090520,1.1,2383,台光電,4.27,37.14,11.51,17.9,4.1,14.47,6.4,-1602.0,18.17,0.0,1.0,13.51,2.32,-80.0,38.61,61.39,140.0,6795.0,17.9,17.6,18.35,18.2
20090521,0.0,2383,台光電,4.21,37.55,11.21,17.35,3.7,14.47,6.4,0.0,,0.0,-151.0,13.52,2.32,-7.0,34.7,65.3,232.0,6510.0,17.35,17.0,17.85,17.75
20090522,12.85,2383,台光電,4.26,38.24,11.13,17.8,4.5,14.52,5.95,-1167.0,17.8,0.03,91.0,13.65,2.37,136.0,45.23,54.77,319.0,7670.0,17.8,17.05,17.95,17.05
20090525,0.17,2383,台光電,4.14,40.85,10.14,17.0,4.6,14.53,5.44,-1345.0,17.74,0.04,7.0,13.73,2.35,-59.0,24.24,75.76,280.0,13335.0,17.0,16.6,18.05,18.0
20090526,0.0,2383,台光電,3.92,39.64,9.88,16.05,4.2,14.53,4.92,-1350.0,,0.0,-207.0,13.75,2.3,-111.0,30.62,69.38,467.0,9569.0,16.05,15.9,17.0,17.0
20090527,10.4,2383,台光電,4.0,41.15,9.71,16.75,4.0,14.53,4.73,-493.0,16.75,0.0,1.0,13.79,2.31,22.0,59.81,40.19,280.0,5172.0,16.75,16.2,16.85,16.2
20090601,35.45,2383,台光電,4.04,41.36,9.78,16.5,4.1,14.53,4.67,-168.0,16.53,0.0,8.0,13.88,2.36,122.0,50.87,49.13,197.0,7368.0,16.5,16.4,17.3,16.85
20090602,0.57,2383,台光電,3.96,36.92,10.74,15.75,4.2,14.53,4.17,-1293.0,16.53,0.0,-1.0,13.91,2.18,-460.0,27.35,72.65,234.0,10118.0,15.75,15.55,16.95,16.95
20090603,7.46,2383,台光電,4.03,37.24,10.83,15.95,3.6,14.53,4.17,0.0,16.37,0.0,3.0,13.97,2.19,30.0,50.87,49.13,257.0,3928.0,15.95,15.6,16.1,15.8
20090604,6.02,2383,台光電,4.08,38.09,10.72,16.35,4.8,14.64,4.44,700.0,16.37,0.0,0.0,14.01,2.07,-320.0,55.29,44.71,274.0,5352.0,16.35,15.95,16.45,15.95
20090605,7.36,2383,台光電,4.1,38.72,10.59,16.3,5.4,14.72,4.59,390.0,,0.0,-401.0,14.08,2.01,-137.0,50.53,49.47,210.0,7774.0,16.3,16.2,16.9,16.7
20090606,0.36,2383,台光電,4.03,41.29,9.76,16.25,5.0,14.72,3.29,-3400.0,,0.0,-9.0,14.08,2.01,0.0,45.06,54.94,297.0,8268.0,16.25,15.75,16.3,16.0
20090608,0.0,2383,台光電,3.86,42.99,8.97,15.2,4.2,14.72,2.52,-2000.0,,0.0,-76.0,14.11,2.0,-41.0,21.97,78.03,159.0,9644.0,15.2,15.15,16.2,16.15
20090609,0.0,2383,台光電,3.74,43.02,8.7,14.15,3.7,14.69,2.6,211.0,14.15,0.0,10.0,14.11,1.98,-45.0,18.0,82.0,27.0,7416.0,14.15,14.15,15.1,15.1
20090610,6.67,2383,台光電,3.8,40.78,9.31,14.05,3.6,14.61,2.99,1000.0,14.15,0.0,0.0,14.11,2.0,59.0,40.91,59.09,126.0,4380.0,14.05,13.6,14.45,14.25
20090611,9.35,2383,台光電,3.8,41.85,9.09,14.7,4.8,14.61,2.99,0.0,14.2,0.0,1.0,14.12,1.96,-19.0,59.09,40.91,255.0,3753.0,14.7,14.0,14.7,14.1
20090612,2.25,2383,台光電,3.81,42.17,9.05,14.2,3.6,14.61,2.99,0.0,14.2,0.0,-3.0,14.12,1.91,-108.0,41.5,58.5,185.0,3155.0,14.2,14.2,15.05,14.7
20090615,0.0,2383,台光電,3.66,40.52,9.02,13.25,3.7,14.61,2.99,0.0,14.09,0.0,1.0,14.11,1.94,55.0,27.61,72.39,70.0,3545.0,13.25,13.25,14.15,14.0
20090616,2.15,2383,台光電,3.45,39.88,8.66,13.2,4.1,14.61,2.99,0.0,14.01,0.0,1.0,14.07,1.99,145.0,41.69,58.31,117.0,3304.0,13.2,12.6,13.35,13.15
20090617,5.11,2383,台光電,3.52,39.89,8.83,13.3,5.3,14.61,2.99,0.0,14.01,0.0,0.0,14.06,1.96,-94.0,47.85,52.15,144.0,2582.0,13.3,13.2,13.45,13.3
20090618,21.17,2383,台光電,3.24,40.02,8.09,13.4,4.8,14.61,2.99,0.0,14.01,0.0,-1.0,14.06,1.95,-17.0,56.86,43.14,108.0,2488.0,13.4,13.1,13.6,13.3
20090619,4.36,2383,台光電,2.3,40.49,5.68,13.85,5.3,14.61,2.99,0.0,14.01,0.0,0.0,14.05,1.97,48.0,54.65,45.35,283.0,3528.0,13.85,13.4,13.85,13.4
20090622,2.29,2383,台光電,2.27,40.54,5.6,13.95,5.2,14.61,2.93,-151.0,13.95,0.09,225.0,14.05,1.94,-69.0,45.95,54.05,133.0,2135.0,13.95,13.6,13.95,13.9
20090623,0.0,2383,台光電,2.2,40.63,5.42,13.8,4.4,14.61,2.81,-300.0,13.95,0.09,0.0,14.05,1.96,47.0,56.06,43.94,83.0,1371.0,13.8,13.6,13.85,13.6
20090624,16.63,2383,台光電,2.11,40.62,5.19,14.0,5.7,14.61,2.81,0.0,13.95,0.03,-149.0,14.05,1.94,-36.0,50.26,49.74,59.0,3055.0,14.0,13.55,14.25,13.85
20090625,4.01,2383,台光電,2.11,40.48,5.2,13.85,4.9,14.61,2.81,0.0,13.95,0.03,0.0,14.05,1.86,-213.0,37.85,62.15,127.0,2892.0,13.85,13.85,14.15,14.1
20090626,2.03,2383,台光電,1.94,40.16,4.83,13.8,4.0,14.61,2.81,0.0,13.95,0.03,0.0,14.04,1.88,51.0,33.11,66.89,114.0,1676.0,13.8,13.8,14.2,14.2
20090629,0.68,2383,台光電,1.88,40.08,4.69,13.5,3.6,14.61,2.72,-250.0,13.95,0.03,-1.0,14.04,1.85,-82.0,24.8,75.2,80.0,1468.0,13.5,13.4,13.9,13.9
20090630,0.68,2383,台光電,1.83,40.42,4.53,13.35,3.2,14.61,2.71,0.0,13.94,0.03,2.0,14.04,1.85,8.0,24.34,75.66,55.0,1177.0,13.35,13.25,13.8,13.65
20090701,2.52,2383,台光電,1.83,40.74,4.5,14.25,6.1,14.61,2.71,0.0,14.25,0.1,178.0,14.05,1.91,141.0,86.7,13.3,12.0,2575.0,14.25,13.4,14.25,13.5
20090702,8.41,2383,台光電,1.87,41.49,4.51,15.2,6.6,14.61,2.59,-320.0,15.17,0.31,552.0,14.11,1.99,204.0,88.61,11.39,10.0,10428.0,15.2,14.55,15.2,14.6
20090703,18.18,2383,台光電,2.1,42.33,4.96,16.0,7.1,14.62,2.62,67.0,15.24,0.34,70.0,14.17,1.89,-252.0,63.65,36.35,411.0,14349.0,16.0,15.2,16.0,15.2
20090706,11.29,2383,台光電,1.92,40.23,4.77,16.35,6.7,14.62,2.62,0.0,15.31,0.36,62.0,14.2,1.85,-92.0,54.28,45.72,373.0,9273.0,16.35,15.85,16.4,16.4
20090707,1.32,2383,台光電,0.93,40.46,2.31,16.15,4.9,14.62,2.62,0.0,15.31,0.36,0.0,14.2,1.83,-67.0,42.48,57.52,245.0,4313.0,16.15,16.15,16.5,16.4
20090708,22.36,2383,台光電,0.7,42.21,1.67,16.65,6.2,14.62,2.24,-1000.0,15.31,0.28,-210.0,14.28,1.89,154.0,68.82,31.18,483.0,10767.0,16.65,16.0,16.8,16.1
20090709,2.4,2383,台光電,0.65,42.31,1.53,16.5,4.4,14.62,2.24,0.0,15.31,0.28,0.0,14.4,1.93,111.0,35.3,64.7,278.0,6116.0,16.5,16.5,16.85,16.85
20090710,1.72,2383,台光電,0.63,42.18,1.49,16.25,4.0,14.62,2.24,0.0,15.31,0.28,0.0,14.49,2.03,260.0,37.66,62.34,110.0,3252.0,16.25,16.2,16.75,16.55
20090713,20.66,2383,台光電,0.75,42.33,1.77,16.4,5.8,14.62,2.24,0.0,15.38,0.3,50.0,14.58,2.13,268.0,50.09,49.91,357.0,8885.0,16.4,16.05,16.8,16.45
20090714,12.7,2383,台光電,0.86,44.14,1.95,17.15,6.6,14.62,2.24,0.0,15.74,0.38,200.0,14.62,2.16,66.0,61.8,38.2,354.0,11959.0,17.15,16.75,17.25,16.75
20090715,22.45,2383,台光電,0.64,45.56,1.4,17.1,6.3,14.62,2.24,0.0,15.97,0.46,202.0,14.64,2.16,14.0,56.69,43.31,216.0,11951.0,17.1,16.75,17.3,17.25
20090716,2.06,2383,台光電,0.9,46.32,1.95,16.65,4.6,14.72,2.36,321.0,15.97,0.46,0.0,14.64,2.16,-11.0,41.11,58.89,356.0,6694.0,16.65,16.65,17.35,17.3
20090717,5.49,2383,台光電,0.24,47.03,0.52,16.8,4.5,14.72,2.14,-567.0,16.04,0.49,103.0,14.64,2.16,3.0,44.99,55.01,275.0,4938.0,16.8,16.6,17.15,17.0
20090720,4.64,2383,台光電,0.19,45.73,0.42,17.05,6.2,14.86,2.27,333.0,16.23,0.61,300.0,14.7,2.21,128.0,54.93,45.07,312.0,6504.0,17.05,16.85,17.3,17.05
20090721,0.0,2383,台光電,0.05,45.39,0.12,16.85,4.1,14.86,2.27,0.0,16.23,0.61,-1.0,14.7,2.17,-114.0,31.93,68.07,249.0,4264.0,16.85,16.8,17.35,17.25
20090722,0.0,2383,台光電,0.0,45.49,0.0,16.9,4.5,14.86,2.27,0.0,16.23,0.61,-7.0,14.71,2.17,7.0,52.49,47.51,229.0,4635.0,16.9,16.8,17.1,16.9
20090723,0.0,2383,台光電,0.0,44.32,0.0,16.6,4.1,14.86,2.27,0.0,16.23,0.61,0.0,14.71,2.16,-15.0,38.81,61.19,180.0,2768.0,16.6,16.6,16.9,16.9
20090724,0.0,2383,台光電,0.0,41.02,0.0,17.0,6.3,15.25,2.78,1350.0,16.26,0.55,-145.0,14.8,2.26,238.0,52.96,47.04,176.0,7508.0,17.0,16.6,17.2,16.7
20090727,0.0,2383,台光電,0.0,35.64,0.0,17.3,6.7,15.35,2.92,350.0,16.49,0.69,357.0,14.85,2.24,-38.0,58.14,41.86,1449.0,11325.0,17.3,17.1,17.5,17.25
20090728,12.55,2383,台光電,0.16,44.05,0.36,18.05,7.1,14.95,2.91,0.0,16.08,0.42,-705.0,14.46,2.24,-3.0,89.72,10.28,2.0,16163.0,18.05,17.1,18.05,17.1
20090729,22.19,2383,台光電,0.55,47.4,1.15,18.75,6.7,15.57,3.47,1500.0,16.08,0.42,-7.0,14.68,2.32,212.0,58.2,41.8,533.0,30868.0,18.75,17.9,19.15,18.25
20090730,15.83,2383,台光電,0.98,50.83,1.93,19.35,7.1,15.87,3.77,800.0,16.1,0.38,-95.0,14.79,2.24,-221.0,62.75,37.25,872.0,20442.0,19.35,18.3,19.5,18.6
20090731,21.32,2383,台光電,1.39,54.95,2.52,19.35,6.3,15.9,3.8,100.0,17.8,0.59,555.0,14.89,2.22,-39.0,51.63,48.37,514.0,25345.0,19.35,19.1,20.4,19.6
20090803,13.81,2383,台光電,1.56,54.44,2.87,19.5,6.2,15.9,3.8,0.0,17.81,0.37,-575.0,15.0,2.24,50.0,51.36,48.64,415.0,13352.0,19.5,18.75,19.8,19.3
20090804,10.48,2383,台光電,1.43,53.87,2.66,19.0,5.0,15.9,3.8,0.0,18.13,0.28,-260.0,15.07,2.08,-422.0,46.02,53.98,425.0,14993.0,19.0,18.7,20.2,19.8
20090805,5.71,2383,台光電,1.52,53.56,2.83,18.15,4.6,15.9,3.79,-20.0,18.14,0.27,-26.0,15.07,1.93,-380.0,43.72,56.28,294.0,9073.0,18.15,17.8,19.2,19.0
20090806,1.33,2383,台光電,0.84,53.47,1.57,18.0,3.6,15.9,3.65,-380.0,18.14,0.27,-1.0,15.09,1.85,-224.0,40.98,59.02,109.0,4805.0,18.0,17.5,18.35,18.2
20090810,12.96,2383,台光電,1.01,51.06,1.98,19.25,5.3,15.9,3.65,0.0,18.14,0.26,-8.0,15.6,2.1,666.0,83.73,16.27,4.0,10244.0,19.25,18.15,19.25,18.15
20090811,19.32,2383,台光電,1.24,51.22,2.42,19.65,6.2,16.28,4.05,1078.0,18.41,0.32,157.0,15.78,1.91,-507.0,46.71,53.29,444.0,15602.0,19.65,18.85,19.9,19.7
20090812,10.51,2383,台光電,1.53,53.52,2.86,19.65,6.7,16.43,4.25,517.0,19.65,0.05,-723.0,15.97,1.92,26.0,53.72,46.28,412.0,11421.0,19.65,19.45,20.1,19.65
20090813,15.81,2383,台光電,1.63,53.25,3.06,20.3,7.1,16.63,4.48,632.0,20.08,0.14,241.0,16.42,2.14,577.0,58.11,41.89,430.0,19549.0,20.3,19.8,20.65,19.8
20090814,7.41,2383,台光電,1.65,53.69,3.07,20.35,6.2,16.79,4.68,524.0,20.2,0.03,-286.0,16.52,2.05,-218.0,43.14,56.86,479.0,11122.0,20.35,20.1,20.75,20.5
20090817,0.87,2383,台光電,1.36,52.83,2.57,19.65,5.3,16.79,4.68,0.0,20.19,0.03,-1.0,16.52,1.95,-277.0,32.04,67.96,374.0,5858.0,19.65,19.55,20.4,20.35
20090818,0.0,2383,台光電,0.8,52.29,1.54,18.7,4.6,16.79,4.68,0.0,,0.0,-533.0,16.57,1.84,-289.0,36.56,63.44,231.0,8098.0,18.7,18.4,19.45,19.05
20090819,21.44,2383,台光電,1.13,52.68,2.15,19.4,4.9,16.79,4.68,0.0,,0.0,-50.0,16.61,1.82,-38.0,63.48,36.52,322.0,7479.0,19.4,18.7,19.55,19.0
20090820,8.01,2383,台光電,1.01,50.62,1.99,19.15,5.0,16.97,5.05,1000.0,,0.0,0.0,16.63,1.81,-31.0,52.05,47.95,170.0,6317.0,19.15,18.5,19.45,19.4
20090821,21.76,2383,台光電,1.51,47.27,3.2,19.6,5.9,17.28,5.73,1800.0,19.6,0.03,80.0,16.99,1.9,267.0,61.99,38.01,244.0,15732.0,19.6,19.3,20.45,19.5
20090824,7.61,2383,台光電,2.49,48.54,5.13,20.0,6.7,17.58,5.48,-666.0,19.6,0.01,-50.0,17.02,1.74,-426.0,52.35,47.65,443.0,10899.0,20.0,19.8,20.4,20.25
20090825,17.36,2383,台光電,2.23,49.75,4.47,20.3,7.1,17.58,5.48,0.0,19.6,0.01,0.0,17.17,1.8,147.0,60.51,39.49,248.0,10920.0,20.3,19.7,20.6,20.0
20090826,0.0,2383,台光電,1.82,51.1,3.56,20.1,5.8,17.58,5.48,0.0,19.95,0.03,41.0,17.17,1.7,-251.0,43.5,56.5,335.0,7493.0,20.1,19.7,20.3,20.2
20090827,22.52,2383,台光電,2.19,53.99,4.05,20.5,7.1,17.58,5.48,0.0,19.95,0.01,-50.0,17.44,1.77,182.0,59.15,40.85,557.0,16134.0,20.5,19.95,20.95,20.0
20090828,24.09,2383,台光電,3.1,54.35,5.7,21.2,7.1,18.23,6.62,3055.0,20.3,0.01,8.0,17.58,1.83,161.0,65.65,34.35,675.0,21176.0,21.2,20.35,21.5,20.7
20090831,20.56,2383,台光電,3.95,54.85,7.2,22.65,7.1,18.32,6.74,395.0,20.3,0.01,0.0,17.97,1.91,218.0,73.66,26.34,11.0,18905.0,22.65,21.4,22.65,21.5
20090901,27.91,2383,台光電,4.12,52.45,7.86,24.0,,18.37,6.65,-250.0,22.61,0.02,27.0,18.07,1.93,39.0,49.87,50.13,560.0,21862.0,24.0,22.7,24.0,22.9
20090902,5.78,2383,台光電,3.34,56.8,5.88,23.8,6.7,18.41,5.45,-3222.0,22.76,0.02,8.0,18.13,1.78,-400.0,45.98,54.02,625.0,21231.0,23.8,23.5,24.5,23.7
20090903,2.44,2383,台光電,2.91,55.85,5.2,23.3,5.0,18.41,5.45,0.0,23.2,0.13,295.0,18.2,1.8,58.0,37.78,62.22,496.0,11283.0,23.3,23.15,23.95,23.6
20090904,17.98,2383,台光電,3.02,56.51,5.35,24.0,5.7,18.52,5.39,-165.0,23.48,0.19,160.0,18.72,1.98,475.0,60.44,39.56,345.0,13536.0,24.0,23.5,24.4,23.5
20090907,11.69,2383,台光電,3.2,56.07,5.71,25.3,5.7,18.85,5.43,130.0,23.48,0.18,-24.0,18.72,1.9,-202.0,59.17,40.83,953.0,14253.0,25.3,24.45,25.3,24.5
20090908,1.37,2383,台光電,2.96,54.99,5.38,24.65,4.5,18.85,5.39,-114.0,23.48,0.18,-4.0,18.76,1.65,-682.0,35.52,64.48,391.0,10626.0,24.65,24.6,25.5,25.5
20090909,0.1,2383,台光電,2.5,53.87,4.64,23.85,4.6,18.86,5.24,-409.0,23.49,0.18,-19.0,18.77,1.65,4.0,43.74,56.26,304.0,12640.0,23.85,23.3,24.65,24.65
20090910,12.49,2383,台光電,2.68,53.02,5.05,24.0,4.5,18.86,5.24,0.0,23.49,0.18,-1.0,18.9,1.69,111.0,48.63,51.37,252.0,10360.0,24.0,23.8,25.0,25.0
20090911,15.93,2383,台光電,2.7,52.49,5.14,24.7,4.9,19.23,5.44,549.0,23.87,0.25,204.0,18.92,1.58,-287.0,68.01,31.99,575.0,9022.0,24.7,24.0,24.85,24.0
20090914,25.6,2383,台光電,3.18,52.34,6.07,25.7,5.8,19.28,5.48,105.0,24.14,0.25,-11.0,19.19,1.55,-81.0,58.97,41.03,309.0,18974.0,25.7,24.4,26.2,24.7
20090915,15.57,2383,台光電,3.47,51.81,6.7,25.95,6.2,19.73,5.88,1075.0,24.61,0.33,230.0,19.4,1.54,-35.0,51.32,48.68,458.0,11570.0,25.95,25.5,26.35,26.0
20090916,13.02,2383,台光電,3.41,52.42,6.5,26.0,5.4,19.73,5.88,0.0,24.68,0.35,51.0,19.52,1.54,9.0,49.35,50.65,566.0,9181.0,26.0,26.0,26.8,26.1
20090917,0.44,2383,台光電,2.83,51.89,5.46,25.4,4.6,19.73,5.75,-350.0,24.68,0.17,-480.0,19.69,1.56,63.0,36.25,63.75,233.0,9109.0,25.4,25.3,26.2,26.15
20090918,12.16,2383,台光電,3.01,52.41,5.74,26.15,5.8,19.81,5.83,200.0,24.8,0.18,20.0,19.87,1.61,118.0,66.31,33.69,511.0,6414.0,26.15,25.2,26.15,25.2
20090921,2.07,2383,台光電,2.91,52.77,5.51,25.95,5.4,19.85,5.64,-500.0,24.9,0.13,-123.0,19.89,1.54,-176.0,42.34,57.66,243.0,6277.0,25.95,25.7,26.3,26.3
20090922,8.67,2383,台光電,2.94,52.92,5.55,25.8,3.7,19.85,5.64,0.0,24.9,0.13,0.0,19.89,1.53,-19.0,45.46,54.54,189.0,6168.0,25.8,25.6,26.25,26.0
20090923,1.72,2383,台光電,2.58,53.13,4.86,24.9,,19.85,5.3,-917.0,24.9,0.1,-99.0,19.89,1.53,-2.0,34.43,65.57,244.0,7627.0,24.9,24.5,26.0,25.8
20090924,6.05,2383,台光電,2.58,54.2,4.76,24.9,3.2,19.85,5.3,0.0,24.9,0.08,-61.0,20.03,1.33,-535.0,56.4,43.6,312.0,4378.0,24.9,24.6,25.25,24.7
20090925,19.5,2383,台光電,2.85,54.92,5.18,25.35,5.0,19.85,5.3,0.0,25.0,0.1,59.0,20.06,1.22,-298.0,63.89,36.11,255.0,7200.0,25.35,24.8,25.8,24.8
20090928,0.22,2383,台光電,2.54,56.07,4.53,24.5,3.8,19.85,4.93,-990.0,24.99,0.1,5.0,20.12,1.19,-78.0,37.5,62.5,257.0,7210.0,24.5,24.4,25.45,25.3
20090929,2.64,2383,台光電,2.49,56.8,4.38,24.35,3.8,19.85,4.52,-1100.0,24.99,0.1,1.0,20.13,1.12,-190.0,42.09,57.91,171.0,7415.0,24.35,24.15,24.8,24.65
20090930,13.03,2383,台光電,3.0,59.35,5.06,25.0,5.8,19.85,4.35,-450.0,24.99,0.13,80.0,20.36,1.17,147.0,61.2,38.8,253.0,10423.0,25.0,24.1,25.2,24.1
20091001,0.23,2383,台光電,2.93,60.41,4.85,24.55,3.3,19.85,4.35,0.0,24.99,0.06,-193.0,20.36,1.13,-115.0,41.9,58.1,199.0,5263.0,24.55,24.4,25.2,25.0
20091002,2.34,2383,台光電,2.85,61.87,4.61,24.4,3.3,19.85,4.03,-850.0,24.99,0.06,-1.0,20.36,1.11,-66.0,48.88,51.12,135.0,5604.0,24.4,23.95,24.8,23.95
20091005,12.9,2383,台光電,2.75,63.68,4.31,24.55,5.0,19.85,3.79,-655.0,24.99,0.04,-40.0,20.51,1.13,60.0,59.7,40.3,232.0,6419.0,24.55,24.25,24.6,24.5
20091006,19.59,2383,台光電,2.73,66.21,4.12,25.4,6.3,19.85,3.79,0.0,25.13,0.06,40.0,20.79,1.2,180.0,65.09,34.91,415.0,14579.0,25.4,24.6,25.6,24.7
20091007,1.13,2383,台光電,2.82,66.04,4.27,24.95,4.7,19.85,3.58,-566.0,25.13,0.06,0.0,20.79,1.09,-280.0,35.87,64.13,291.0,10003.0,24.95,24.85,25.85,25.8
20091008,1.9,2383,台光電,2.66,66.11,4.03,24.3,3.8,19.85,3.58,0.0,24.95,0.07,40.0,20.81,1.08,-30.0,28.98,71.02,289.0,8692.0,24.3,24.2,25.25,25.0
20091009,1.57,2383,台光電,2.62,66.19,3.96,24.1,3.8,19.85,3.58,0.0,24.95,0.07,0.0,20.85,1.09,28.0,36.15,63.85,365.0,6256.0,24.1,23.75,24.65,24.5
20091012,8.88,2383,台光電,2.58,66.39,3.89,24.45,4.1,19.85,3.58,0.0,24.95,0.06,-40.0,20.9,1.09,0.0,53.41,46.59,145.0,3332.0,24.45,24.1,24.6,24.2
20091013,0.0,2383,台光電,2.53,67.37,3.76,24.25,3.3,19.85,3.5,-199.0,24.95,0.06,1.0,20.96,1.1,28.0,45.18,54.82,185.0,5163.0,24.25,23.9,24.4,24.3
20091014,17.35,2383,台光電,2.6,74.02,3.51,25.5,6.3,19.85,3.33,-470.0,25.09,0.08,50.0,21.41,1.22,320.0,68.17,31.83,583.0,21261.0,25.5,24.4,25.7,24.4
20091015,4.88,2383,台光電,2.6,70.97,3.67,24.9,5.5,20.0,3.28,-120.0,24.95,0.26,502.0,21.48,1.09,-345.0,45.92,54.08,219.0,16097.0,24.9,24.8,26.1,26.0
20091016,2.3,2383,台光電,2.54,71.64,3.54,25.0,4.9,20.0,2.91,-1000.0,24.96,0.28,40.0,21.53,1.1,37.0,52.2,47.8,378.0,5176.0,25.0,24.7,25.2,25.2
20091019,7.87,2383,台光電,2.67,72.71,3.68,25.5,5.8,20.0,2.91,0.0,24.96,0.28,0.0,21.53,1.11,1.0,58.41,41.59,240.0,8683.0,25.5,25.0,25.65,25.0
20091020,9.62,2383,台光電,2.75,72.27,3.81,25.75,6.3,20.0,2.82,-230.0,25.18,0.39,300.0,21.63,1.13,66.0,64.32,35.68,480.0,15303.0,25.75,25.15,26.1,25.65
20091021,6.93,2383,台光電,2.77,72.62,3.81,25.5,4.6,20.08,2.87,120.0,25.21,0.3,-240.0,21.63,1.11,-66.0,44.65,55.35,393.0,10999.0,25.5,25.5,26.2,25.85
20091022,0.26,2383,台光電,2.67,72.81,3.67,24.7,3.4,20.08,2.87,0.0,25.21,0.13,-460.0,21.63,1.08,-62.0,28.12,71.88,581.0,8476.0,24.7,24.65,25.5,25.4
20091023,4.3,2383,台光電,3.1,74.63,4.15,25.0,3.7,20.08,2.79,-223.0,25.16,0.17,100.0,21.63,1.08,0.0,48.02,51.98,206.0,5970.0,25.0,24.65,25.2,25.1
20091026,1.71,2383,台光電,2.99,74.85,3.99,24.55,3.3,20.08,2.79,0.0,25.16,0.13,-100.0,21.63,1.08,0.0,28.26,71.74,148.0,3976.0,24.55,24.5,25.25,25.2
20091027,20.14,2383,台光電,3.2,76.06,4.2,24.75,4.7,20.08,2.79,0.0,25.16,0.13,0.0,22.14,1.28,513.0,49.04,50.96,506.0,14105.0,24.75,24.65,25.2,24.8
20091028,1.54,2383,台光電,3.0,72.95,4.12,24.1,4.3,20.08,2.64,-400.0,25.16,0.13,0.0,22.32,1.38,271.0,25.56,74.44,351.0,8618.0,24.1,24.1,24.9,24.65
20091029,0.0,2383,台光電,2.53,68.94,3.67,23.2,4.3,20.08,2.37,-712.0,25.16,0.13,-8.0,22.32,1.37,-18.0,28.58,71.42,223.0,11034.0,23.2,22.45,23.8,23.5
20091030,2.37,2383,台光電,2.66,68.32,3.89,22.85,3.3,20.08,2.18,-516.0,25.16,0.04,-240.0,22.32,1.36,-26.0,44.51,55.49,179.0,5644.0,22.85,22.75,23.65,23.5
20091102,14.6,2383,台光電,2.73,68.03,4.01,23.2,4.0,20.08,2.18,0.0,,0.0,-200.0,22.34,1.39,69.0,57.78,42.22,221.0,4991.0,23.2,22.2,23.2,22.2
20091103,3.67,2383,台光電,2.69,68.48,3.93,23.15,4.0,20.08,1.92,-688.0,,0.0,0.0,22.34,1.35,-103.0,44.72,55.28,149.0,4277.0,23.15,23.0,23.4,23.2
20091104,4.08,2383,台光電,2.73,67.98,4.01,23.45,4.8,20.08,1.88,-120.0,,0.0,-1.0,22.37,1.38,82.0,50.38,49.62,155.0,4216.0,23.45,23.2,23.65,23.25
20091105,7.06,2383,台光電,2.86,68.66,4.17,23.65,5.2,20.08,1.88,0.0,,0.0,0.0,22.39,1.4,48.0,47.39,52.61,173.0,4799.0,23.65,23.6,24.15,23.7
20091106,2.47,2383,台光電,2.86,68.15,4.2,23.4,4.4,20.08,1.88,0.0,,0.0,0.0,22.39,1.39,-19.0,40.13,59.87,151.0,3320.0,23.4,23.3,24.05,23.95
20091109,4.13,2383,台光電,2.8,67.54,4.15,23.35,4.4,20.08,1.88,1.0,,0.0,0.0,22.39,1.39,-5.0,23.07,76.93,145.0,2031.0,23.35,23.3,23.7,23.6
20091110,4.01,2383,台光電,2.78,67.9,4.1,23.45,4.8,20.08,1.82,-156.0,,0.0,0.0,22.39,1.39,0.0,43.97,56.03,134.0,3094.0,23.45,23.35,23.9,23.7
20091111,3.73,2383,台光電,2.74,67.64,4.04,23.35,3.6,20.08,1.82,0.0,,0.0,0.0,22.41,1.41,54.0,37.77,62.23,100.0,2761.0,23.35,23.2,23.55,23.5
20091112,4.13,2383,台光電,2.78,67.77,4.1,23.6,4.9,20.08,1.82,0.0,,0.0,0.0,22.41,1.41,14.0,49.32,50.68,133.0,3899.0,23.6,23.35,23.8,23.4
20091113,14.58,2383,台光電,2.84,67.76,4.19,23.8,4.8,20.08,1.82,0.0,,0.0,0.0,22.42,1.42,19.0,60.88,39.12,60.0,2584.0,23.8,23.65,23.9,23.7
20091116,8.74,2383,台光電,2.82,67.99,4.15,24.25,5.7,20.08,1.82,-1.0,24.25,0.0,1.0,22.45,1.45,72.0,64.47,35.53,215.0,4669.0,24.25,23.8,24.35,24.0
20091117,0.48,2383,台光電,2.81,67.74,4.14,23.65,4.1,20.08,1.82,0.0,24.25,0.0,0.0,22.47,1.42,-65.0,31.11,68.89,277.0,3342.0,23.65,23.65,24.4,24.4
20091118,14.34,2383,台光電,2.83,67.04,4.22,23.8,4.5,20.08,1.56,-700.0,23.8,0.0,7.0,22.53,1.46,108.0,58.94,41.06,147.0,4136.0,23.8,23.65,24.15,23.7
20091119,1.96,2383,台光電,2.83,67.42,4.19,23.85,4.4,20.08,1.56,0.0,23.84,0.02,42.0,22.56,1.47,28.0,53.89,46.11,122.0,2748.0,23.85,23.8,24.1,24.1
20091120,0.0,2383,台光電,2.74,68.03,4.03,23.5,2.8,20.08,1.37,-501.0,23.84,0.02,0.0,22.56,1.46,-32.0,33.46,66.54,410.0,3382.0,23.5,23.45,23.8,23.7
20091123,0.19,2383,台光電,2.66,68.42,3.9,23.25,3.6,20.08,1.37,0.0,23.84,0.0,-42.0,22.56,1.45,-23.0,23.53,76.47,166.0,2583.0,23.25,23.25,23.75,23.3
20091124,16.66,2383,台光電,2.61,69.15,3.78,23.6,4.9,20.08,1.37,0.0,23.84,0.0,0.0,22.58,1.47,40.0,68.83,31.17,262.0,5707.0,23.6,23.35,23.9,23.4
20091125,7.66,2383,台光電,2.54,70.11,3.62,23.7,4.8,20.08,1.37,0.0,23.81,0.0,2.0,22.58,1.43,-67.0,52.04,47.96,152.0,3446.0,23.7,23.6,24.05,23.6
20091126,5.96,2383,台光電,2.54,71.79,3.54,23.55,5.0,20.08,0.84,-1424.0,23.79,0.0,1.0,22.58,1.33,-254.0,53.53,46.47,132.0,7248.0,23.55,23.4,24.15,23.7
20091127,0.0,2383,台光電,2.36,69.46,3.39,22.55,3.7,20.08,0.65,-500.0,23.68,0.0,0.0,22.58,1.3,-98.0,22.03,77.97,300.0,5466.0,22.55,22.55,23.4,23.3
20091130,6.34,2383,台光電,2.4,69.42,3.45,23.0,3.6,20.08,0.65,0.0,23.68,0.0,0.0,22.59,1.3,17.0,53.41,46.59,165.0,2224.0,23.0,22.8,23.15,23.0
20091201,7.24,2383,台光電,2.32,69.26,3.35,23.2,4.4,20.08,0.65,0.0,23.68,0.0,0.0,22.64,1.41,290.0,51.71,48.29,135.0,3206.0,23.2,23.1,23.6,23.1
20091202,7.31,2383,台光電,1.52,68.78,2.21,23.2,4.4,20.37,0.72,180.0,23.64,0.0,1.0,22.64,1.38,-67.0,46.35,53.65,238.0,3392.0,23.2,23.2,23.7,23.35
20091203,6.75,2383,台光電,1.39,68.82,2.02,22.9,3.7,20.45,0.74,60.0,23.64,0.0,0.0,22.64,1.37,-35.0,33.36,66.64,111.0,3806.0,22.9,22.85,23.4,23.3
20091204,18.41,2383,台光電,1.38,68.18,2.03,22.85,4.6,20.45,0.74,0.0,23.58,0.0,1.0,22.65,1.4,76.0,61.1,38.9,182.0,5240.0,22.85,22.75,23.2,22.9
20091207,0.75,2383,台光電,1.33,68.32,1.95,23.0,4.5,20.45,0.74,0.0,23.58,0.0,0.0,22.65,1.42,47.0,42.05,57.95,334.0,3328.0,23.0,23.0,23.25,23.0
20091208,9.24,2383,台光電,1.37,68.48,2.0,24.1,6.7,20.45,0.74,0.0,23.58,0.0,0.0,22.72,1.44,71.0,76.27,23.73,1124.0,7254.0,24.1,23.0,24.1,23.15
20091209,0.12,2383,台光電,1.24,68.6,1.81,23.85,6.3,20.45,0.74,0.0,23.58,0.0,-1.0,22.74,1.33,-299.0,40.71,59.29,250.0,7518.0,23.85,23.7,24.15,24.0
20091210,0.59,2383,台光電,1.24,69.02,1.79,23.3,4.1,20.45,0.72,-72.0,23.58,0.0,-1.0,22.74,1.24,-240.0,39.98,60.02,204.0,5907.0,23.3,23.25,24.25,23.85
20091211,7.63,2383,台光電,1.23,69.05,1.78,23.6,5.2,20.45,0.72,0.0,23.6,0.02,42.0,22.75,1.24,-19.0,54.26,45.74,235.0,3656.0,23.6,23.4,23.9,23.5
20091214,12.01,2383,台光電,1.25,70.27,1.78,24.05,6.2,20.45,0.71,0.0,23.6,0.02,-1.0,22.77,1.23,-17.0,61.93,38.07,248.0,8372.0,24.05,23.65,24.2,23.75
20091215,18.02,2383,台光電,1.37,69.61,1.96,23.85,5.4,20.45,0.71,0.0,23.6,0.02,0.0,22.78,1.16,-179.0,49.25,50.75,190.0,6854.0,23.85,23.8,24.25,24.15
20091216,0.4,2383,台光電,1.24,69.17,1.79,23.65,3.6,20.45,0.71,0.0,23.6,0.02,-1.0,22.79,1.16,-16.0,30.34,69.66,170.0,2527.0,23.65,23.65,24.0,24.0
20091217,0.62,2383,台光電,1.22,68.46,1.78,23.25,2.8,20.45,0.71,0.0,23.6,0.02,0.0,22.8,1.12,-86.0,24.94,75.06,151.0,3230.0,23.25,23.25,23.9,23.9
20091218,0.51,2383,台光電,1.23,68.12,1.8,23.3,3.2,20.45,0.71,0.0,23.6,0.02,0.0,22.81,1.13,24.0,50.19,49.81,169.0,2147.0,23.3,22.9,23.3,22.9
20091221,1.92,2383,台光電,1.22,68.24,1.79,23.2,3.6,20.45,0.71,0.0,23.6,0.02,0.0,22.81,1.12,-32.0,40.7,59.3,112.0,2394.0,23.2,23.15,23.45,23.3
20091222,7.78,2383,台光電,1.24,68.0,1.82,23.5,6.2,20.45,0.71,0.0,23.6,0.0,-42.0,22.86,1.21,223.0,55.95,44.05,76.0,3574.0,23.5,23.3,23.85,23.3
20091223,8.73,2383,台光電,1.39,70.83,1.97,23.95,7.1,20.45,0.66,-135.0,23.6,0.0,0.0,22.89,1.24,97.0,58.12,41.88,227.0,8512.0,23.95,23.6,24.15,23.7
20091224,11.33,2383,台光電,1.4,68.92,2.03,24.0,7.1,20.45,0.66,0.0,23.6,0.0,0.0,22.89,1.2,-104.0,58.37,41.63,266.0,12089.0,24.0,23.9,24.5,24.15
20091225,18.94,2383,台光電,1.56,68.09,2.29,24.35,6.2,20.45,0.62,-127.0,24.21,0.02,41.0,22.89,1.2,0.0,65.32,34.68,427.0,13108.0,24.35,23.7,24.6,24.25
20091228,10.89,2383,台光電,1.43,68.35,2.1,24.15,4.9,20.45,0.62,0.0,24.21,0.02,0.0,22.9,1.21,21.0,57.45,42.55,568.0,8237.0,24.15,24.15,24.8,24.6
20091229,1.92,2383,台光電,1.28,68.11,1.89,24.15,4.0,20.46,0.54,-201.0,24.21,0.02,0.0,23.0,1.32,302.0,37.58,62.42,343.0,5052.0,24.15,24.1,24.45,24.3
20091230,3.8,2383,台光電,1.28,67.91,1.88,24.35,5.2,20.47,0.54,2.0,24.21,0.02,0.0,23.0,1.32,-15.0,42.05,57.95,216.0,3659.0,24.35,24.15,24.5,24.3
20091231,0.34,2383,台光電,1.27,67.71,1.87,24.3,4.8,20.47,0.47,-184.0,24.21,0.02,0.0,23.0,1.29,-70.0,40.87,59.13,261.0,4362.0,24.3,24.2,24.6,24.6
20100104,0.34,2383,台光電,1.23,67.02,1.83,24.0,3.2,20.47,0.47,-19.0,24.21,0.02,0.0,23.01,1.25,-107.0,30.99,69.01,341.0,4933.0,24.0,24.0,24.55,24.3
20100105,1.03,2383,台光電,1.24,65.39,1.9,23.75,2.4,20.47,0.47,-1.0,24.21,0.02,0.0,23.01,1.24,-28.0,42.15,57.85,145.0,3978.0,23.75,23.7,24.3,24.3
20100106,0.55,2383,台光電,1.22,65.24,1.87,23.85,3.6,20.47,0.23,-633.0,24.21,0.02,0.0,23.02,1.25,27.0,51.05,48.95,183.0,3274.0,23.85,23.75,24.0,23.8
20100107,0.05,2383,台光電,1.18,64.29,1.84,23.3,3.3,20.47,0.11,-335.0,24.21,0.02,0.0,23.02,1.27,42.0,25.38,74.62,205.0,4245.0,23.3,23.25,23.95,23.85
20100108,2.34,2383,台光電,1.26,64.26,1.96,23.65,4.0,20.47,0.11,0.0,24.2,0.02,1.0,23.03,1.28,27.0,46.02,53.98,96.0,3075.0,23.65,23.15,23.8,23.3
20100111,7.38,2383,台光電,1.32,63.35,2.09,24.25,6.2,23.25,0.4,788.0,24.2,0.02,0.0,23.03,1.27,-7.0,62.58,37.42,229.0,6621.0,24.25,23.65,24.35,23.95
20100112,0.58,2383,台光電,1.28,63.47,2.01,24.1,4.8,23.25,0.4,-1.0,24.2,0.02,0.0,23.03,1.27,-22.0,39.25,60.75,126.0,3107.0,24.1,24.0,24.45,24.35
20100113,0.0,2383,台光電,1.25,62.57,2.0,23.8,3.7,23.25,0.4,0.0,23.87,0.1,226.0,23.03,1.27,2.0,35.21,64.79,132.0,2365.0,23.8,23.65,24.1,23.7
20100114,20.8,2383,台光電,1.31,63.68,2.05,24.8,6.7,23.25,0.4,0.0,24.29,0.19,223.0,23.11,1.32,140.0,63.98,36.02,491.0,18125.0,24.8,24.4,25.0,24.4
20100115,23.7,2383,台光電,1.25,65.52,1.91,24.55,6.3,23.45,0.47,192.0,24.37,0.27,230.0,23.13,1.29,-89.0,56.22,43.78,431.0,14893.0,24.55,24.55,25.3,25.0
20100118,3.07,2383,台光電,1.23,65.39,1.87,24.3,4.9,23.45,0.47,0.0,24.36,0.3,81.0,23.14,1.3,35.0,43.56,56.44,310.0,4724.0,24.3,24.0,24.8,24.5
20100119,1.48,2383,台光電,1.19,64.07,1.86,24.15,4.1,23.45,0.47,1.0,24.36,0.3,0.0,23.14,1.3,-2.0,35.47,64.53,208.0,4460.0,24.15,24.05,24.6,24.3
20100120,0.66,2383,台光電,1.21,63.85,1.89,24.1,4.1,23.45,0.47,0.0,24.36,0.3,0.0,23.14,1.3,2.0,37.04,62.96,132.0,2891.0,24.1,24.05,24.4,24.35
20100121,0.08,2383,台光電,1.17,62.82,1.87,23.7,3.7,23.45,0.47,0.0,24.36,0.21,-246.0,23.17,1.35,140.0,28.95,71.05,194.0,3532.0,23.7,23.7,24.2,24.0
20100122,0.0,2383,台光電,1.12,62.37,1.8,23.3,3.3,23.45,0.47,0.0,24.36,0.21,-1.0,23.17,1.35,17.0,34.32,65.68,190.0,3435.0,23.3,23.3,23.6,23.5
20100125,5.84,2383,台光電,1.12,62.45,1.8,23.15,3.7,23.45,0.47,-1.0,24.36,0.21,0.0,23.17,1.36,6.0,40.51,59.49,103.0,2414.0,23.15,23.0,23.7,23.0
20100126,0.59,2383,台光電,1.05,59.42,1.76,22.0,3.7,23.45,0.39,-209.0,24.34,0.21,0.0,23.16,1.35,-6.0,22.67,77.33,96.0,5260.0,22.0,21.55,23.5,23.3
20100127,0.0,2383,台光電,1.06,58.39,1.82,21.05,3.7,23.44,0.18,-577.0,24.3,0.12,-236.0,23.1,1.39,96.0,31.1,68.9,218.0,5561.0,21.05,20.9,22.0,22.0
20100128,1.99,2383,台光電,1.19,57.7,2.07,21.8,4.4,23.44,0.18,0.0,24.3,0.12,0.0,23.09,1.39,5.0,57.16,42.84,54.0,2360.0,21.8,21.2,21.9,21.2
20100129,0.0,2383,台光電,1.15,57.54,2.0,21.5,4.0,23.43,0.18,1.0,24.28,0.12,-6.0,23.08,1.39,-4.0,41.0,59.0,66.0,1468.0,21.5,21.2,21.7,21.3
20100201,1.8,2383,台光電,1.28,58.04,2.21,21.75,4.4,23.43,0.18,1.0,24.1,0.13,25.0,23.08,1.37,-39.0,46.45,53.55,47.0,1330.0,21.75,21.5,21.8,21.5
20100202,1.8,2383,台光電,1.21,57.73,2.09,21.25,3.2,23.43,0.18,0.0,24.1,0.13,0.0,23.08,1.36,-39.0,32.43,67.57,43.0,1893.0,21.25,21.1,22.1,22.1
20100203,1.95,2383,台光電,1.3,57.73,2.25,21.35,4.4,23.43,0.18,0.0,24.1,0.13,0.0,23.08,1.35,-22.0,36.52,63.48,42.0,1436.0,21.35,21.15,21.55,21.35
20100204,4.92,2383,台光電,1.33,57.26,2.33,22.25,6.2,22.61,0.59,1100.0,22.96,0.34,561.0,23.07,1.34,-38.0,61.52,38.48,132.0,4228.0,22.25,21.4,22.4,21.4
20100205,0.0,2383,台光電,1.23,55.56,2.21,21.6,5.4,22.12,1.14,1501.0,22.82,0.37,100.0,23.07,1.29,-125.0,34.16,65.84,132.0,4819.0,21.6,21.4,21.95,21.5
20100206,19.01,2383,台光電,1.81,56.71,3.2,22.25,6.3,22.14,1.43,765.0,22.82,0.37,0.0,23.07,1.29,-3.0,47.22,52.78,232.0,7947.0,22.25,21.8,22.7,22.0
20100208,8.98,2383,台光電,2.2,56.79,3.88,22.6,5.3,22.25,1.87,1183.0,22.82,0.37,0.0,23.07,1.2,-229.0,54.89,45.11,106.0,4287.0,22.6,22.15,22.7,22.45
20100209,6.46,2383,台光電,2.23,56.54,3.95,23.25,5.3,22.39,2.18,826.0,22.88,0.43,150.0,23.07,1.22,29.0,62.34,37.66,99.0,3593.0,23.25,22.45,23.5,22.6
20100210,5.73,2383,台光電,2.18,56.04,3.88,23.4,5.7,22.51,2.47,800.0,22.88,0.37,-150.0,23.07,1.2,-46.0,47.08,52.92,253.0,4103.0,23.4,23.4,23.85,23.8
20100222,2.62,2383,台光電,2.21,56.4,3.92,23.55,5.7,22.51,2.47,0.0,22.88,0.37,0.0,23.08,1.21,21.0,43.33,56.67,66.0,2102.0,23.55,23.55,24.0,24.0
20100223,1.85,2383,台光電,2.3,56.06,4.1,23.6,5.7,22.59,2.66,501.0,22.88,0.37,0.0,23.08,1.2,-27.0,46.38,53.62,44.0,1895.0,23.6,23.3,23.75,23.55
20100224,14.65,2383,台光電,2.63,56.92,4.62,24.35,7.1,22.95,3.36,1876.0,23.18,0.47,255.0,23.11,1.22,62.0,69.27,30.73,209.0,9695.0,24.35,23.45,24.5,23.45
20100225,10.88,2383,台光電,2.99,57.26,5.21,24.6,7.1,23.35,4.42,2853.0,23.34,0.51,116.0,23.11,1.18,-99.0,56.37,43.63,254.0,11725.0,24.6,24.45,25.1,24.5
20100226,1.81,2383,台光電,2.9,56.95,5.09,24.4,4.9,23.39,4.6,500.0,23.42,0.5,-22.0,23.11,1.19,7.0,38.46,61.54,146.0,4034.0,24.4,24.2,24.95,24.95
20100301,6.46,2383,台光電,2.89,56.7,5.1,24.8,7.1,23.59,5.36,2041.0,23.52,0.47,-83.0,23.15,1.22,82.0,56.45,43.55,326.0,7286.0,24.8,24.5,24.95,24.8
20100302,2.75,2383,台光電,2.94,56.95,5.17,24.65,5.3,23.59,5.36,0.0,23.52,0.44,-95.0,23.15,1.21,-11.0,51.43,48.57,145.0,4626.0,24.65,24.55,25.1,25.0
20100303,0.83,2383,台光電,2.94,56.72,5.18,24.45,4.5,23.59,5.36,0.0,23.52,0.44,0.0,23.16,1.22,9.0,32.01,67.99,130.0,2515.0,24.45,24.4,24.85,24.85
20100304,5.16,2383,台光電,2.87,56.22,5.1,24.55,4.5,23.68,5.89,1409.0,23.52,0.44,-8.0,23.22,1.26,127.0,57.06,42.94,96.0,3620.0,24.55,24.45,24.95,24.55
20100305,8.35,2383,台光電,2.85,55.46,5.13,24.95,6.7,23.81,6.56,1800.0,23.69,0.47,104.0,23.25,1.29,62.0,58.69,41.31,229.0,6659.0,24.95,24.65,25.2,24.9
20100308,2.74,2383,台光電,2.58,56.26,4.58,24.9,5.8,23.81,6.56,0.0,23.69,0.47,-1.0,23.25,1.28,-10.0,51.74,48.26,116.0,4715.0,24.9,24.85,25.35,25.35
20100309,3.96,2383,台光電,2.58,55.2,4.68,24.8,5.0,23.81,6.56,0.0,23.69,0.43,-111.0,23.25,1.28,0.0,48.35,51.65,206.0,4626.0,24.8,24.75,25.15,25.1
20100310,11.04,2383,台光電,2.55,57.0,4.47,25.2,6.3,23.89,6.96,1083.0,23.92,0.5,187.0,23.3,1.32,102.0,61.0,39.0,312.0,8642.0,25.2,24.8,25.7,24.8
20100311,2.21,2383,台光電,2.52,56.96,4.43,24.75,4.5,23.89,6.96,0.0,23.92,0.49,-20.0,23.3,1.32,-1.0,29.05,70.95,156.0,3567.0,24.75,24.75,25.5,25.5
20100312,13.85,2383,台光電,2.61,56.86,4.59,25.3,6.7,23.96,7.24,754.0,23.94,0.48,-41.0,23.31,1.32,11.0,65.36,34.64,306.0,8147.0,25.3,24.85,25.4,24.85
20100315,1.03,2383,台光電,2.5,57.23,4.37,24.8,4.5,23.96,7.24,0.0,23.94,0.43,-123.0,23.31,1.25,-207.0,35.41,64.59,268.0,3897.0,24.8,24.8,25.45,25.4
20100316,19.78,2383,台光電,2.35,57.33,4.1,25.95,7.1,24.16,7.93,1864.0,24.48,0.59,414.0,23.57,1.38,351.0,62.96,37.04,715.0,21261.0,25.95,24.45,26.05,24.8
20100317,14.29,2383,台光電,4.12,54.32,7.58,27.75,7.1,24.4,8.49,1510.0,26.35,1.1,1370.0,24.61,1.83,1218.0,77.9,22.1,8.0,33523.0,27.75,26.3,27.75,26.3
20100318,20.29,2383,台光電,4.89,57.31,8.54,29.15,6.7,24.74,9.07,1540.0,27.21,1.09,-30.0,25.32,1.94,304.0,62.28,37.72,552.0,41140.0,29.15,28.5,29.65,28.8
20100319,20.61,2383,台光電,5.1,57.71,8.83,29.7,6.6,24.9,9.37,810.0,27.41,1.06,-76.0,25.32,1.77,-477.0,54.29,45.71,739.0,22879.0,29.7,28.9,30.2,29.4
20100322,19.48,2383,台光電,6.92,58.18,11.9,31.75,6.6,25.47,10.22,2295.0,27.52,0.89,-451.0,25.51,1.66,-281.0,65.57,34.43,65.0,27188.0,31.75,29.6,31.75,29.7
20100323,16.84,2383,台光電,5.12,56.69,9.03,30.85,,25.5,10.01,-551.0,28.44,0.91,54.0,25.58,1.53,-340.0,43.13,56.87,453.0,36033.0,30.85,30.7,33.65,32.6
20100324,26.5,2383,台光電,5.1,58.31,8.74,31.0,,25.53,10.07,150.0,29.15,1.23,861.0,25.93,1.64,274.0,55.99,44.01,619.0,20232.0,31.0,30.5,31.65,31.0
20100325,17.29,2383,台光電,4.67,58.81,7.94,31.2,5.8,25.69,10.36,785.0,29.33,1.32,244.0,26.13,1.7,173.0,51.19,48.81,446.0,12797.0,31.2,30.3,31.6,31.0
20100326,25.01,2383,台光電,4.25,60.42,7.03,32.0,6.2,25.73,10.43,180.0,29.69,1.11,-571.0,26.24,1.6,-267.0,54.54,45.46,32.0,20302.0,32.0,31.2,32.4,31.2
20100329,1.89,2383,台光電,3.77,59.51,6.33,31.2,4.6,25.85,10.54,302.0,29.87,1.18,203.0,26.31,1.61,11.0,41.99,58.01,695.0,12922.0,31.2,31.1,32.45,32.45
20100330,14.17,2383,台光電,3.69,60.66,6.08,31.25,5.4,25.91,10.49,-136.0,30.04,1.18,-6.0,26.31,1.59,-35.0,51.17,48.83,470.0,9909.0,31.25,30.75,31.75,31.2
20100331,9.71,2383,台光電,3.54,60.55,5.84,30.95,4.6,25.97,10.58,320.0,30.14,1.2,50.0,26.46,1.64,124.0,42.04,57.96,395.0,7888.0,30.95,30.85,31.7,31.4
20100401,15.49,2383,台光電,3.23,61.29,5.27,31.2,5.4,25.97,10.6,40.0,30.38,1.32,322.0,26.66,1.71,181.0,48.34,51.66,464.0,9866.0,31.2,31.2,32.15,31.5
20100402,15.69,2383,台光電,3.12,61.54,5.07,31.45,5.4,26.0,10.66,161.0,30.4,1.35,81.0,26.66,1.62,-221.0,54.27,45.73,489.0,6391.0,31.45,31.25,31.9,31.3
20100406,9.96,2383,台光電,2.98,58.73,5.07,31.65,6.7,26.03,10.71,139.0,30.49,1.43,225.0,26.84,1.68,148.0,55.16,44.84,318.0,10682.0,31.65,31.4,32.3,31.9
20100407,0.0,2383,台光電,2.3,58.24,3.95,32.1,7.1,26.03,10.27,-1193.0,30.69,1.46,89.0,26.86,1.66,-59.0,55.0,45.0,603.0,9176.0,32.1,31.3,32.15,31.9
20100408,0.0,2383,台光電,0.09,54.78,0.16,29.9,4.6,26.03,10.08,-500.0,30.46,1.3,-435.0,26.93,1.61,-133.0,22.7,77.3,429.0,16174.0,29.9,29.9,32.1,32.05
20100409,0.0,2383,台光電,0.0,51.05,0.0,30.0,5.4,26.17,10.23,408.0,30.37,1.3,6.0,27.08,1.65,113.0,,,,11005.0,30.0,28.9,30.1,30.0
20100412,0.0,2383,台光電,0.0,48.9,0.0,30.5,4.5,26.25,10.42,500.0,30.39,1.33,63.0,27.1,1.58,-194.0,53.26,46.74,261.0,6576.0,30.5,30.0,31.1,30.3
20100413,0.0,2383,台光電,0.0,47.26,0.0,29.55,3.7,26.25,10.08,-900.0,30.33,1.16,-462.0,27.11,1.53,-116.0,35.64,64.36,248.0,8564.0,29.55,29.0,30.5,30.5
20100414,3.67,2383,台光電,0.05,52.56,0.09,29.55,3.7,26.25,10.08,-11.0,30.33,0.95,-551.0,27.12,1.52,-49.0,44.03,55.97,398.0,8793.0,29.55,29.0,29.95,29.85
20100415,15.39,2383,台光電,0.2,55.44,0.35,29.7,5.0,26.25,10.08,0.0,30.33,0.81,-377.0,27.14,1.48,-90.0,62.57,37.43,368.0,11688.0,29.7,29.2,30.2,29.9
20100416,21.72,2383,台光電,0.46,56.85,0.81,30.25,5.8,26.25,10.03,-120.0,30.33,0.67,-369.0,27.2,1.44,-123.0,63.5,36.5,444.0,11536.0,30.25,29.7,30.5,29.7
20100419,0.0,2383,台光電,0.1,54.75,0.18,28.5,3.7,26.28,10.15,306.0,30.26,0.66,-40.0,27.21,1.39,-126.0,24.75,75.25,169.0,6450.0,28.5,28.25,29.95,29.7
20100420,15.31,2383,台光電,0.37,56.73,0.65,29.1,4.1,26.36,10.22,202.0,30.24,0.62,-113.0,27.23,1.36,-77.0,46.44,53.56,328.0,7528.0,29.1,28.95,29.5,29.3
20100421,13.29,2383,台光電,0.75,57.78,1.3,30.8,6.2,26.53,10.62,1079.0,30.36,0.63,29.0,27.31,1.38,47.0,68.2,31.8,585.0,10399.0,30.8,29.2,30.85,29.35
20100422,14.19,2383,台光電,1.09,59.81,1.82,31.3,6.7,26.55,10.64,50.0,30.55,0.78,403.0,27.36,1.28,-273.0,59.79,40.21,408.0,15572.0,31.3,30.3,31.6,30.6
20100423,1.47,2383,台光電,0.94,59.84,1.56,31.1,5.8,26.55,10.64,0.0,30.56,0.76,-45.0,27.36,1.22,-158.0,48.72,51.28,241.0,6250.0,31.1,30.85,31.45,31.3
20100426,15.23,2383,台光電,2.11,66.3,3.18,33.25,7.1,26.7,10.85,550.0,31.12,0.65,-310.0,27.78,1.3,230.0,79.41,20.59,44.0,28315.0,33.25,31.4,33.25,31.6
20100427,15.0,2383,台光電,4.67,65.67,7.11,35.55,7.1,27.43,11.7,2312.0,31.76,0.47,-486.0,29.96,1.81,1374.0,68.06,31.94,39.0,34087.0,35.55,34.25,35.55,34.3
20100428,35.45,2383,台光電,5.5,60.23,9.13,36.5,6.7,28.03,11.75,140.0,34.47,0.8,904.0,30.21,1.8,-43.0,53.9,46.1,1088.0,47146.0,36.5,34.55,37.4,35.0
20100429,16.4,2383,台光電,5.15,61.16,8.42,36.55,7.0,28.03,11.75,0.0,34.52,0.65,-402.0,30.23,1.72,-203.0,46.66,53.34,578.0,16605.0,36.55,36.1,37.2,36.8
20100430,16.26,2383,台光電,4.02,59.3,6.78,35.55,5.8,28.15,11.9,393.0,34.52,0.57,-232.0,30.34,1.72,-5.0,42.99,57.01,871.0,19689.0,35.55,35.55,37.85,37.0
20100503,4.48,2383,台光電,3.15,58.78,5.36,35.2,6.2,28.15,11.9,0.0,34.53,0.57,20.0,30.39,1.74,54.0,43.19,56.81,318.0,8495.0,35.2,34.7,36.3,35.35
20100504,0.69,2383,台光電,2.36,57.61,4.09,34.75,4.9,28.15,11.52,-1028.0,34.54,0.58,15.0,30.63,1.84,272.0,38.46,61.54,374.0,8651.0,34.75,34.1,35.65,35.5
20100505,0.0,2383,台光電,1.6,55.08,2.9,33.3,4.5,28.15,10.98,-1457.0,34.48,0.58,-6.0,30.82,1.94,272.0,42.26,57.74,502.0,10648.0,33.3,32.45,33.9,33.25
20100506,25.69,2383,台光電,2.0,56.87,3.52,33.55,5.4,28.21,10.42,-1509.0,34.46,0.49,-242.0,30.91,1.99,130.0,54.76,45.24,548.0,15453.0,33.55,32.5,34.3,32.5
20100507,14.21,2383,台光電,1.74,57.66,3.03,34.3,5.8,28.31,10.58,440.0,34.43,0.52,96.0,31.01,2.01,54.0,57.35,42.65,274.0,14092.0,34.3,31.6,34.45,32.5
20100510,6.85,2383,台光電,1.43,59.04,2.43,34.05,4.9,28.31,10.56,-50.0,34.43,0.43,-242.0,31.01,1.76,-668.0,43.6,56.4,450.0,9946.0,34.05,33.5,34.75,34.5
20100511,6.31,2383,台光電,1.89,59.94,3.15,33.15,4.9,28.31,10.34,-599.0,34.23,0.24,-529.0,31.03,1.75,-36.0,34.51,65.49,326.0,9682.0,33.15,33.15,34.75,34.2
20100512,7.02,2383,台光電,1.78,60.29,2.95,33.15,4.4,28.31,10.34,0.0,34.23,0.24,0.0,31.04,1.76,16.0,38.25,61.75,313.0,4413.0,33.15,33.05,33.8,33.4
20100513,21.11,2383,台光電,2.09,60.5,3.45,34.95,7.4,28.46,10.59,680.0,34.46,0.28,113.0,31.21,1.79,90.0,68.26,31.74,508.0,14682.0,34.95,33.6,35.2,34.0
20100514,15.35,2383,台光電,2.25,61.2,3.67,35.1,6.9,28.46,10.59,0.0,34.54,0.32,101.0,31.23,1.7,-248.0,49.34,50.66,362.0,7998.0,35.1,34.55,35.4,34.95
20100517,1.83,2383,台光電,1.8,60.89,2.96,34.35,5.2,28.46,10.56,-100.0,34.53,0.32,8.0,31.24,1.7,2.0,44.38,55.62,276.0,6882.0,34.35,34.1,35.1,34.5
20100518,7.02,2383,台光電,2.01,60.65,3.32,33.9,5.4,28.46,10.43,-345.0,34.53,0.3,-50.0,31.27,1.69,-32.0,48.59,51.41,316.0,7249.0,33.9,33.7,34.85,34.7
20100519,0.13,2383,台光電,1.75,60.23,2.91,33.2,4.5,28.46,10.22,-555.0,34.24,0.35,140.0,31.31,1.69,7.0,42.21,57.79,434.0,7897.0,33.2,32.6,33.9,33.45
20100520,5.63,2383,台光電,1.71,60.06,2.86,32.1,4.0,28.46,10.16,-175.0,34.24,0.22,-347.0,31.31,1.63,-172.0,31.91,68.09,387.0,5400.0,32.1,32.1,33.8,33.2
20100521,0.0,2383,台光電,1.3,57.72,2.25,30.3,5.0,28.46,10.03,-360.0,34.24,0.15,-201.0,31.13,1.91,769.0,31.31,68.69,300.0,8958.0,30.3,29.9,30.7,30.1
20100524,12.54,2383,台光電,1.3,57.89,2.25,30.8,4.0,28.46,9.73,-786.0,34.03,0.15,9.0,31.11,1.96,131.0,51.05,48.95,257.0,5563.0,30.8,30.0,30.8,30.5
20100525,0.0,2383,台光電,1.08,58.57,1.85,28.65,5.0,28.46,9.08,-1765.0,33.96,0.12,-99.0,31.1,1.94,-61.0,15.33,84.67,33.0,7941.0,28.65,28.65,30.2,29.9
20100526,1.99,2383,台光電,1.05,61.0,1.72,27.8,5.0,28.46,8.25,-2229.0,33.96,0.05,-174.0,30.86,1.86,-217.0,43.13,56.87,372.0,10727.0,27.8,27.4,29.0,28.7
20100527,19.61,2383,台光電,1.23,60.89,2.02,29.7,5.7,28.46,8.11,-389.0,31.31,0.09,101.0,30.77,1.89,102.0,65.62,34.38,25.0,10415.0,29.7,27.7,29.7,27.8
20100528,13.2,2383,台光電,1.44,61.5,2.33,29.7,6.2,28.46,7.85,-694.0,31.13,0.02,-195.0,30.76,1.48,-1113.0,42.87,57.13,487.0,12350.0,29.7,29.5,30.5,30.45
20100531,6.36,2383,台光電,1.28,61.8,2.07,29.6,5.2,28.46,7.75,-284.0,29.79,0.11,239.0,30.74,1.5,57.0,45.93,54.07,220.0,4514.0,29.6,29.2,29.85,29.5
20100601,0.0,2383,台光電,1.08,65.98,1.63,28.2,5.4,28.46,6.75,-2693.0,29.79,0.1,-11.0,30.69,1.26,-657.0,39.86,60.14,281.0,13166.0,28.2,27.8,29.3,29.3
20100602,0.0,2383,台光電,0.96,67.38,1.42,27.5,4.4,28.46,6.25,-1343.0,29.79,0.1,-4.0,30.55,1.15,-277.0,41.72,58.28,264.0,8658.0,27.5,27.4,28.2,27.8
20100603,26.75,2383,台光電,1.47,68.41,2.15,28.85,7.0,28.46,6.25,0.0,29.79,0.01,-250.0,30.4,1.27,308.0,61.62,38.38,526.0,13776.0,28.85,27.85,29.2,28.2
20100604,16.84,2383,台光電,1.13,69.86,1.62,28.4,5.6,28.46,6.25,0.0,29.79,0.01,-4.0,30.39,1.2,-183.0,47.96,52.04,361.0,9814.0,28.4,28.3,29.1,28.85
20100607,0.0,2383,台光電,0.93,68.6,1.36,26.75,4.4,28.46,6.06,-499.0,29.79,0.01,0.0,30.0,1.25,123.0,31.35,68.65,230.0,8798.0,26.75,26.45,27.2,26.9
20100608,9.15,2383,台光電,1.22,69.47,1.75,26.8,4.8,28.46,5.97,-250.0,29.79,0.01,0.0,29.99,1.23,-26.0,45.68,54.32,243.0,4827.0,26.8,26.65,27.15,26.9
20100609,3.6,2383,台光電,1.17,69.32,1.69,25.95,4.5,28.46,5.97,0.0,29.79,0.01,0.0,29.9,1.23,0.0,36.26,63.74,272.0,5615.0,25.95,25.7,27.25,27.0
20100610,9.31,2383,台光電,1.34,69.09,1.94,26.35,4.8,28.46,5.58,-1050.0,29.79,0.01,-2.0,29.45,1.39,440.0,52.54,47.46,248.0,4146.0,26.35,25.8,26.4,26.2
20100611,5.05,2383,台光電,1.5,69.25,2.17,26.95,6.1,28.46,5.58,0.0,27.48,0.03,60.0,29.42,1.33,-174.0,50.12,49.88,300.0,5046.0,26.95,26.8,27.35,26.8
20100614,9.94,2383,台光電,1.51,68.85,2.19,27.1,5.6,28.46,5.58,0.0,27.48,0.02,-14.0,29.24,1.39,174.0,47.0,53.0,153.0,2805.0,27.1,27.0,27.45,27.2
20100615,12.66,2383,台光電,1.47,68.66,2.15,27.5,6.5,28.46,5.58,6.0,27.5,0.05,84.0,29.17,1.45,156.0,56.56,43.44,217.0,3768.0,27.5,27.2,27.75,27.3
20100617,12.5,2383,台光電,1.44,69.05,2.09,28.45,7.0,28.46,5.58,0.0,28.19,0.15,256.0,29.16,1.31,-385.0,56.54,43.46,376.0,8173.0,28.45,27.8,28.85,27.9
20100618,1.8,2383,台光電,1.36,69.13,1.97,28.15,5.7,28.46,5.4,-500.0,28.18,0.17,50.0,29.14,1.33,55.0,44.79,55.21,101.0,3397.0,28.15,28.0,28.45,28.45
20100621,14.47,2383,台光電,1.13,69.18,1.63,28.75,7.0,28.46,5.4,0.0,28.38,0.25,233.0,29.14,1.3,-75.0,59.32,40.68,267.0,6454.0,28.75,28.2,28.9,28.55
20100622,0.46,2383,台光電,1.19,68.37,1.73,28.45,6.1,28.46,5.4,0.0,28.38,0.27,44.0,29.12,1.33,78.0,41.38,58.62,282.0,2805.0,28.45,28.4,28.8,28.8
20100623,11.42,2383,台光電,1.18,68.8,1.71,28.7,7.0,28.46,5.4,0.0,28.45,0.34,195.0,29.1,1.37,97.0,52.17,47.83,377.0,5489.0,28.7,28.0,29.15,28.0
20100624,9.39,2383,台光電,1.28,67.18,1.9,29.0,7.5,28.47,5.52,322.0,28.59,0.45,291.0,29.1,1.36,-2.0,46.84,53.16,561.0,6313.0,29.0,28.65,29.45,28.75
20100625,20.81,2383,台光電,1.42,69.18,2.05,29.2,7.1,28.48,5.56,99.0,28.59,0.39,-150.0,29.1,1.29,-201.0,52.62,47.38,248.0,8416.0,29.2,28.7,29.75,28.7
20100628,2.08,2383,台光電,1.25,69.42,1.81,28.55,4.9,28.48,5.37,-510.0,28.59,0.39,0.0,29.1,1.29,0.0,,,,3884.0,28.55,28.5,29.5,29.4
20100629,12.92,2383,台光電,1.32,69.12,1.91,28.25,5.0,28.48,5.37,0.0,28.59,0.34,-133.0,29.08,1.3,37.0,50.62,49.38,149.0,4434.0,28.25,28.2,29.4,28.7
20100630,0.0,2383,台光電,1.13,69.11,1.63,27.65,4.1,28.48,5.14,-556.0,28.59,0.34,0.0,28.98,1.39,224.0,49.96,50.04,91.0,2852.0,27.65,27.15,27.7,27.3
20100701,9.88,2383,台光電,1.15,69.29,1.66,27.95,5.2,28.48,5.03,-300.0,28.59,0.34,-1.0,28.94,1.4,46.0,48.35,51.65,116.0,1832.0,27.95,27.5,27.95,27.55
20100702,16.89,2383,台光電,1.19,69.33,1.72,28.6,6.2,28.48,5.03,0.0,28.59,0.34,0.0,28.94,1.44,93.0,58.78,41.22,189.0,5839.0,28.6,28.0,29.1,28.3
20100705,5.73,2383,台光電,1.11,69.26,1.61,29.0,6.0,28.48,5.07,100.0,28.63,0.38,109.0,28.94,1.45,27.0,49.96,50.04,344.0,2843.0,29.0,28.4,29.0,28.8
20100706,4.34,2383,台光電,0.98,69.59,1.41,28.85,6.6,28.48,4.52,-1499.0,28.63,0.39,9.0,28.94,1.48,96.0,45.41,54.59,323.0,5556.0,28.85,28.75,29.3,28.9
20100707,11.48,2383,台光電,1.15,68.96,1.67,29.4,7.0,28.5,4.61,245.0,28.84,0.52,350.0,28.95,1.5,40.0,56.35,43.65,279.0,7863.0,29.4,28.9,29.75,29.0
20100708,13.33,2383,台光電,1.11,68.67,1.62,29.55,6.5,28.51,4.66,152.0,28.91,0.45,-170.0,28.98,1.53,100.0,44.63,55.37,430.0,6648.0,29.55,29.5,30.0,29.85
20100709,1.05,2383,台光電,0.86,69.09,1.25,29.15,4.8,28.52,4.38,-770.0,28.91,0.46,20.0,28.98,1.54,14.0,34.04,65.96,297.0,4454.0,29.15,29.15,29.85,29.7
20100712,1.53,2383,台光電,0.81,69.41,1.17,28.8,4.8,28.52,4.23,-400.0,28.91,0.46,0.0,28.97,1.58,100.0,31.15,68.85,185.0,3133.0,28.8,28.8,29.5,29.5
20100713,15.91,2383,台光電,0.51,69.53,0.73,29.3,8.3,28.55,4.4,458.0,28.91,0.42,-120.0,28.99,1.64,163.0,56.53,43.47,568.0,6762.0,29.3,29.0,29.75,29.0
20100714,11.5,2383,台光電,0.4,69.03,0.58,30.35,8.3,28.72,4.88,1298.0,29.33,0.59,470.0,29.02,1.6,-94.0,62.92,37.08,487.0,10811.0,30.35,29.55,30.4,29.7
20100715,11.59,2383,台光電,0.46,68.93,0.67,30.85,7.4,28.74,4.77,-305.0,29.37,0.6,37.0,29.03,1.61,31.0,47.71,52.29,450.0,9140.0,30.85,30.6,31.45,30.6
20100716,0.68,2383,台光電,0.29,68.38,0.43,29.85,5.3,28.74,4.77,0.0,29.38,0.62,34.0,29.03,1.59,-75.0,32.41,67.59,260.0,5859.0,29.85,29.75,31.0,30.85
20100719,0.0,2383,台光電,0.24,68.11,0.35,29.4,5.3,28.74,4.65,-303.0,29.38,0.62,20.0,29.04,1.61,55.0,35.6,64.4,210.0,2530.0,29.4,29.15,29.65,29.5
20100720,13.29,2383,台光電,0.34,71.99,0.47,31.45,7.5,28.76,4.22,-1162.0,29.38,0.59,-95.0,29.09,1.63,58.0,78.18,21.82,12.0,11384.0,31.45,30.15,31.45,30.2
20100721,0.0,2383,台光電,0.23,71.37,0.33,31.2,6.6,28.76,4.01,-588.0,29.67,0.7,300.0,29.1,1.52,-285.0,50.56,49.44,281.0,14778.0,31.2,30.85,32.1,31.6
20100722,0.0,2383,台光電,0.07,71.46,0.09,31.05,4.8,28.76,3.97,-100.0,29.83,0.79,240.0,29.12,1.54,46.0,41.58,58.42,400.0,5556.0,31.05,30.6,31.5,31.5
20100723,0.0,2383,台光電,0.0,66.04,0.0,31.9,7.0,28.76,3.97,0.0,30.05,0.88,243.0,29.22,1.59,148.0,63.13,36.87,311.0,11001.0,31.9,31.1,32.5,31.5
20100726,0.0,2383,台光電,0.0,63.47,0.0,31.5,5.6,28.76,3.97,0.0,30.05,0.88,2.0,29.29,1.63,96.0,45.08,54.92,428.0,6738.0,31.5,31.4,32.5,32.5
20100727,0.0,2383,台光電,0.0,57.85,0.0,31.35,5.0,28.76,3.93,-95.0,30.45,1.03,410.0,29.58,1.88,671.0,49.28,50.72,1362.0,11784.0,31.35,31.35,32.15,31.9
20100728,17.61,2383,台光電,0.61,63.43,0.97,29.95,6.3,26.73,3.94,0.0,28.34,0.53,-1430.0,27.54,1.89,36.0,57.99,42.01,493.0,13443.0,29.95,29.65,30.45,29.7
20100729,1.27,2383,台光電,0.56,63.5,0.88,29.6,4.5,26.73,3.94,0.0,28.34,0.51,-50.0,27.54,1.89,-4.0,34.28,65.72,551.0,5047.0,29.6,29.6,30.25,30.0
20100730,7.28,2383,台光電,0.95,64.72,1.46,29.9,6.2,26.73,3.94,2.0,28.34,0.41,-275.0,27.57,1.83,-150.0,40.46,59.54,178.0,5095.0,29.9,29.55,30.35,29.6
20100802,5.28,2383,台光電,1.04,65.45,1.59,30.4,5.6,26.73,3.94,3.0,28.85,0.39,-71.0,27.57,1.77,-171.0,54.93,45.07,244.0,4737.0,30.4,30.05,30.45,30.1
20100803,1.38,2383,台光電,1.02,65.25,1.56,30.1,4.0,26.73,3.94,0.0,28.97,0.42,89.0,27.59,1.72,-143.0,26.16,73.84,326.0,4630.0,30.1,30.1,30.75,30.6
20100804,8.75,2383,台光電,1.19,66.36,1.79,30.4,6.5,26.73,3.94,-1.0,29.08,0.23,-549.0,27.62,1.71,-34.0,53.8,46.2,250.0,4843.0,30.4,30.1,30.75,30.15
20100805,10.06,2383,台光電,1.56,67.43,2.32,30.45,5.8,26.73,3.94,-1.0,29.41,0.09,-392.0,27.62,1.7,-12.0,46.14,53.86,396.0,8880.0,30.45,30.3,31.35,30.8
20100806,4.36,2383,台光電,1.43,67.57,2.11,30.5,5.2,26.73,3.94,0.0,29.41,0.08,-12.0,27.62,1.64,-156.0,41.98,58.02,247.0,3416.0,30.5,30.3,30.7,30.7
20100809,0.59,2383,台光電,1.36,67.86,2.0,30.3,4.5,26.73,3.78,-450.0,29.44,0.07,-42.0,27.62,1.65,6.0,33.08,66.92,321.0,4204.0,30.3,30.25,30.8,30.7
20100810,2.22,2383,台光電,1.35,68.03,1.99,29.95,4.1,26.73,3.78,0.0,29.71,0.04,-83.0,27.63,1.65,2.0,37.77,62.23,144.0,4726.0,29.95,29.8,30.75,30.5
20100811,6.85,2383,台光電,1.68,68.93,2.44,30.3,4.4,26.73,3.78,0.0,30.3,0.02,-68.0,27.66,1.66,38.0,54.05,45.95,189.0,4587.0,30.3,29.75,30.35,30.0
20100812,10.67,2383,台光電,1.85,69.18,2.68,30.45,5.4,27.16,4.27,1409.0,,0.0,-52.0,27.66,1.62,-107.0,53.69,46.31,190.0,6674.0,30.45,29.85,30.75,29.85
20100813,20.69,2383,台光電,2.55,73.51,3.46,32.55,7.5,27.54,4.6,917.0,,0.0,-589.0,27.84,1.4,-606.0,74.64,25.36,14.0,18253.0,32.55,31.0,32.55,31.0
20100816,15.85,2383,台光電,2.81,73.3,3.83,32.85,7.9,27.85,4.78,508.0,,0.0,-32.0,27.85,1.28,-310.0,49.68,50.32,861.0,19744.0,32.85,32.65,33.8,33.0
20100817,21.28,2383,台光電,3.06,73.06,4.18,34.25,7.9,28.36,5.09,902.0,,0.0,-166.0,27.89,1.2,-210.0,61.3,38.7,1528.0,22146.0,34.25,32.6,34.3,33.0
20100818,0.31,2383,台光電,2.95,72.58,4.07,33.05,5.7,28.36,4.82,-771.0,,0.0,-3.0,27.97,1.21,26.0,33.46,66.54,812.0,11057.0,33.05,33.05,34.4,34.35
20100819,8.09,2383,台光電,3.41,73.07,4.67,33.15,5.6,28.36,4.55,-782.0,,0.0,-136.0,28.26,1.28,170.0,41.7,58.3,563.0,8460.0,33.15,33.05,33.55,33.35
20100820,0.75,2383,台光電,3.28,72.49,4.52,32.6,4.8,28.36,4.51,-100.0,32.6,0.02,58.0,28.31,1.28,1.0,37.61,62.39,243.0,6104.0,32.6,32.15,33.45,33.0
20100823,6.65,2383,台光電,3.26,71.74,4.54,32.4,4.4,28.36,4.51,0.0,32.4,0.01,-21.0,28.58,1.37,239.0,46.47,53.53,200.0,5040.0,32.4,32.2,33.15,32.6
20100824,0.12,2383,台光電,3.07,71.77,4.28,31.9,4.4,28.36,4.46,-141.0,32.01,0.03,47.0,28.71,1.41,119.0,35.68,64.32,287.0,4997.0,31.9,31.9,32.55,32.1
20100825,15.28,2383,台光電,3.04,72.14,4.21,32.0,5.8,28.36,4.46,0.0,,0.0,-144.0,28.96,1.51,266.0,52.07,47.93,506.0,8732.0,32.0,31.55,32.5,31.7
20100826,0.92,2383,台光電,2.67,71.21,3.74,31.1,4.9,28.36,4.46,0.0,,0.0,-163.0,28.96,1.41,-121.0,30.28,69.72,331.0,5749.0,31.1,30.9,32.3,32.0
20100827,2.86,2383,台光電,2.67,71.6,3.73,31.1,4.9,28.36,4.32,-400.0,,0.0,-53.0,29.21,1.52,56.0,50.64,49.36,191.0,3040.0,31.1,30.7,31.3,31.2
20100830,4.72,2383,台光電,2.87,72.39,3.97,31.1,4.9,28.36,4.25,-200.0,,0.0,-98.0,29.22,1.49,-73.0,42.39,57.61,223.0,4064.0,31.1,31.0,31.8,31.3
20100831,0.0,2383,台光電,2.71,71.58,3.78,28.95,4.0,28.36,4.25,0.0,28.95,0.03,83.0,29.22,1.49,6.0,12.35,87.65,9.0,1923.0,28.95,28.95,29.05,29.05
20100901,0.0,2383,台光電,2.12,68.61,3.09,27.45,4.2,28.36,4.24,-40.0,27.45,0.01,-46.0,29.15,1.51,39.0,50.32,49.68,346.0,13411.0,27.45,26.95,28.1,27.0
20100902,6.0,2383,台光電,2.36,69.59,3.39,27.2,4.1,28.36,4.14,-270.0,,0.0,-100.0,28.97,1.61,305.0,37.36,62.64,349.0,9493.0,27.2,27.2,28.1,27.95
20100903,5.53,2383,台光電,2.13,69.42,3.07,27.65,4.8,28.36,4.14,1.0,,0.0,-218.0,28.93,1.66,133.0,49.51,50.49,349.0,4647.0,27.65,27.4,27.95,27.45
20100906,6.67,2383,台光電,1.96,65.83,2.98,28.05,4.9,28.36,4.14,0.0,28.05,0.01,30.0,28.92,1.68,48.0,48.57,51.43,148.0,5276.0,28.05,27.7,28.3,27.7
20100907,2.24,2383,台光電,1.73,65.25,2.66,27.8,4.0,28.36,3.96,-512.0,,0.0,-58.0,28.91,1.6,-206.0,34.9,65.1,191.0,4375.0,27.8,27.8,28.45,28.05
20100908,15.76,2383,台光電,1.81,64.24,2.81,27.7,4.9,28.36,3.89,-210.0,,0.0,-25.0,28.88,1.63,79.0,47.91,52.09,251.0,4607.0,27.7,27.65,28.1,27.8
20100909,2.14,2383,台光電,1.8,63.99,2.81,27.7,4.4,28.36,3.64,-710.0,,0.0,-26.0,28.87,1.63,-19.0,45.95,54.05,130.0,3918.0,27.7,27.5,28.0,27.9
20100910,8.29,2383,台光電,1.68,63.08,2.66,28.15,6.2,28.36,3.62,-62.0,,0.0,-179.0,28.87,1.6,-78.0,45.23,54.77,161.0,5874.0,28.15,28.0,28.7,28.0
20100913,3.28,2383,台光電,1.5,63.94,2.35,28.45,4.8,28.36,3.62,0.0,,0.0,-15.0,28.87,1.57,-65.0,48.74,51.26,215.0,3877.0,28.45,28.25,28.8,28.6
20100914,0.63,2383,台光電,1.46,63.22,2.32,28.25,4.4,28.36,3.58,-93.0,28.25,0.01,22.0,28.86,1.58,6.0,25.96,74.04,152.0,2544.0,28.25,28.25,28.7,28.5
20100915,0.0,2383,台光電,1.42,62.88,2.25,28.0,4.5,28.36,3.41,-494.0,28.06,0.03,51.0,28.85,1.59,33.0,32.12,67.88,274.0,3931.0,28.0,27.9,28.4,28.25
20100916,10.74,2383,台光電,1.45,62.59,2.31,28.15,6.2,28.36,3.27,-388.0,28.1,0.02,-30.0,28.85,1.6,22.0,52.56,47.44,270.0,5304.0,28.15,28.0,28.7,28.05
20100917,1.66,2383,台光電,1.42,62.28,2.28,28.2,5.2,28.36,3.12,-419.0,28.19,0.12,288.0,28.81,1.68,250.0,34.76,65.24,302.0,3850.0,28.2,27.95,28.4,28.2
20100920,10.83,2383,台光電,1.41,61.87,2.28,28.4,5.4,28.36,3.12,0.0,28.32,0.24,339.0,28.81,1.68,-11.0,50.49,49.51,173.0,4303.0,28.4,28.05,28.75,28.3
20100921,13.07,2383,台光電,1.43,62.44,2.29,29.2,7.0,28.36,3.12,0.0,28.34,0.2,-93.0,28.81,1.66,-45.0,56.76,43.24,359.0,7797.0,29.2,28.5,29.4,28.7
20100923,8.31,2383,台光電,1.43,62.09,2.3,29.25,6.0,28.36,3.12,-1.0,28.49,0.23,89.0,28.81,1.64,-65.0,50.8,49.2,174.0,4667.0,29.25,29.15,29.6,29.35
20100924,0.08,2383,台光電,1.41,61.71,2.29,28.65,5.3,28.36,3.12,0.0,28.51,0.27,90.0,28.81,1.65,35.0,30.37,69.63,164.0,3666.0,28.65,28.6,29.25,29.25
20100927,1.4,2383,台光電,1.41,61.76,2.29,28.55,4.5,28.36,3.12,0.0,28.51,0.26,-10.0,28.8,1.66,25.0,31.04,68.96,173.0,2506.0,28.55,28.55,29.1,29.1
20100928,0.45,2383,台光電,1.43,61.98,2.3,28.2,4.1,28.36,3.12,-4.0,28.5,0.27,30.0,28.8,1.67,17.0,30.8,69.2,211.0,2011.0,28.2,28.2,28.7,28.5
20100929,11.52,2383,台光電,1.44,62.31,2.31,28.75,6.3,28.36,3.12,0.0,28.5,0.24,-96.0,28.8,1.69,75.0,54.2,45.8,130.0,3271.0,28.75,28.4,29.1,28.4
20100930,15.69,2383,台光電,1.44,62.6,2.3,29.0,6.7,28.36,3.12,-1.0,28.5,0.21,-91.0,28.8,1.69,-12.0,55.15,44.85,191.0,3652.0,29.0,28.8,29.4,28.8
20101001,0.54,2383,台光電,1.44,63.45,2.27,28.5,5.6,28.36,3.11,-14.0,28.5,0.19,-50.0,28.8,1.67,-53.0,19.95,80.05,111.0,4049.0,28.5,28.4,29.15,29.15
20101004,0.1,2383,台光電,1.4,64.54,2.16,27.8,5.1,28.36,2.92,-552.0,28.26,0.28,272.0,28.8,1.68,24.0,31.5,68.5,134.0,7066.0,27.8,27.65,28.65,28.5
20101005,0.0,2383,台光電,1.36,64.52,2.11,27.45,4.1,28.36,2.67,-700.0,28.24,0.29,23.0,28.77,1.71,98.0,38.67,61.33,133.0,2944.0,27.45,27.1,27.8,27.8
20101006,0.98,2383,台光電,1.38,64.73,2.13,27.6,4.5,28.36,2.53,-391.0,28.24,0.29,-16.0,28.76,1.72,19.0,46.35,53.65,132.0,2441.0,27.6,27.55,27.85,27.65
20101007,3.3,2383,台光電,1.41,64.93,2.17,27.6,4.5,28.36,2.45,-236.0,28.24,0.29,0.0,28.76,1.73,30.0,51.38,48.62,87.0,1936.0,27.6,27.55,27.7,27.65
20101008,0.0,2383,台光電,1.36,63.93,2.12,27.2,5.1,28.36,2.24,-600.0,28.2,0.3,33.0,28.75,1.73,-6.0,35.62,64.38,135.0,3953.0,27.2,27.05,27.55,27.5
20101011,0.03,2383,台光電,1.24,63.46,1.95,26.85,4.6,28.36,1.9,-973.0,28.15,0.31,26.0,28.7,1.78,147.0,39.2,60.8,95.0,3895.0,26.85,26.85,27.25,27.0
20101012,1.17,2383,台光電,1.25,63.62,1.97,26.4,5.0,28.36,1.49,-1160.0,28.03,0.32,40.0,28.66,1.78,-4.0,34.53,65.47,159.0,3665.0,26.4,26.1,26.95,26.9
20101013,3.06,2383,台光電,1.26,64.38,1.95,26.4,4.1,28.36,0.95,-1541.0,27.98,0.31,-21.0,28.64,1.79,39.0,48.73,51.27,80.0,2684.0,26.4,26.2,26.6,26.5
20101014,1.93,2383,台光電,1.18,64.72,1.83,26.4,4.5,28.36,0.58,-1057.0,27.92,0.31,-2.0,28.62,1.81,40.0,43.11,56.89,162.0,2276.0,26.4,26.4,26.85,26.85
20101015,1.76,2383,台光電,1.21,64.9,1.87,26.2,4.6,28.36,0.4,-500.0,27.78,0.33,52.0,28.62,1.81,11.0,34.46,65.54,215.0,3065.0,26.2,26.2,26.85,26.4
20101018,2.33,2383,台光電,1.19,64.75,1.83,26.15,4.1,28.36,0.36,-104.0,27.74,0.33,7.0,28.61,1.81,1.0,33.72,66.28,120.0,2102.0,26.15,26.15,26.5,26.4
20101019,1.96,2383,台光電,1.18,64.78,1.82,26.15,4.1,28.36,0.33,-103.0,27.74,0.32,-41.0,28.61,1.8,-43.0,39.91,60.09,63.0,1170.0,26.15,26.1,26.35,26.15
20101020,14.03,2383,台光電,1.34,66.38,2.01,27.95,7.5,28.36,0.29,-104.0,27.78,0.28,-107.0,28.57,1.91,315.0,75.87,24.13,25.0,9185.0,27.95,26.2,27.95,26.2
20101021,0.0,2383,台光電,1.2,65.76,1.83,27.15,5.8,28.36,0.29,0.0,27.68,0.33,132.0,28.57,1.73,-500.0,30.93,69.07,283.0,5231.0,27.15,27.15,27.85,27.8
20101022,2.32,2383,台光電,1.18,65.69,1.79,27.25,5.3,28.36,0.29,0.0,27.68,0.29,-110.0,28.57,1.73,-7.0,53.56,46.44,148.0,1638.0,27.25,27.2,27.5,27.2
20101025,2.73,2383,台光電,1.15,65.87,1.74,27.45,7.0,28.36,0.29,0.0,27.68,0.23,-166.0,28.56,1.74,43.0,47.68,52.32,186.0,1830.0,27.45,27.25,27.6,27.35
20101026,16.14,2383,台光電,1.24,66.05,1.88,28.7,7.9,28.36,0.29,0.0,27.79,0.18,-155.0,28.57,1.84,280.0,64.45,35.55,278.0,10443.0,28.7,27.35,28.95,27.5
20101027,0.55,2383,台光電,1.18,66.55,1.78,28.25,6.5,28.36,0.29,0.0,27.87,0.19,39.0,28.56,1.84,-3.0,40.38,59.62,182.0,4331.0,28.25,28.25,28.95,28.9
20101028,6.12,2383,台光電,1.19,66.3,1.8,28.5,7.3,28.36,0.29,0.0,27.88,0.17,-50.0,28.56,1.86,39.0,55.98,44.02,120.0,3351.0,28.5,28.3,28.75,28.3
20101029,1.67,2383,台光電,1.2,66.13,1.81,28.6,7.3,28.36,0.29,0.0,27.88,0.17,0.0,28.56,1.88,63.0,42.1,57.9,189.0,3292.0,28.6,28.4,28.75,28.7
20101101,1.11,2383,台光電,1.29,65.88,1.95,28.7,7.0,28.36,0.29,0.0,27.97,0.18,21.0,28.56,1.91,104.0,48.54,51.46,206.0,3515.0,28.7,28.55,28.9,28.8
20101102,0.72,2383,台光電,1.29,65.67,1.96,28.25,5.3,28.36,0.29,0.0,27.99,0.19,29.0,28.55,1.94,65.0,41.73,58.27,144.0,3035.0,28.25,28.2,28.8,28.8
20101103,0.11,2383,台光電,1.28,64.59,1.99,27.45,5.9,28.36,0.29,0.0,27.95,0.17,-72.0,28.52,1.96,66.0,26.11,73.89,144.0,3688.0,27.45,27.1,28.45,28.3
20101104,2.86,2383,台光電,1.32,64.6,2.04,27.55,5.3,28.36,0.29,0.0,27.93,0.15,-55.0,28.5,2.0,118.0,53.4,46.6,57.0,1748.0,27.55,27.5,27.75,27.5
20101105,2.13,2383,台光電,1.32,64.21,2.05,27.75,6.2,28.36,0.29,0.0,27.93,0.14,-21.0,28.5,2.01,18.0,42.43,57.57,101.0,2022.0,27.75,27.65,28.0,27.95
20101108,0.0,2383,台光電,1.28,62.98,2.04,26.9,5.9,28.36,0.29,0.0,27.67,0.16,68.0,28.49,2.02,25.0,20.81,79.19,125.0,2795.0,26.9,26.9,27.85,27.8
20101109,2.79,2383,台光電,1.29,63.09,2.04,27.4,5.7,28.36,0.29,1.0,27.67,0.15,-50.0,28.48,2.04,50.0,58.75,41.25,79.0,1758.0,27.4,27.0,27.6,27.0
20101110,3.76,2383,台光電,1.3,63.16,2.05,27.6,6.9,28.36,0.29,0.0,27.66,0.15,10.0,28.46,2.08,120.0,47.73,52.27,77.0,1142.0,27.6,27.3,27.7,27.5
20101111,13.04,2383,台光電,1.41,63.35,2.23,28.0,8.3,28.36,0.29,0.0,27.7,0.16,20.0,28.46,2.1,79.0,54.85,45.15,79.0,2423.0,28.0,27.6,28.3,27.6
20101112,0.0,2383,台光電,1.41,63.03,2.24,27.65,5.7,28.36,0.29,0.0,27.7,0.16,1.0,28.46,2.1,-8.0,35.69,64.31,63.0,1216.0,27.65,27.65,27.9,27.75
20101115,0.0,2383,台光電,1.4,62.49,2.25,27.3,5.8,28.36,0.29,0.0,27.66,0.18,59.0,28.45,2.09,-26.0,36.79,63.21,58.0,1419.0,27.3,27.2,27.8,27.5
20101116,1.26,2383,台光電,1.39,62.38,2.23,27.5,6.9,28.33,0.3,29.0,27.66,0.17,-18.0,28.45,2.08,-37.0,43.52,56.48,62.0,715.0,27.5,27.35,27.7,27.35
20101117,0.0,2383,台光電,1.39,62.14,2.24,27.45,6.6,28.33,0.3,0.0,27.65,0.17,6.0,28.44,2.09,29.0,43.03,56.97,62.0,735.0,27.45,27.2,27.45,27.3
20101118,0.72,2383,台光電,1.4,62.01,2.26,27.6,6.6,28.33,0.3,0.0,27.65,0.16,-22.0,28.44,2.09,0.0,57.44,42.56,78.0,833.0,27.6,27.4,27.75,27.5
20101119,16.14,2383,台光電,1.42,62.15,2.29,27.75,7.5,28.33,0.3,0.0,27.65,0.12,-142.0,28.42,2.17,231.0,54.5,45.5,128.0,3097.0,27.75,27.65,28.2,27.65
20101122,3.46,2383,台光電,1.43,62.47,2.29,27.9,7.0,28.33,0.3,0.0,27.67,0.11,-27.0,28.41,2.2,101.0,59.14,40.86,106.0,1966.0,27.9,27.8,28.1,28.1
20101123,13.3,2383,台光電,1.44,62.66,2.3,28.0,7.5,28.33,0.3,0.0,27.67,0.1,-27.0,28.4,2.22,49.0,54.95,45.05,170.0,3231.0,28.0,27.95,28.4,28.1
20101124,0.0,2383,台光電,1.43,62.54,2.28,27.65,4.9,28.33,0.3,0.0,27.66,0.11,53.0,28.39,2.25,82.0,35.58,64.42,76.0,1345.0,27.65,27.55,27.95,27.9
20101125,2.65,2383,台光電,1.46,62.66,2.33,27.9,7.4,28.33,0.3,0.0,27.66,0.11,-5.0,28.39,2.29,102.0,53.97,46.03,104.0,1697.0,27.9,27.8,28.1,27.95
20101126,4.4,2383,台光電,1.47,62.62,2.35,28.1,7.9,28.33,0.3,0.0,27.66,0.11,0.0,28.39,2.28,-19.0,51.79,48.21,143.0,2769.0,28.1,27.95,28.4,28.0
20101129,1.76,2383,台光電,1.42,62.41,2.27,28.1,6.9,28.33,0.3,0.0,27.72,0.13,43.0,28.39,2.26,-60.0,45.5,54.5,111.0,1989.0,28.1,28.0,28.4,28.4
20101130,7.44,2383,台光電,1.38,62.87,2.2,28.2,7.5,28.33,0.3,-1.0,27.72,0.13,-6.0,28.38,2.29,100.0,55.34,44.66,100.0,3334.0,28.2,28.1,28.6,28.1
20101201,20.13,2383,台光電,1.53,64.84,2.36,29.4,7.9,28.33,0.3,-1.0,27.96,0.07,-152.0,28.4,2.33,120.0,70.89,29.11,395.0,10834.0,29.4,28.3,29.6,28.3
20101202,4.51,2383,台光電,1.54,64.78,2.38,29.4,7.0,28.6,0.4,294.0,28.54,0.09,46.0,28.41,2.33,-6.0,50.07,49.93,229.0,8484.0,29.4,29.1,29.75,29.7
20101203,3.83,2383,台光電,1.58,64.84,2.44,29.1,5.7,28.6,0.4,-1.0,28.68,0.11,56.0,28.41,2.33,-8.0,44.57,55.43,268.0,5174.0,29.1,29.1,29.9,29.7
20101206,2.19,2383,台光電,1.59,64.11,2.48,29.15,6.1,28.6,0.4,-3.0,28.8,0.14,101.0,28.41,2.33,-3.0,39.04,60.96,159.0,3651.0,29.15,29.1,29.5,29.25
20101207,12.08,2383,台光電,1.74,65.98,2.63,30.0,7.9,28.88,0.51,290.0,28.99,0.17,65.0,28.41,2.3,-73.0,63.01,36.99,328.0,8594.0,30.0,29.2,30.15,29.2
20101208,10.76,2383,台光電,1.72,65.15,2.63,29.65,6.6,28.88,0.5,-1.0,29.11,0.2,93.0,28.41,2.29,-42.0,47.32,52.68,156.0,7358.0,29.65,29.6,30.4,30.1
20101209,18.37,2383,台光電,2.07,67.71,3.06,31.4,7.9,29.6,0.71,572.0,30.28,0.3,295.0,28.45,2.29,-7.0,70.27,29.73,345.0,20999.0,31.4,29.7,31.7,29.7
20101210,21.0,2383,台光電,2.54,66.66,3.81,31.7,7.1,30.03,0.89,521.0,31.25,0.75,1276.0,28.45,1.96,-914.0,59.3,40.7,646.0,25397.0,31.7,31.55,32.65,31.6
20101213,15.64,2383,台光電,3.2,66.21,4.84,32.65,7.4,30.54,1.1,600.0,32.16,1.26,1449.0,28.55,1.71,-712.0,57.84,42.16,594.0,21973.0,32.65,32.4,33.3,32.4
20101214,0.4,2383,台光電,2.98,65.21,4.57,31.8,5.3,30.56,1.12,68.0,32.12,1.28,61.0,28.71,1.79,207.0,31.76,68.24,548.0,10721.0,31.8,31.65,32.9,32.75
20101215,0.61,2383,台光電,2.81,63.63,4.42,30.95,5.3,30.6,1.23,300.0,32.02,1.41,364.0,28.89,1.91,362.0,38.29,61.71,366.0,7764.0,30.95,30.7,32.1,31.8
20101216,7.2,2383,台光電,2.89,63.5,4.55,31.45,6.1,30.62,1.26,95.0,31.99,1.43,58.0,28.93,1.93,41.0,55.11,44.89,203.0,4626.0,31.45,31.05,31.7,31.05
20101217,11.78,2383,台光電,2.93,63.18,4.64,31.2,5.8,30.66,1.34,227.0,31.99,1.29,-408.0,28.98,1.97,119.0,43.39,56.61,192.0,5473.0,31.2,31.2,32.05,31.8
20101220,1.21,2383,台光電,2.84,63.02,4.51,30.85,4.9,30.66,1.38,100.0,31.99,1.28,-10.0,29.02,1.99,55.0,29.98,70.02,185.0,3561.0,30.85,30.55,31.4,31.25
20101221,5.32,2383,台光電,2.98,63.43,4.7,31.5,6.6,30.66,1.38,0.0,31.96,1.3,57.0,29.03,1.98,-25.0,56.84,43.16,187.0,4284.0,31.5,30.95,31.7,31.2
20101222,0.86,2383,台光電,3.0,63.33,4.74,31.45,5.2,30.66,1.32,-170.0,31.96,1.11,-561.0,29.04,1.98,9.0,35.4,64.6,279.0,3737.0,31.45,31.35,31.75,31.6
20101223,11.13,2383,台光電,3.05,64.63,4.72,31.8,7.0,30.74,1.41,250.0,31.96,1.02,-244.0,29.05,1.99,7.0,58.27,41.73,249.0,8895.0,31.8,31.3,32.5,31.6
20101224,2.2,2383,台光電,3.01,64.1,4.69,31.4,4.8,30.74,1.42,40.0,31.87,1.23,591.0,29.06,1.99,-1.0,30.21,69.79,277.0,3952.0,31.4,31.4,32.25,31.95
20101227,0.41,2383,台光電,2.91,63.87,4.56,31.0,5.2,30.74,1.42,0.0,31.84,1.26,100.0,29.08,2.01,58.0,29.87,70.13,199.0,2899.0,31.0,31.0,31.5,31.5
20101228,9.0,2383,台光電,2.93,63.87,4.58,31.25,7.0,30.74,1.42,0.0,31.79,1.38,335.0,29.09,2.0,-5.0,53.75,46.25,159.0,3777.0,31.25,31.15,31.9,31.45
20101229,0.85,2383,台光電,2.89,63.84,4.53,30.5,5.4,30.74,1.42,0.0,31.72,1.41,83.0,29.1,2.02,41.0,27.99,72.01,249.0,4601.0,30.5,30.5,31.6,31.35
20101230,2.47,2383,台光電,2.89,62.82,4.61,30.7,5.3,30.74,1.42,0.0,31.72,1.38,-74.0,29.13,2.05,82.0,33.0,67.0,235.0,2949.0,30.7,30.4,30.95,30.5
20101231,1.95,2383,台光電,2.84,62.55,4.54,30.85,6.1,30.74,1.44,75.0,31.72,1.37,-47.0,29.14,2.05,10.0,42.39,57.61,166.0,1900.0,30.85,30.6,31.1,31.1
20110103,2.29,2383,台光電,2.82,62.36,4.53,30.55,5.4,30.74,1.44,0.0,31.71,1.26,-296.0,29.14,2.06,30.0,37.05,62.95,136.0,3311.0,30.55,30.5,31.5,31.0
20110104,0.99,2383,台光電,2.65,62.46,4.24,30.55,4.9,30.74,1.44,0.0,31.7,0.98,-812.0,29.16,2.09,69.0,24.95,75.05,148.0,2517.0,30.55,30.5,30.9,30.65
20110105,4.63,2383,台光電,2.57,62.12,4.14,30.3,5.0,30.68,1.68,671.0,31.64,1.0,50.0,29.17,2.07,-37.0,33.38,66.62,190.0,3173.0,30.3,30.15,31.0,30.9
20110106,1.51,2383,台光電,2.61,62.43,4.18,30.75,6.4,30.68,1.68,0.0,31.64,0.93,-179.0,29.17,2.07,-9.0,52.02,47.98,116.0,1788.0,30.75,30.35,30.8,30.7
20110107,1.01,2383,台光電,2.47,62.1,3.98,30.4,4.5,30.66,1.82,400.0,31.63,0.92,-34.0,29.17,2.06,-27.0,35.14,64.86,83.0,2680.0,30.4,30.25,31.1,30.95
20110110,0.24,2383,台光電,2.45,61.95,3.95,30.1,4.0,30.66,1.82,0.0,31.62,0.91,-38.0,29.17,2.07,26.0,28.53,71.47,201.0,1265.0,30.1,30.1,30.55,30.4
20110111,23.39,2383,台光電,2.45,62.95,3.89,31.1,8.3,30.66,1.84,45.0,31.62,0.74,-469.0,29.25,1.95,-342.0,67.35,32.65,237.0,5554.0,31.1,30.1,31.15,30.1
20110112,0.55,2383,台光電,2.4,63.14,3.8,30.85,6.6,30.67,1.89,150.0,31.62,0.69,-145.0,29.25,1.93,-56.0,39.74,60.26,244.0,3119.0,30.85,30.75,31.35,31.2
20110113,10.47,2383,台光電,2.38,63.6,3.75,31.1,7.4,30.7,2.03,400.0,31.56,0.76,195.0,29.25,1.91,-62.0,56.54,43.46,266.0,5884.0,31.1,30.95,31.6,31.05
20110114,7.58,2383,台光電,2.39,63.63,3.75,31.4,7.4,30.74,2.17,392.0,31.56,0.73,-96.0,29.26,1.87,-116.0,56.43,43.57,208.0,5041.0,31.4,31.2,31.9,31.2
20110117,3.13,2383,台光電,2.37,63.61,3.72,31.15,6.1,30.76,2.27,300.0,31.54,0.68,-118.0,29.26,1.86,-8.0,45.39,54.61,132.0,3957.0,31.15,31.15,31.95,31.95
20110118,13.01,2383,台光電,2.38,63.56,3.75,31.2,6.5,30.76,2.27,0.0,31.54,0.58,-310.0,29.27,1.86,-10.0,49.89,50.11,138.0,2798.0,31.2,31.2,31.45,31.3
20110119,0.42,2383,台光電,2.37,64.12,3.7,31.2,6.5,30.76,1.8,-1353.0,31.54,0.51,-200.0,29.36,1.89,102.0,49.67,50.33,159.0,4082.0,31.2,30.85,31.4,31.3
20110120,0.0,2383,台光電,2.37,63.32,3.74,30.7,3.6,30.76,1.69,-319.0,31.52,0.5,-13.0,29.4,1.88,-31.0,35.73,64.27,190.0,2851.0,30.7,30.7,31.15,31.15
20110121,0.54,2383,台光電,2.37,63.01,3.76,30.5,3.6,30.76,1.69,0.0,31.51,0.5,10.0,29.41,1.89,13.0,39.63,60.37,142.0,1476.0,30.5,30.4,30.9,30.7
20110124,1.5,2383,台光電,2.38,62.42,3.81,30.5,4.5,30.76,1.54,-423.0,31.47,0.53,62.0,29.42,1.91,68.0,20.75,79.25,136.0,2198.0,30.5,30.2,30.8,30.8
20110125,0.12,2383,台光電,2.37,62.34,3.8,30.4,4.0,30.76,1.42,-329.0,31.46,0.53,10.0,29.42,1.91,5.0,31.62,68.38,62.0,1693.0,30.4,30.25,30.85,30.85
20110126,2.44,2383,台光電,2.35,62.45,3.76,30.6,5.3,30.76,1.35,-200.0,31.41,0.55,66.0,29.42,1.92,4.0,49.8,50.2,80.0,2009.0,30.6,30.25,30.85,30.7
20110127,4.66,2383,台光電,2.35,62.04,3.79,30.9,7.0,30.76,1.31,-115.0,31.39,0.57,60.0,29.45,1.94,81.0,57.07,42.93,119.0,3345.0,30.9,30.6,31.35,30.85
20110128,0.63,2383,台光電,2.31,62.15,3.71,30.6,4.8,30.76,1.31,0.0,31.39,0.39,-529.0,29.45,1.95,17.0,29.32,70.68,208.0,1911.0,30.6,30.6,31.25,31.05
20110208,9.95,2383,台光電,2.36,64.9,3.64,31.75,7.0,30.76,1.31,0.0,31.61,0.07,-915.0,29.49,1.88,-207.0,65.42,34.58,344.0,8796.0,31.75,30.6,32.0,31.0
20110209,10.5,2383,台光電,2.38,65.18,3.65,32.3,7.4,30.76,1.31,0.0,31.99,0.13,188.0,29.69,1.92,125.0,64.09,35.91,649.0,10606.0,32.3,31.25,32.3,31.8
20110210,1.07,2383,台光電,2.29,64.45,3.56,32.3,6.5,30.86,1.4,250.0,31.99,0.12,-24.0,29.7,1.89,-96.0,53.12,46.88,529.0,6475.0,32.3,31.55,32.3,32.25
20110211,10.92,2383,台光電,2.52,64.27,3.93,31.5,5.8,30.89,1.47,200.0,31.71,0.04,-243.0,29.73,1.8,-235.0,47.15,52.85,267.0,16992.0,31.5,31.25,32.7,32.6
20110214,5.74,2383,台光電,2.55,63.28,4.03,32.0,6.0,30.89,1.47,0.0,31.98,0.1,164.0,29.73,1.77,-100.0,63.06,36.94,255.0,5283.0,32.0,31.75,32.15,31.85
20110215,14.29,2383,台光電,2.51,64.29,3.9,32.6,7.4,31.08,1.65,524.0,32.28,0.16,174.0,29.78,1.77,-8.0,63.7,36.3,576.0,13875.0,32.6,32.0,33.2,32.4
20110216,2.4,2383,台光電,2.48,63.69,3.9,32.15,4.9,31.1,1.69,100.0,32.24,0.22,179.0,29.81,1.76,-31.0,36.19,63.81,230.0,6971.0,32.15,32.0,33.2,33.0
20110217,1.06,2383,台光電,2.49,62.68,3.97,31.8,4.5,31.1,1.69,0.0,32.2,0.11,-308.0,29.81,1.72,-101.0,27.05,72.95,233.0,5103.0,31.8,31.7,32.55,32.5
20110218,5.86,2383,台光電,2.47,62.31,3.96,31.95,5.3,31.1,1.69,0.0,32.2,0.1,-30.0,29.85,1.75,75.0,43.79,56.21,248.0,3892.0,31.95,31.9,32.3,32.0
20110221,14.11,2383,台光電,2.59,64.65,4.01,33.55,7.9,31.15,1.72,100.0,33.4,0.51,1156.0,30.26,1.93,536.0,67.7,32.3,565.0,20468.0,33.55,31.95,33.7,32.0
20110222,0.0,2383,台光電,2.54,63.44,4.01,32.95,6.6,31.31,1.88,458.0,33.22,0.79,805.0,30.26,1.83,-310.0,32.45,67.55,295.0,10207.0,32.95,32.25,33.5,33.2
20110223,10.06,2383,台光電,2.96,63.57,4.66,32.5,6.3,31.44,2.12,681.0,33.02,0.78,-24.0,30.38,1.86,94.0,52.63,47.37,562.0,15226.0,32.5,32.5,33.75,32.75
20110224,2.22,2383,台光電,2.68,63.02,4.25,31.9,4.9,31.46,2.21,250.0,33.01,0.37,-1169.0,30.4,1.88,60.0,36.46,63.54,305.0,8756.0,31.9,31.65,33.2,32.9
20110225,6.08,2383,台光電,2.65,62.52,4.24,31.95,4.9,31.46,2.21,0.0,32.96,0.29,-242.0,30.43,1.91,94.0,42.15,57.85,353.0,6909.0,31.95,31.05,32.2,32.05
20110301,3.43,2383,台光電,2.6,62.31,4.17,32.25,5.7,31.46,2.21,0.0,32.74,0.4,327.0,30.51,1.99,214.0,55.54,44.46,228.0,3470.0,32.25,32.05,32.4,32.3
20110302,0.0,2383,台光電,2.56,62.08,4.13,31.6,5.0,31.46,2.1,-323.0,32.66,0.43,77.0,30.55,2.03,116.0,36.71,63.29,386.0,3576.0,31.6,31.55,32.2,32.0
20110303,8.5,2383,台光電,2.56,61.56,4.16,32.25,6.1,31.46,1.93,-484.0,32.59,0.52,259.0,30.64,2.13,294.0,53.48,46.52,193.0,5091.0,32.25,31.8,32.55,31.8
20110304,11.79,2383,台光電,2.93,61.45,4.76,32.8,7.9,31.5,1.99,169.0,32.6,0.52,-11.0,30.74,2.18,134.0,55.92,44.08,447.0,15010.0,32.8,32.8,33.6,32.9
20110307,3.76,2383,台光電,2.92,61.27,4.76,33.1,6.9,31.5,1.99,0.0,32.65,0.57,163.0,30.76,2.2,45.0,57.78,42.22,225.0,4629.0,33.1,32.6,33.3,32.8
20110308,0.36,2383,台光電,2.9,61.37,4.72,32.8,6.1,31.5,1.99,0.0,32.66,0.62,144.0,30.77,2.2,0.0,41.57,58.43,346.0,3898.0,32.8,32.7,33.2,33.1
20110309,1.21,2383,台光電,2.96,61.75,4.8,32.6,6.1,31.5,1.98,-8.0,32.65,0.67,130.0,30.78,2.19,-28.0,39.44,60.56,229.0,3646.0,32.6,32.6,33.15,32.8
20110310,0.0,2383,台光電,2.95,61.36,4.81,31.8,4.6,31.5,1.69,-850.0,32.61,0.7,80.0,30.78,2.2,33.0,33.69,66.31,258.0,5233.0,31.8,31.75,32.6,32.6
20110311,0.0,2383,台光電,2.78,60.22,4.62,31.45,4.5,31.5,1.64,-122.0,32.57,0.61,-255.0,30.79,2.19,-9.0,39.51,60.49,96.0,4054.0,31.45,31.15,31.5,31.2
20110314,0.0,2383,台光電,2.57,58.9,4.37,30.55,4.6,31.49,1.59,-160.0,32.29,0.49,-342.0,30.78,2.17,-65.0,28.0,72.0,211.0,5906.0,30.55,29.95,31.25,31.15
20110315,0.04,2383,台光電,2.3,56.19,4.09,28.8,5.0,31.49,1.57,-59.0,31.93,0.52,78.0,30.69,2.23,162.0,25.37,74.63,128.0,6822.0,28.8,28.45,30.75,30.3
20110316,5.66,2383,台光電,2.52,57.84,4.36,29.2,4.5,31.38,1.24,-929.0,31.54,0.19,-923.0,30.66,2.26,103.0,50.61,49.39,199.0,6308.0,29.2,28.6,29.6,29.2
20110317,0.0,2383,台光電,2.38,58.17,4.1,28.3,4.5,31.36,1.05,-540.0,30.6,0.18,-45.0,30.63,2.14,-343.0,39.61,60.39,212.0,6172.0,28.3,27.7,28.7,28.7
20110318,8.11,2383,台光電,2.58,57.44,4.49,29.9,5.8,31.36,1.05,0.0,30.29,0.13,-127.0,30.45,2.82,1934.0,59.44,40.56,368.0,7437.0,29.9,28.65,29.9,28.8
20110321,11.84,2383,台光電,2.69,57.32,4.69,31.0,6.1,31.36,1.05,0.0,30.29,0.11,-66.0,30.52,3.1,789.0,58.91,41.09,471.0,6096.0,31.0,29.6,31.0,30.3
20110322,15.99,2383,台光電,3.04,57.77,5.26,31.9,7.9,31.36,1.05,0.0,31.9,0.01,-265.0,30.65,3.22,349.0,57.76,42.24,255.0,12468.0,31.9,31.7,33.0,32.7
20110323,11.81,2383,台光電,3.55,56.96,6.23,32.95,7.9,31.42,1.01,-107.0,,0.0,-184.0,31.03,3.85,1802.0,59.08,40.92,415.0,16553.0,32.95,32.4,33.2,32.6
20110324,1.07,2383,台光電,3.46,56.69,6.11,32.6,6.5,31.42,0.92,-250.0,32.6,0.01,38.0,31.1,4.04,533.0,40.37,59.63,277.0,4689.0,32.6,32.55,33.3,33.2
20110325,7.23,2383,台光電,3.7,55.85,6.62,32.85,7.4,31.42,0.92,0.0,32.83,0.01,-5.0,31.17,4.22,519.0,57.03,42.97,237.0,7609.0,32.85,32.3,33.2,32.95
20110328,9.13,2383,台光電,3.82,55.69,6.86,32.75,6.9,31.45,0.95,80.0,32.77,0.03,60.0,31.21,4.33,290.0,47.94,52.06,217.0,7393.0,32.75,32.75,33.7,33.2
20110329,0.06,2383,台光電,3.48,55.23,6.3,31.85,4.9,31.45,0.95,0.0,32.15,0.05,40.0,31.23,4.48,428.0,30.32,69.68,331.0,5447.0,31.85,31.85,32.75,32.7
20110330,10.75,2383,台光電,3.41,56.35,6.05,32.3,5.7,31.45,0.95,-5.0,32.21,0.05,13.0,31.24,4.44,-107.0,53.74,46.26,305.0,4066.0,32.3,32.25,32.7,32.6
20110331,3.98,2383,台光電,3.59,55.89,6.42,32.3,5.3,31.46,0.95,1.0,32.22,0.06,27.0,31.24,4.44,-4.0,56.91,43.09,177.0,2538.0,32.3,32.1,32.6,32.55
20110401,2.58,2383,台光電,3.48,55.79,6.24,32.4,5.7,31.46,0.95,0.0,32.24,0.07,14.0,31.25,4.47,91.0,48.34,51.66,153.0,1939.0,32.4,32.3,32.6,32.3
20110406,13.23,2383,台光電,3.32,56.16,5.92,33.15,7.5,31.46,0.95,0.0,32.24,0.02,-117.0,31.32,4.63,468.0,60.72,39.28,446.0,6325.0,33.15,32.65,33.5,32.8
20110407,5.71,2383,台光電,3.3,55.9,5.9,33.05,6.6,31.46,0.95,0.0,32.73,0.06,96.0,31.35,4.71,219.0,60.71,39.29,240.0,5847.0,33.05,32.8,33.45,33.15
20110408,16.01,2383,台光電,3.66,56.51,6.48,33.45,7.5,32.13,1.44,1400.0,32.92,0.07,31.0,31.41,4.85,391.0,62.22,37.78,428.0,15196.0,33.45,33.3,34.2,33.3
20110411,1.4,2383,台光電,3.54,56.88,6.22,33.2,5.7,32.13,1.44,0.0,32.96,0.08,40.0,31.41,4.83,-51.0,32.65,67.35,268.0,3205.0,33.2,33.2,33.85,33.7
20110412,0.18,2383,台光電,3.28,56.49,5.8,32.45,5.8,32.13,1.44,0.0,32.81,0.12,100.0,31.41,4.72,-321.0,24.54,75.46,184.0,4460.0,32.45,32.4,33.3,33.2
20110413,5.51,2383,台光電,2.74,56.44,4.85,32.7,5.3,32.13,1.44,0.0,32.78,0.17,151.0,31.43,4.65,-203.0,45.28,54.72,145.0,2938.0,32.7,32.4,32.75,32.4
20110414,0.0,2383,台光電,1.53,55.94,2.73,32.6,5.7,32.13,1.33,-323.0,32.78,0.17,0.0,31.43,4.61,-98.0,48.06,51.94,137.0,2670.0,32.6,32.55,32.85,32.8
20110415,0.0,2383,台光電,0.0,54.4,0.0,32.65,6.6,32.13,1.33,0.0,32.73,0.26,269.0,31.45,4.67,161.0,50.62,49.38,259.0,3945.0,32.65,32.65,33.25,32.8
20110418,0.0,2383,台光電,0.0,53.57,0.0,32.2,4.4,32.13,1.33,3.0,32.6,0.34,225.0,31.45,4.64,-37.0,24.89,75.11,85.0,1608.0,32.2,32.2,32.8,32.7
20110419,0.0,2383,台光電,0.0,52.7,0.0,31.85,4.9,32.13,1.32,-9.0,32.57,0.36,48.0,31.45,4.56,-247.0,38.08,61.92,102.0,2210.0,31.85,31.6,31.95,31.8
20110420,0.0,2383,台光電,0.0,50.62,0.0,32.95,7.9,32.13,1.32,0.0,32.57,0.35,-39.0,31.52,4.67,332.0,62.79,37.21,174.0,4686.0,32.95,31.9,33.05,31.9
20110421,5.63,2383,台光電,1.7,53.1,3.21,32.7,7.9,32.13,1.32,0.0,32.58,0.36,52.0,31.52,4.65,-54.0,50.3,49.7,167.0,6110.0,32.7,32.6,33.5,33.5
20110422,3.11,2383,台光電,2.64,53.1,4.97,30.45,5.1,32.13,1.26,-171.0,32.04,0.46,282.0,31.5,4.72,191.0,20.96,79.04,63.0,13572.0,30.45,30.45,33.2,33.2
20110425,0.0,2383,台光電,2.3,52.89,4.35,29.85,5.5,32.13,1.24,-80.0,31.84,0.39,-198.0,31.46,4.76,103.0,47.44,52.56,253.0,13614.0,29.85,28.6,29.9,29.9
20110426,7.54,2383,台光電,2.53,51.93,4.87,30.3,5.7,32.13,1.22,-55.0,31.64,0.41,53.0,31.43,4.83,204.0,59.01,40.99,161.0,7709.0,30.3,29.8,30.5,29.85
20110427,3.83,2383,台光電,2.44,51.52,4.74,30.2,5.3,32.12,1.2,-61.0,31.45,0.4,-28.0,31.42,4.84,41.0,45.91,54.09,133.0,3997.0,30.2,30.05,30.65,30.5
20110428,0.26,2383,台光電,2.31,50.87,4.54,29.8,4.6,32.12,0.98,-601.0,31.45,0.22,-531.0,31.38,4.95,316.0,36.09,63.91,179.0,4542.0,29.8,29.75,30.5,30.45
20110429,1.42,2383,台光電,2.3,49.97,4.6,29.5,3.6,32.12,0.97,0.0,31.4,0.16,-156.0,31.34,5.0,136.0,42.09,57.91,270.0,3870.0,29.5,29.5,30.05,29.7
20110503,0.5,2383,台光電,2.29,49.51,4.62,29.2,4.0,31.97,1.03,149.0,31.35,0.14,-50.0,31.31,5.07,193.0,30.62,69.38,98.0,2774.0,29.2,29.0,29.85,29.7
20110504,2.13,2383,台光電,2.3,49.72,4.62,29.6,4.8,31.97,1.03,0.0,31.35,0.13,-38.0,31.3,5.08,25.0,49.64,50.36,110.0,2350.0,29.6,29.2,29.6,29.25
20110505,0.73,2383,台光電,2.28,49.51,4.62,29.5,4.4,31.97,1.03,0.0,31.35,0.1,-86.0,31.29,5.08,11.0,49.46,50.54,119.0,2324.0,29.5,29.4,29.7,29.5
20110506,0.0,2383,台光電,2.27,48.4,4.69,29.15,5.8,31.97,1.03,0.0,31.35,0.1,0.0,31.29,5.08,-19.0,38.7,61.3,119.0,2966.0,29.15,29.15,29.45,29.3
20110509,5.54,2383,台光電,2.27,48.26,4.7,29.6,7.5,31.97,1.03,0.0,31.35,0.07,-99.0,31.26,5.13,148.0,54.2,45.8,266.0,3612.0,29.6,29.35,29.95,29.35
20110510,1.97,2383,台光電,2.28,48.16,4.74,29.6,6.0,31.97,1.03,0.0,31.35,0.06,-10.0,31.26,5.07,-173.0,39.15,60.85,112.0,1573.0,29.6,29.5,29.85,29.65
20110511,0.0,2383,台光電,2.28,47.97,4.76,29.4,4.8,31.97,1.03,0.0,31.34,0.06,1.0,31.25,5.09,67.0,30.86,69.14,35.0,1553.0,29.4,29.3,29.8,29.7
20110512,1.06,2383,台光電,2.28,47.81,4.76,29.4,5.2,31.97,1.03,1.0,31.32,0.06,-3.0,31.24,5.08,-14.0,46.82,53.18,73.0,1131.0,29.4,29.2,29.45,29.4
20110513,0.7,2383,台光電,2.29,47.23,4.86,29.6,6.5,31.97,1.03,0.0,31.32,0.06,0.0,31.23,5.12,94.0,47.36,52.64,36.0,1276.0,29.6,29.4,29.7,29.5
20110516,0.0,2383,台光電,2.29,46.94,4.88,29.25,4.9,31.97,1.03,0.0,31.25,0.06,6.0,31.2,5.12,20.0,19.87,80.13,167.0,1195.0,29.25,29.25,29.75,29.6
20110517,0.06,2383,台光電,2.29,46.83,4.89,29.1,5.4,31.97,0.95,-223.0,31.12,0.07,12.0,31.19,5.05,-202.0,34.11,65.89,95.0,1808.0,29.1,29.0,29.3,29.2
20110518,0.07,2383,台光電,2.29,46.65,4.91,29.15,5.3,31.97,0.95,0.0,31.06,0.07,1.0,31.18,5.01,-128.0,55.35,44.65,125.0,1504.0,29.15,28.95,29.2,29.1
20110519,1.06,2383,台光電,2.26,46.46,4.86,28.95,4.4,31.97,0.95,0.0,31.0,0.07,6.0,31.16,5.02,31.0,31.15,68.85,64.0,1410.0,28.95,28.9,29.3,29.2
20110520,0.13,2383,台光電,2.23,45.65,4.88,28.45,5.4,31.97,0.95,0.0,30.77,0.08,20.0,31.14,4.92,-294.0,26.57,73.43,222.0,2360.0,28.45,28.45,29.0,28.95
20110523,0.0,2383,台光電,2.21,45.81,4.82,28.1,4.4,31.97,0.95,0.0,30.59,0.08,15.0,31.12,4.9,-38.0,33.04,66.96,195.0,1585.0,28.1,28.05,28.35,28.25
20110524,0.93,2383,台光電,2.2,45.67,4.83,28.4,6.6,31.97,0.95,0.0,29.17,0.18,268.0,31.11,4.79,-173.0,56.19,43.81,134.0,2033.0,28.4,27.85,28.4,28.0
20110525,9.34,2383,台光電,2.26,45.08,5.02,28.8,7.0,31.22,1.23,799.0,29.05,0.25,210.0,31.08,4.81,47.0,49.08,50.92,97.0,2291.0,28.8,28.2,28.9,28.35
20110526,5.68,2383,台光電,2.28,45.36,5.04,29.05,6.9,31.22,1.23,0.0,29.05,0.25,10.0,31.07,4.77,-112.0,38.26,61.74,83.0,1478.0,29.05,28.9,29.3,29.3
20110527,0.43,2383,台光電,2.28,45.22,5.05,28.95,6.1,31.22,1.23,0.0,29.05,0.25,0.0,31.05,4.8,105.0,35.93,64.07,78.0,1156.0,28.95,28.95,29.2,29.1
20110530,0.0,2383,台光電,2.28,45.07,5.06,28.8,5.7,31.22,1.23,0.0,29.04,0.25,9.0,31.05,4.76,-130.0,33.47,66.53,40.0,1011.0,28.8,28.8,29.15,29.0
20110531,3.1,2383,台光電,2.23,44.93,4.97,29.2,7.9,31.22,1.17,-161.0,29.04,0.25,0.0,30.99,4.82,188.0,56.5,43.5,163.0,2061.0,29.2,28.85,29.35,28.85
20110601,1.26,2383,台光電,2.24,45.22,4.95,29.2,7.0,31.22,0.97,-566.0,29.05,0.26,24.0,30.98,4.85,79.0,40.8,59.2,52.0,1828.0,29.2,29.0,29.5,29.5
20110602,0.0,2383,台光電,2.24,45.12,4.96,28.85,5.4,31.22,0.97,0.0,29.05,0.27,12.0,30.95,4.84,-42.0,36.86,63.14,97.0,2017.0,28.85,28.8,29.0,28.9
20110603,0.34,2383,台光電,2.24,45.12,4.96,29.0,5.6,31.22,0.97,0.0,29.05,0.27,0.0,30.94,4.85,35.0,54.51,45.49,19.0,877.0,29.0,28.9,29.1,29.0
20110607,0.68,2383,台光電,2.24,45.12,4.96,29.2,6.9,31.22,0.97,0.0,29.05,0.27,0.0,30.91,4.87,75.0,60.28,39.72,80.0,1025.0,29.2,29.0,29.2,29.1
20110608,0.44,2383,台光電,2.23,44.27,5.04,29.15,5.3,31.22,0.97,0.0,29.05,0.27,0.0,30.91,4.84,-89.0,32.48,67.52,89.0,1133.0,29.15,28.95,29.3,29.2
20110609,0.0,2383,台光電,2.22,45.24,4.92,28.9,4.5,31.22,0.97,0.0,29.05,0.27,0.0,30.89,4.86,48.0,36.07,63.93,62.0,1082.0,28.9,28.9,29.15,29.1
20110610,0.23,2383,台光電,2.23,45.03,4.94,28.65,5.9,31.22,0.97,0.0,29.03,0.28,25.0,30.88,4.84,-68.0,30.21,69.79,75.0,1316.0,28.65,28.6,29.1,29.0
20110613,0.0,2383,台光電,2.22,44.56,4.97,28.2,5.9,31.22,0.97,0.0,29.03,0.28,0.0,30.88,4.75,-257.0,29.33,70.67,71.0,1831.0,28.2,28.2,28.55,28.5
20110614,2.42,2383,台光電,2.23,44.51,5.01,28.5,5.6,31.22,0.97,0.0,29.03,0.28,0.0,30.83,4.81,182.0,63.27,36.73,18.0,866.0,28.5,28.25,28.6,28.25
20110615,0.0,2383,台光電,2.23,44.4,5.02,28.65,6.1,31.2,0.98,20.0,29.03,0.28,0.0,30.79,4.83,68.0,50.85,49.15,51.0,945.0,28.65,28.35,28.65,28.55
20110616,0.0,2383,台光電,2.23,44.2,5.04,28.15,5.9,31.2,0.98,0.0,29.03,0.28,0.0,30.79,4.75,-238.0,26.52,73.48,70.0,1414.0,28.15,28.1,28.4,28.4
20110617,0.45,2383,台光電,2.19,44.0,4.97,28.25,6.2,31.2,0.98,1.0,29.01,0.28,13.0,30.61,4.81,178.0,52.38,47.62,148.0,2463.0,28.25,27.8,28.35,28.15
20110620,0.0,2383,台光電,2.13,44.04,4.85,27.0,5.4,31.2,0.98,0.0,29.01,0.27,-34.0,30.56,4.52,-842.0,34.43,65.57,171.0,2994.0,27.0,27.0,28.25,28.25
20110621,1.06,2383,台光電,2.11,43.67,4.83,26.8,5.3,31.2,0.98,1.0,28.92,0.25,-63.0,30.49,4.45,-197.0,42.91,57.09,64.0,2273.0,26.8,26.6,27.55,27.1
20110622,1.95,2383,台光電,2.19,43.83,5.0,27.35,5.6,31.2,0.98,0.0,28.92,0.24,-28.0,30.46,4.44,-50.0,54.29,45.71,33.0,1586.0,27.35,27.0,27.6,27.1
20110623,2.01,2383,台光電,2.11,43.83,4.81,27.15,5.6,31.2,0.98,0.0,28.91,0.24,2.0,30.41,4.3,-386.0,37.92,62.08,49.0,1092.0,27.15,27.1,27.5,27.35
20110624,0.0,2383,台光電,2.12,43.96,4.81,27.1,5.2,31.2,0.98,1.0,28.91,0.24,0.0,30.37,4.26,-108.0,49.25,50.75,96.0,801.0,27.1,26.95,27.25,27.2
20110627,0.75,2383,台光電,2.09,43.95,4.76,27.05,5.2,31.2,0.98,0.0,28.91,0.23,-12.0,30.36,4.19,-202.0,53.61,46.39,15.0,666.0,27.05,26.75,27.3,26.8
20110628,0.07,2383,台光電,2.54,44.3,5.74,27.05,6.6,31.2,0.98,0.0,28.91,0.23,-10.0,30.33,4.22,73.0,26.54,73.46,34.0,1465.0,27.05,26.9,27.4,27.2
20110629,1.88,2383,台光電,2.13,44.66,4.76,27.3,7.0,31.19,0.98,3.0,28.91,0.23,-1.0,30.27,4.23,36.0,47.89,52.11,62.0,1971.0,27.3,27.15,27.45,27.2
20110630,0.0,2383,台光電,2.12,44.95,4.72,27.25,6.5,31.19,0.98,0.0,28.91,0.23,0.0,30.24,4.27,95.0,46.18,53.82,44.0,1668.0,27.25,27.2,27.5,27.5
20110701,0.72,2383,台光電,2.12,45.29,4.68,27.5,7.0,31.19,0.98,0.0,28.91,0.23,0.0,30.21,4.32,162.0,42.16,57.84,86.0,2080.0,27.5,27.2,27.55,27.45
20110704,20.62,2383,台光電,2.12,46.05,4.59,27.9,8.3,31.19,0.77,-621.0,28.91,0.17,-169.0,30.16,4.39,211.0,60.33,39.67,133.0,4461.0,27.9,27.4,28.2,27.6
20110705,1.02,2383,台光電,2.11,46.43,4.55,27.55,5.7,31.19,0.69,-217.0,28.68,0.21,99.0,30.15,4.39,-6.0,26.23,73.77,64.0,2656.0,27.55,27.5,27.9,27.9
20110706,1.97,2383,台光電,2.1,46.74,4.5,27.95,6.8,31.19,0.69,0.0,28.58,0.24,100.0,30.13,4.37,-54.0,60.64,39.36,44.0,1880.0,27.95,27.65,28.15,27.7
20110707,1.67,2383,台光電,2.1,46.73,4.5,28.05,6.8,31.19,0.69,0.0,28.52,0.27,84.0,30.13,4.37,-2.0,43.97,56.03,46.0,838.0,28.05,27.75,28.15,28.15
20110708,1.24,2383,台光電,2.1,46.78,4.48,28.0,6.5,31.19,0.69,0.0,28.52,0.27,0.0,30.11,4.39,37.0,43.73,56.27,37.0,1530.0,28.0,27.9,28.35,28.15
20110711,0.0,2383,台光電,2.1,47.29,4.43,27.55,4.8,31.19,0.64,-150.0,28.51,0.27,10.0,30.11,4.38,-27.0,26.22,73.78,46.0,1065.0,27.55,27.5,27.8,27.8
20110712,0.0,2383,台光電,2.1,47.23,4.44,26.8,5.0,31.19,0.61,-100.0,28.39,0.24,-82.0,30.08,4.34,-105.0,32.46,67.54,50.0,2233.0,26.8,26.7,27.4,27.1
20110713,0.15,2383,台光電,1.74,46.09,3.77,26.55,4.4,31.19,0.59,-50.0,28.31,0.25,29.0,30.07,4.23,-308.0,27.04,72.96,64.0,1311.0,26.55,26.5,27.0,26.8
20110714,1.21,2383,台光電,1.7,45.05,3.76,26.35,5.3,31.19,0.59,1.0,28.28,0.21,-123.0,30.06,4.22,-36.0,35.37,64.63,62.0,1490.0,26.35,26.2,26.9,26.9
20110715,5.38,2383,台光電,1.73,45.59,3.8,27.0,7.0,31.19,0.59,1.0,28.24,0.2,-20.0,29.98,4.19,-80.0,58.21,41.79,86.0,1599.0,27.0,26.15,27.1,26.5
20110718,0.38,2383,台光電,1.7,45.46,3.74,26.8,5.6,31.19,0.59,0.0,27.85,0.27,177.0,29.95,4.22,79.0,48.03,51.97,85.0,788.0,26.8,26.75,27.2,27.0
20110719,0.3,2383,台光電,1.7,45.42,3.73,26.9,6.0,31.19,0.59,0.0,27.85,0.26,-26.0,29.93,4.25,77.0,45.59,54.41,48.0,660.0,26.9,26.8,27.0,26.8
20110720,2.49,2383,台光電,1.69,45.42,3.72,27.4,8.2,31.18,0.52,-199.0,27.82,0.23,-84.0,29.89,4.24,-15.0,54.56,45.44,55.0,1604.0,27.4,27.15,27.4,27.2
20110721,0.0,2383,台光電,1.69,45.59,3.7,27.2,6.5,31.18,0.52,0.0,27.82,0.23,0.0,29.88,4.26,56.0,30.46,69.54,60.0,1583.0,27.2,27.05,27.4,27.4
20110722,8.84,2383,台光電,1.68,46.56,3.61,27.55,7.8,31.18,0.52,-1.0,27.82,0.23,0.0,29.85,4.31,149.0,53.5,46.5,145.0,1989.0,27.55,27.25,27.75,27.4
20110725,0.0,2383,台光電,1.65,46.75,3.54,27.35,6.9,31.18,0.52,0.0,27.82,0.23,5.0,29.85,4.32,17.0,46.85,53.15,20.0,1175.0,27.35,27.3,27.65,27.55
20110726,8.43,2383,台光電,1.54,46.47,3.32,27.7,7.8,31.18,0.52,0.0,27.8,0.26,99.0,29.84,4.33,43.0,55.11,44.89,95.0,2716.0,27.7,27.3,27.7,27.3
20110727,0.0,2383,台光電,1.25,46.64,2.67,27.55,7.4,31.18,0.52,-1.0,27.76,0.31,130.0,29.82,4.37,112.0,60.54,39.46,279.0,2376.0,27.55,27.5,27.75,27.7
20110728,0.0,2383,台光電,0.74,46.46,1.59,27.25,5.7,31.18,0.52,0.0,27.76,0.3,-18.0,29.81,4.37,-15.0,33.83,66.17,60.0,1603.0,27.25,27.2,27.55,27.35
20110729,0.0,2383,台光電,0.0,46.12,0.0,27.0,5.4,31.18,0.52,0.0,27.76,0.3,0.0,29.8,4.32,-123.0,31.47,68.53,49.0,1937.0,27.0,27.0,27.45,27.2
20110801,0.0,2383,台光電,0.0,45.92,0.0,27.25,5.7,31.18,0.52,0.0,27.76,0.3,0.0,29.78,4.35,68.0,51.19,48.81,58.0,1606.0,27.25,27.15,27.35,27.2
20110802,0.0,2383,台光電,0.0,45.12,0.0,27.0,5.8,31.18,0.52,0.0,27.76,0.3,0.0,29.77,4.28,-186.0,40.55,59.45,93.0,2074.0,27.0,26.95,27.25,27.2
20110803,0.0,2383,台光電,0.0,43.47,0.0,26.35,5.4,31.18,0.52,1.0,27.55,0.35,150.0,29.77,4.09,-568.0,48.51,51.49,575.0,5124.0,26.35,26.3,26.9,26.8
20110804,2.16,2383,台光電,0.76,44.1,1.72,24.2,5.3,28.74,0.52,2.0,25.2,0.35,0.0,27.34,4.07,-61.0,46.03,53.97,81.0,3663.0,24.2,24.05,24.65,24.3
20110805,0.0,2383,台光電,0.75,41.33,1.82,22.55,5.4,28.72,0.52,4.0,25.2,0.35,-5.0,27.3,3.94,-354.0,19.02,80.98,30.0,5441.0,22.55,22.55,23.0,22.6
20110808,0.21,2383,台光電,0.71,39.92,1.77,21.9,5.8,28.11,0.57,151.0,25.2,0.35,-12.0,27.28,3.83,-321.0,29.71,70.29,175.0,5832.0,21.9,21.0,22.75,22.4
20110809,0.0,2383,台光電,0.69,39.12,1.76,21.35,5.8,28.11,0.57,2.0,25.2,0.17,-530.0,27.24,3.79,-116.0,30.37,69.63,109.0,6517.0,21.35,20.4,21.65,20.4
20110810,3.78,2383,台光電,0.94,39.97,2.34,22.75,6.9,28.1,0.57,1.0,,0.0,-1470.0,27.18,3.74,-137.0,51.4,48.6,184.0,5474.0,22.75,21.9,22.75,21.9
20110811,3.79,2383,台光電,0.94,40.2,2.33,22.65,6.0,28.09,0.57,4.0,,0.0,-10.0,27.14,3.73,-39.0,54.64,45.36,111.0,2850.0,22.65,21.8,22.95,22.0
20110812,19.0,2383,台光電,1.15,40.55,2.83,23.0,7.4,28.09,0.57,0.0,,0.0,-170.0,27.14,3.68,-147.0,43.25,56.75,160.0,6591.0,23.0,22.9,23.85,22.95
20110815,4.94,2383,台光電,1.15,40.81,2.82,23.1,6.4,28.09,0.57,1.0,,0.0,-16.0,27.14,3.66,-62.0,45.1,54.9,130.0,1822.0,23.1,23.0,23.5,23.2
20110816,2.32,2383,台光電,1.19,40.69,2.92,23.05,5.6,28.03,0.58,18.0,23.05,0.02,50.0,27.1,3.67,32.0,32.66,67.34,105.0,1724.0,23.05,23.0,23.5,23.5
20110817,0.0,2383,台光電,1.18,40.05,2.94,22.75,5.7,28.03,0.58,0.0,22.75,0.0,-49.0,27.01,3.73,163.0,36.91,63.09,89.0,1871.0,22.75,22.7,23.1,23.1
20110818,0.05,2383,台光電,1.02,39.79,2.57,22.05,4.8,28.03,0.58,0.0,22.05,0.03,79.0,26.99,3.68,-136.0,20.93,79.07,174.0,1836.0,22.05,22.05,22.75,22.75
20110819,0.0,2383,台光電,1.01,39.16,2.58,20.55,5.4,28.03,0.49,-281.0,22.05,0.02,-34.0,26.84,3.72,120.0,20.24,79.76,33.0,3619.0,20.55,20.55,21.0,21.0
20110822,0.04,2383,台光電,1.03,39.18,2.62,19.85,4.9,28.03,0.49,0.0,20.59,0.02,0.0,26.72,3.78,186.0,37.15,62.85,57.0,2613.0,19.85,19.4,20.7,20.55
20110823,8.77,2383,台光電,1.06,39.84,2.65,21.2,7.1,28.03,0.49,0.0,20.74,0.02,15.0,26.46,3.97,528.0,70.56,29.44,16.0,3945.0,21.2,20.1,21.2,20.15
20110824,9.6,2383,台光電,1.29,39.94,3.24,21.4,6.6,28.03,0.49,0.0,21.4,0.03,35.0,26.39,3.87,-276.0,39.27,60.73,73.0,3363.0,21.4,21.25,21.95,21.6
20110825,0.73,2383,台光電,1.3,40.03,3.25,21.0,4.5,28.03,0.49,0.0,21.4,0.02,-32.0,26.22,3.85,-69.0,40.05,59.95,140.0,1512.0,21.0,21.0,21.8,21.8
20110826,3.36,2383,台光電,1.31,39.86,3.29,21.0,5.3,28.02,0.49,1.0,21.4,0.01,-25.0,26.19,3.87,58.0,31.96,68.04,73.0,1069.0,21.0,20.85,21.4,21.0
20110829,1.53,2383,台光電,1.31,40.15,3.26,21.4,6.6,28.02,0.49,0.0,21.4,0.01,0.0,26.11,3.93,176.0,61.79,38.21,59.0,1173.0,21.4,21.0,21.4,21.05
20110830,4.94,2383,台光電,1.3,40.46,3.22,21.75,7.1,28.02,0.49,0.0,21.63,0.03,54.0,26.1,3.91,-59.0,57.64,42.36,95.0,2367.0,21.75,21.5,22.1,21.6
20110831,20.6,2383,台光電,1.35,40.71,3.32,22.65,7.0,28.02,0.48,0.0,22.08,0.05,64.0,26.04,3.94,69.0,59.93,40.07,190.0,6296.0,22.65,21.65,23.05,21.8
20110901,4.92,2383,台光電,1.35,40.59,3.34,22.7,7.0,28.02,0.48,0.0,22.22,0.05,-20.0,25.83,3.94,-252.0,51.68,48.32,94.0,4210.0,22.7,22.6,23.3,22.9
20110902,2.69,2383,台光電,1.37,40.5,3.39,23.0,6.5,28.02,0.48,0.0,22.22,0.05,0.0,25.83,3.93,-26.0,60.55,39.45,109.0,1895.0,23.0,22.55,23.1,22.7
20110905,1.13,2383,台光電,1.34,41.23,3.26,23.0,6.6,28.02,0.48,-1.0,22.22,0.02,-70.0,25.83,3.91,-65.0,66.68,33.32,143.0,2645.0,23.0,22.3,23.1,22.5
20110906,7.08,2383,台光電,1.37,41.75,3.28,23.0,5.3,28.02,0.48,0.0,,0.0,-78.0,25.82,3.84,-206.0,56.56,43.44,217.0,3330.0,23.0,22.45,23.2,22.7
20110907,11.9,2383,台光電,1.52,41.52,3.66,23.35,6.6,28.02,0.48,1.0,,0.0,0.0,25.81,3.83,-34.0,58.93,41.07,179.0,3966.0,23.35,23.15,23.5,23.3
20110908,11.83,2383,台光電,1.87,39.97,4.67,24.0,6.2,28.02,0.48,0.0,,0.0,-6.0,25.8,3.73,-291.0,53.97,46.03,209.0,7101.0,24.0,23.6,24.55,23.6
20110909,2.67,2383,台光電,1.77,40.35,4.39,24.0,4.8,28.02,0.48,0.0,,0.0,-8.0,25.77,3.79,168.0,50.79,49.21,155.0,2432.0,24.0,23.75,24.15,24.0
20110913,0.0,2383,台光電,1.7,39.9,4.26,23.2,4.4,28.02,0.48,0.0,,0.0,0.0,25.62,4.02,677.0,47.75,52.25,55.0,2218.0,23.2,23.1,23.85,23.8
20110914,7.37,2383,台光電,1.71,37.07,4.62,23.35,5.4,27.77,0.5,81.0,23.35,0.0,14.0,25.43,4.34,949.0,36.79,63.21,88.0,3201.0,23.35,23.0,23.85,23.5
20110915,4.48,2383,台光電,1.77,37.11,4.78,24.05,5.7,27.74,0.5,4.0,,0.0,-29.0,25.32,4.7,1089.0,58.83,41.17,100.0,2990.0,24.05,23.9,24.5,24.2
20110916,18.96,2383,台光電,2.26,36.98,6.11,25.15,7.1,27.74,0.51,1.0,25.15,0.01,35.0,25.31,5.07,1094.0,60.67,39.33,337.0,7431.0,25.15,24.3,25.15,24.5
20110919,0.3,2383,台光電,2.21,37.09,5.97,24.7,6.1,27.74,0.51,0.0,25.15,0.01,-3.0,25.3,5.06,-44.0,44.08,55.92,195.0,3033.0,24.7,24.65,25.15,25.15
20110920,5.87,2383,台光電,2.16,36.58,5.92,24.7,4.9,27.74,0.51,0.0,25.15,0.01,0.0,25.29,5.12,193.0,35.87,64.13,177.0,2365.0,24.7,24.25,24.95,24.8
20110921,15.22,2383,台光電,2.25,36.68,6.13,24.75,7.1,27.74,0.51,0.0,24.75,0.07,167.0,25.27,5.34,643.0,52.29,47.71,91.0,3967.0,24.75,24.5,24.9,24.8
20110922,0.0,2383,台光電,2.18,37.0,5.89,24.1,4.5,27.74,0.51,0.0,24.72,0.05,-62.0,25.25,5.38,105.0,32.65,67.35,93.0,2456.0,24.1,23.9,24.45,24.4
20110923,0.0,2383,台光電,2.11,36.54,5.78,22.9,,27.74,0.51,0.0,24.62,0.03,-45.0,25.2,5.44,181.0,32.54,67.46,220.0,2792.0,22.9,22.75,23.4,23.15
20110926,1.21,2383,台光電,2.18,36.48,5.97,22.2,,27.73,0.51,2.0,23.62,0.01,-58.0,25.16,5.52,234.0,34.65,65.35,123.0,2231.0,22.2,22.2,23.25,22.9
20110927,6.08,2383,台光電,2.23,36.35,6.14,22.65,,27.73,0.51,1.0,23.62,0.01,0.0,25.13,5.57,165.0,46.0,54.0,70.0,1644.0,22.65,22.5,23.1,22.6
20110928,5.73,2383,台光電,2.21,36.44,6.06,23.3,,27.73,0.51,0.0,23.62,0.01,-8.0,25.11,5.64,187.0,56.45,43.55,105.0,1518.0,23.3,22.8,23.3,23.0
20110929,4.71,2383,台光電,2.23,37.13,6.0,23.4,6.3,27.73,0.51,1.0,23.62,0.01,0.0,25.1,5.65,74.0,55.1,44.9,93.0,2123.0,23.4,22.95,23.55,23.0
20110930,0.13,2383,台光電,2.22,37.45,5.93,23.35,5.3,27.73,0.51,0.0,23.62,0.01,0.0,25.09,5.66,30.0,47.23,52.77,98.0,1581.0,23.35,23.0,23.6,23.4
20111003,0.0,2383,台光電,2.21,37.48,5.9,22.9,5.0,27.73,0.51,-1.0,23.51,0.01,5.0,25.06,5.6,-186.0,32.11,67.89,72.0,1202.0,22.9,22.6,23.1,22.6
20111004,5.88,2383,台光電,2.29,37.55,6.1,23.2,7.6,27.73,0.51,0.0,,0.0,-34.0,25.0,5.77,493.0,65.6,34.4,72.0,2634.0,23.2,22.4,23.45,22.4
20111005,5.27,2383,台光電,2.34,37.68,6.2,23.2,5.9,27.73,0.51,0.0,,0.0,0.0,24.99,5.81,127.0,61.1,38.9,103.0,2487.0,23.2,23.05,23.6,23.2
20111006,16.1,2383,台光電,2.72,37.78,7.2,23.65,7.6,27.14,0.59,257.0,,0.0,-10.0,24.97,5.85,125.0,51.93,48.07,113.0,2980.0,23.65,23.35,24.0,23.6
20111007,12.53,2383,台光電,2.72,37.84,7.18,23.5,6.3,26.79,0.65,188.0,,0.0,0.0,24.97,5.83,-72.0,37.79,62.21,166.0,2570.0,23.5,23.5,24.1,23.9
20111011,1.59,2383,台光電,2.71,37.86,7.15,23.55,6.8,26.79,0.65,0.0,,0.0,0.0,24.96,5.79,-106.0,50.91,49.09,131.0,2698.0,23.55,23.45,24.2,24.2
20111012,0.76,2383,台光電,2.67,37.8,7.06,23.25,5.0,26.79,0.65,0.0,,0.0,0.0,24.96,5.82,88.0,37.4,62.6,81.0,918.0,23.25,23.2,23.55,23.55
20111013,4.17,2383,台光電,2.87,37.8,7.59,23.2,4.7,26.79,0.65,0.0,,0.0,0.0,24.93,5.86,115.0,26.65,73.35,114.0,1439.0,23.2,23.2,23.6,23.3
20111014,1.7,2383,台光電,2.96,37.59,7.86,22.9,4.2,26.79,0.65,-5.0,22.9,0.01,23.0,24.91,5.93,210.0,31.37,68.63,88.0,1413.0,22.9,22.9,23.35,23.2
20111017,1.48,2383,台光電,3.02,37.56,8.05,23.2,5.0,26.79,0.65,0.0,22.99,0.01,10.0,24.89,6.0,207.0,45.71,54.29,27.0,879.0,23.2,23.0,23.4,23.15
20111018,8.31,2383,台光電,2.86,37.3,7.66,23.4,6.4,26.79,0.65,0.0,22.99,0.01,0.0,24.85,6.16,453.0,58.87,41.13,52.0,1335.0,23.4,22.85,23.45,22.95
20111019,1.18,2383,台光電,2.85,37.21,7.66,23.15,4.6,26.79,0.65,0.0,22.99,0.01,0.0,24.82,6.05,82.0,44.01,55.99,68.0,1101.0,23.15,23.15,23.6,23.6
20111020,11.18,2383,台光電,2.84,37.16,7.64,23.15,4.6,26.79,0.65,0.0,22.99,0.01,0.0,24.82,6.07,44.0,36.51,63.49,53.0,1072.0,23.15,23.1,23.5,23.15
20111021,0.86,2383,台光電,2.8,36.94,7.58,23.15,5.0,26.79,0.65,0.0,22.99,0.01,0.0,24.81,6.08,32.0,27.31,72.69,68.0,696.0,23.15,23.1,23.3,23.15
20111024,0.83,2383,台光電,2.79,37.28,7.49,23.6,7.2,26.79,0.65,1.0,23.01,0.01,1.0,24.79,6.15,212.0,63.14,36.86,50.0,1814.0,23.6,23.45,23.8,23.45
20111025,0.09,2383,台光電,2.78,37.33,7.45,23.55,6.2,26.79,0.65,0.0,23.01,0.01,0.0,24.78,6.18,104.0,36.5,63.5,85.0,1163.0,23.55,23.45,23.75,23.75
20111026,28.89,2383,台光電,2.74,37.36,7.33,23.7,7.6,26.79,0.65,0.0,23.01,0.01,0.0,24.77,6.22,105.0,100.0,0.0,16.0,2543.0,23.7,23.3,23.9,23.3
20111027,30.82,2383,台光電,2.86,37.74,7.58,24.5,7.6,26.79,0.65,1.0,24.41,0.18,520.0,24.77,6.26,119.0,53.85,46.15,312.0,6534.0,24.5,23.65,24.7,23.75
20111028,0.92,2383,台光電,2.76,37.81,7.31,23.85,5.9,26.79,0.5,-444.0,24.37,0.14,-120.0,24.76,6.27,50.0,34.41,65.59,164.0,3595.0,23.85,23.85,24.8,24.8
20111031,0.81,2383,台光電,2.76,37.37,7.38,23.75,4.6,26.79,0.5,0.0,24.37,0.14,-1.0,24.75,6.32,134.0,46.83,53.17,165.0,1726.0,23.75,23.55,24.1,23.95
20111101,19.69,2383,台光電,2.78,37.6,7.41,24.15,7.0,26.79,0.5,-1.0,24.37,0.14,0.0,24.75,6.36,119.0,74.18,25.82,180.0,2239.0,24.15,23.55,24.15,23.7
20111102,0.0,2383,台光電,2.76,37.34,7.38,23.85,4.9,26.79,0.5,0.0,24.37,0.14,0.0,24.74,6.31,111.0,48.38,51.62,104.0,1771.0,23.85,23.4,24.0,23.95
20111103,13.71,2383,台光電,2.76,36.83,7.48,23.65,5.1,26.79,0.5,0.0,24.37,0.14,0.0,24.73,6.31,-2.0,40.15,59.85,227.0,3136.0,23.65,23.65,24.05,23.9
20111104,7.01,2383,台光電,2.75,36.42,7.56,23.95,6.7,26.79,0.5,0.0,24.29,0.18,100.0,24.72,6.4,286.0,53.53,46.47,98.0,3195.0,23.95,23.9,24.2,24.0
20111107,0.24,2383,台光電,2.74,36.24,7.57,24.05,5.7,26.79,0.5,0.0,24.29,0.18,0.0,24.71,6.48,229.0,46.43,53.57,41.0,1672.0,24.05,24.0,24.35,24.05
20111108,23.66,2383,台光電,2.84,37.57,7.57,24.7,7.5,26.79,0.5,1.0,24.29,0.18,0.0,24.71,6.54,184.0,71.59,28.41,513.0,6962.0,24.7,24.15,24.7,24.2
20111109,21.71,2383,台光電,2.68,37.3,7.17,24.2,6.3,26.79,0.5,0.0,24.29,0.14,-100.0,24.71,6.55,24.0,51.96,48.04,276.0,11224.0,24.2,24.1,24.95,24.4
20111110,0.0,2383,台光電,2.55,35.85,7.11,22.85,3.3,26.79,0.5,0.0,24.02,0.18,100.0,24.7,6.5,-151.0,26.17,73.83,85.0,3624.0,22.85,22.6,23.85,23.65
20111111,4.52,2383,台光電,2.53,35.38,7.14,22.65,3.7,26.79,0.5,0.0,24.02,0.18,0.0,24.68,6.52,54.0,27.46,72.54,173.0,2056.0,22.65,22.45,23.2,23.05
20111114,3.92,2383,台光電,3.01,35.69,8.44,22.95,4.5,26.79,0.5,0.0,24.02,0.18,1.0,24.66,6.6,206.0,45.96,54.04,120.0,1759.0,22.95,22.9,23.3,23.0
20111115,0.11,2383,台光電,2.95,35.66,8.26,22.75,4.5,26.79,0.5,-6.0,24.02,0.16,-56.0,24.66,6.6,-4.0,25.25,74.75,58.0,919.0,22.75,22.65,23.1,22.95
20111116,0.08,2383,台光電,2.86,35.43,8.06,22.25,5.0,26.79,0.5,0.0,24.02,0.16,0.0,24.65,6.57,-103.0,28.1,71.9,75.0,1198.0,22.25,22.2,22.95,22.8
20111117,0.0,2383,台光電,2.65,35.34,7.49,21.9,6.3,26.79,0.5,0.0,23.78,0.18,60.0,24.65,6.55,-50.0,33.35,66.65,84.0,1689.0,21.9,21.8,22.2,22.1
20111118,0.0,2383,台光電,2.62,34.95,7.49,21.4,4.1,26.79,0.5,0.0,23.51,0.2,69.0,24.64,6.55,-14.0,29.19,70.81,41.0,1311.0,21.4,21.35,21.8,21.7
20111121,0.0,2383,台光電,2.51,34.82,7.22,20.3,5.1,26.78,0.5,1.0,23.51,0.2,-5.0,24.61,6.57,64.0,22.09,77.91,92.0,1821.0,20.3,20.3,21.35,21.35
20111122,0.08,2383,台光電,2.42,34.63,6.98,19.8,5.4,26.78,0.5,0.0,22.94,0.08,-366.0,24.56,6.63,197.0,40.88,59.12,95.0,2601.0,19.8,19.55,20.4,20.1
20111123,0.11,2383,台光電,2.28,34.23,6.67,18.95,4.1,26.77,0.5,1.0,22.94,0.06,-50.0,24.52,6.63,8.0,23.42,76.58,120.0,1883.0,18.95,18.9,19.95,19.95
20111124,17.68,2383,台光電,2.02,34.11,5.91,19.1,4.4,26.77,0.5,0.0,21.94,0.08,65.0,24.48,6.67,111.0,54.2,45.8,24.0,1867.0,19.1,18.6,19.3,18.95
20111125,10.1,2383,台光電,1.91,34.15,5.59,18.7,5.1,26.76,0.5,2.0,21.94,0.06,-61.0,24.47,6.65,-49.0,33.48,66.52,71.0,2216.0,18.7,18.5,19.4,19.1
20111128,1.4,2383,台光電,1.91,33.96,5.63,19.25,4.8,26.76,0.5,0.0,21.94,0.06,0.0,24.46,6.67,34.0,65.32,34.68,36.0,644.0,19.25,18.9,19.3,18.9
20111129,7.35,2383,台光電,1.95,33.98,5.73,19.65,5.7,26.76,0.33,-528.0,21.32,0.09,69.0,24.39,6.75,263.0,45.78,54.22,36.0,1469.0,19.65,19.25,19.65,19.5
20111130,0.31,2383,台光電,1.94,33.53,5.78,19.05,4.8,26.76,0.33,0.0,21.16,0.09,20.0,24.33,6.81,167.0,23.26,76.74,69.0,958.0,19.05,19.05,19.75,19.75
20111201,6.8,2383,台光電,1.93,33.33,5.8,20.05,7.1,26.76,0.33,-2.0,21.16,0.09,0.0,24.27,6.9,286.0,66.26,33.74,54.0,1792.0,20.05,19.5,20.1,19.5
20111202,0.17,2383,台光電,1.95,33.24,5.87,19.8,5.3,26.76,0.33,0.0,21.16,0.09,0.0,24.26,6.91,9.0,38.11,61.89,74.0,594.0,19.8,19.7,20.05,20.05
20111205,3.83,2383,台光電,1.99,33.16,5.99,20.1,6.2,26.76,0.33,-1.0,21.11,0.08,-49.0,24.25,6.91,9.0,50.46,49.54,98.0,1097.0,20.1,19.5,20.1,19.8
20111206,2.77,2383,台光電,1.99,33.14,6.0,19.65,5.5,26.76,0.33,0.0,20.95,0.05,-72.0,24.19,6.91,2.0,36.63,63.37,113.0,1662.0,19.65,19.65,20.1,20.1
20111207,0.89,2383,台光電,2.04,33.04,6.18,19.55,4.9,26.75,0.33,1.0,20.95,0.05,0.0,24.14,6.99,257.0,36.09,63.91,36.0,782.0,19.55,19.55,19.8,19.75
20111208,0.0,2383,台光電,1.88,32.9,5.72,18.75,4.7,26.75,0.33,0.0,20.95,0.05,0.0,24.11,7.02,67.0,33.6,66.4,54.0,1390.0,18.75,18.65,19.4,19.4
20111209,0.15,2383,台光電,1.73,32.31,5.35,18.35,5.0,26.75,0.33,0.0,19.64,0.11,161.0,24.07,7.05,92.0,37.25,62.75,78.0,1306.0,18.35,17.95,18.75,18.2
20111212,1.57,2383,台光電,1.99,32.37,6.14,18.4,4.1,26.75,0.33,0.0,19.64,0.1,-5.0,24.05,7.06,55.0,26.95,73.05,38.0,699.0,18.4,18.4,18.85,18.8
20111213,0.0,2383,台光電,1.96,32.25,6.08,18.3,4.1,26.75,0.33,0.0,19.64,0.1,0.0,24.0,7.12,165.0,34.35,65.65,28.0,493.0,18.3,18.0,18.35,18.3
20111214,2.44,2383,台光電,1.97,32.16,6.11,18.6,5.3,26.64,0.33,4.0,19.64,0.1,0.0,24.0,7.12,3.0,62.81,37.19,8.0,410.0,18.6,18.2,18.65,18.2
20111215,0.0,2383,台光電,1.93,31.92,6.05,18.25,4.6,26.64,0.33,-9.0,19.64,0.1,0.0,23.99,7.13,38.0,23.25,76.75,41.0,532.0,18.25,18.2,18.5,18.5
20111216,0.79,2383,台光電,2.11,31.94,6.59,18.25,4.1,26.64,0.33,0.0,19.64,0.1,-1.0,23.98,7.14,42.0,41.22,58.78,18.0,509.0,18.25,18.2,18.45,18.3
20111219,0.0,2383,台光電,2.01,30.95,6.48,17.05,5.1,26.64,0.33,0.0,19.53,0.06,-141.0,23.95,7.12,-79.0,18.53,81.47,60.0,1816.0,17.05,17.05,18.25,18.1
20111220,5.91,2383,台光電,1.99,30.66,6.5,17.3,4.5,26.63,0.33,1.0,18.36,0.12,190.0,23.92,7.15,87.0,43.11,56.89,18.0,727.0,17.3,17.05,17.5,17.05
20111221,4.0,2383,台光電,1.99,30.84,6.46,18.5,6.7,26.63,0.33,0.0,18.36,0.12,-2.0,23.88,7.21,180.0,72.36,27.64,56.0,1226.0,18.5,17.9,18.5,17.9
20111222,0.2,2383,台光電,2.02,30.82,6.55,18.35,5.3,26.63,0.33,0.0,18.36,0.12,0.0,23.86,7.21,6.0,37.9,62.1,27.0,498.0,18.35,18.15,18.5,18.5
20111223,5.93,2383,台光電,2.02,31.11,6.49,18.95,7.1,26.63,0.33,0.0,18.36,0.12,0.0,23.84,7.19,-52.0,57.47,42.53,68.0,1333.0,18.95,18.5,19.1,18.5
20111226,1.08,2383,台光電,2.07,31.1,6.67,18.8,6.1,26.63,0.33,0.0,18.36,0.12,0.0,23.83,7.2,41.0,38.49,61.51,74.0,557.0,18.8,18.7,19.0,18.95
20111227,1.28,2383,台光電,2.08,31.05,6.69,18.7,4.9,26.62,0.33,1.0,18.36,0.12,0.0,23.81,7.23,61.0,29.7,70.3,26.0,547.0,18.7,18.65,19.0,19.0
20111228,2.81,2383,台光電,2.08,30.97,6.7,18.5,4.1,26.62,0.33,-1.0,18.36,0.12,0.0,23.79,7.26,94.0,33.33,66.67,26.0,391.0,18.5,18.5,18.8,18.5
20111229,14.54,2383,台光電,2.07,30.93,6.71,18.75,6.6,26.62,0.33,0.0,18.36,0.12,0.0,23.77,7.27,37.0,52.98,47.02,16.0,454.0,18.75,18.4,18.85,18.5
20111230,2.24,2383,台光電,2.07,30.9,6.71,18.7,5.3,26.62,0.33,0.0,18.36,0.12,0.0,23.76,7.27,5.0,39.78,60.22,20.0,445.0,18.7,18.7,18.95,18.9
20120102,0.0,2383,台光電,2.07,30.83,6.73,18.5,4.1,26.62,0.33,0.0,18.36,0.12,0.0,23.76,7.25,-49.0,19.46,80.54,21.0,336.0,18.5,18.5,18.9,18.9
20120103,3.4,2383,台光電,2.07,30.96,6.7,18.7,5.9,26.62,0.33,-1.0,18.36,0.12,0.0,23.72,7.3,127.0,51.01,48.99,14.0,793.0,18.7,18.5,18.8,18.6
20120104,1.39,2383,台光電,2.07,31.11,6.67,18.85,5.8,26.62,0.33,0.0,18.36,0.12,0.0,23.71,7.3,-3.0,42.84,57.16,31.0,792.0,18.85,18.8,18.95,18.9
20120105,5.26,2383,台光電,2.05,30.99,6.61,19.5,7.5,26.62,0.33,0.0,18.36,0.12,2.0,23.69,7.3,50.0,49.63,50.37,156.0,1767.0,19.5,18.85,19.5,18.85
20120106,22.72,2383,台光電,2.6,31.38,8.3,19.9,7.9,25.4,0.4,220.0,18.36,0.12,0.0,23.69,7.21,-273.0,46.9,53.1,172.0,5969.0,19.9,19.5,20.2,19.5
20120109,0.56,2383,台光電,2.32,31.45,7.39,19.5,5.7,25.4,0.4,0.0,18.36,0.12,0.0,23.66,7.25,108.0,32.66,67.34,111.0,1248.0,19.5,19.5,19.9,19.9
20120110,3.11,2383,台光電,2.17,31.54,6.89,19.5,5.8,25.4,0.4,-1.0,18.36,0.12,0.0,23.63,7.3,-67.0,32.83,67.17,68.0,1541.0,19.5,19.5,19.8,19.8
20120111,1.5,2383,台光電,2.17,31.65,6.86,19.6,5.7,25.17,0.42,50.0,18.36,0.12,0.0,23.62,7.31,29.0,45.54,54.46,141.0,999.0,19.6,19.55,19.75,19.65
20120112,0.18,2383,台光電,1.71,31.6,5.41,19.5,5.0,25.17,0.42,-1.0,18.36,0.12,0.0,23.6,7.33,64.0,29.69,70.31,105.0,1110.0,19.5,19.4,19.7,19.7
20120113,0.0,2383,台光電,1.33,31.4,4.24,19.1,4.5,25.17,0.42,-2.0,18.36,0.12,0.0,23.58,7.36,80.0,16.79,83.21,67.0,1238.0,19.1,19.1,19.6,19.6
20120116,1.27,2383,台光電,1.33,31.33,4.25,19.5,5.3,24.57,0.47,150.0,18.36,0.12,0.0,23.57,7.34,-59.0,45.12,54.88,153.0,947.0,19.5,19.15,19.6,19.5
20120117,17.79,2383,台光電,1.53,31.88,4.78,20.05,7.1,24.57,0.47,-1.0,18.36,0.12,0.0,23.54,7.4,192.0,55.8,44.2,109.0,3057.0,20.05,19.5,20.1,19.5
20120118,8.5,2383,台光電,1.55,31.27,4.95,21.0,7.1,24.57,0.47,-1.0,18.36,0.12,0.0,23.53,7.35,-164.0,55.7,44.3,169.0,5577.0,21.0,20.4,21.25,20.5
20120130,10.99,2383,台光電,2.0,31.6,6.32,21.5,6.6,24.57,0.47,-1.0,18.36,0.12,0.0,23.52,7.32,-65.0,48.98,51.02,331.0,4515.0,21.5,21.25,21.7,21.6
20120131,5.75,2383,台光電,2.13,31.82,6.7,22.0,6.7,23.68,0.72,744.0,18.36,0.12,0.0,23.5,7.36,117.0,47.82,52.18,72.0,4625.0,22.0,21.35,22.45,21.5
20120201,3.05,2383,台光電,2.13,31.83,6.69,22.5,6.1,23.53,0.82,301.0,18.38,0.11,-46.0,23.5,7.37,5.0,43.25,56.75,63.0,2528.0,22.5,22.1,22.65,22.3
20120202,2.9,2383,台光電,2.27,32.26,7.03,22.9,6.2,23.53,0.82,0.0,18.5,0.1,-20.0,23.48,7.53,499.0,45.89,54.11,58.0,3556.0,22.9,22.55,23.3,22.7
20120203,3.9,2383,台光電,2.26,32.38,6.97,22.95,5.3,23.47,0.88,176.0,18.52,0.09,-28.0,23.48,7.53,5.0,51.06,48.94,52.0,2951.0,22.95,22.8,23.5,23.2
20120204,11.28,2383,台光電,2.58,32.43,7.95,23.35,7.1,23.45,0.99,336.0,18.57,0.08,-14.0,23.48,7.53,-14.0,57.23,42.77,93.0,4928.0,23.35,23.1,23.9,23.4
20120206,5.99,2383,台光電,2.67,33.17,8.06,23.5,6.6,23.46,1.23,722.0,18.62,0.08,-18.0,23.48,7.54,26.0,48.31,51.69,263.0,3592.0,23.5,23.0,23.55,23.35
20120207,11.73,2383,台光電,3.42,38.18,8.96,25.1,7.5,23.46,1.23,0.0,18.8,0.07,-20.0,23.5,7.57,85.0,90.81,9.19,21.0,18367.0,25.1,24.5,25.1,25.1
20120208,10.69,2383,台光電,3.51,36.26,9.69,25.45,6.6,23.59,1.32,260.0,19.86,0.08,34.0,23.54,7.6,111.0,54.96,45.04,325.0,12345.0,25.45,25.0,25.6,25.45
20120209,9.36,2383,台光電,3.59,36.9,9.72,26.2,6.1,23.75,1.4,251.0,26.2,0.09,8.0,23.55,7.62,54.0,60.02,39.98,156.0,8543.0,26.2,25.2,26.45,25.4
20120210,4.19,2383,台光電,3.63,36.07,10.07,26.0,5.3,23.99,1.57,500.0,26.2,0.08,-22.0,23.56,7.63,29.0,46.11,53.89,284.0,5250.0,26.0,25.8,26.7,26.2
20120213,1.66,2383,台光電,3.91,36.0,10.85,25.9,5.3,24.02,1.6,90.0,26.05,0.15,221.0,23.58,7.66,83.0,47.94,52.06,191.0,4207.0,25.9,25.45,26.2,26.0
20120214,6.45,2383,台光電,4.05,35.77,11.31,25.9,5.4,24.24,1.81,626.0,26.05,0.15,-6.0,23.6,7.69,100.0,43.24,56.76,209.0,4248.0,25.9,25.8,26.5,26.0
20120215,3.19,2383,台光電,3.77,36.26,10.41,26.2,6.1,24.24,1.76,-151.0,26.06,0.16,40.0,23.63,7.75,182.0,54.48,45.52,179.0,3352.0,26.2,26.05,26.45,26.2
20120216,0.24,2383,台光電,3.54,35.41,10.0,24.95,5.5,24.24,1.54,-648.0,25.69,0.16,-1.0,23.65,7.85,296.0,27.12,72.88,274.0,4647.0,24.95,24.7,26.4,26.05
20120217,6.89,2383,台光電,3.52,34.48,10.2,24.8,4.5,24.24,1.54,1.0,25.62,0.15,-41.0,23.67,7.99,401.0,36.88,63.12,153.0,3903.0,24.8,24.75,25.7,25.45
20120220,2.81,2383,台光電,3.53,34.73,10.17,25.35,5.3,24.24,1.54,-1.0,25.62,0.13,-63.0,23.7,8.09,315.0,56.52,43.48,51.0,1853.0,25.35,24.95,25.5,25.1
20120221,2.59,2383,台光電,3.61,34.4,10.49,25.45,5.3,24.29,1.61,200.0,25.6,0.14,44.0,23.7,8.11,51.0,52.41,47.59,21.0,1581.0,25.45,25.1,25.8,25.5
20120222,5.68,2383,台光電,3.59,34.42,10.42,25.5,5.8,24.29,1.61,0.0,25.59,0.16,44.0,23.71,8.14,125.0,46.0,54.0,110.0,2359.0,25.5,25.35,25.8,25.5
20120223,3.5,2383,台光電,3.53,34.61,10.2,25.6,6.1,24.29,1.61,0.0,25.59,0.16,-4.0,23.72,8.14,-8.0,51.64,48.36,50.0,1885.0,25.6,25.2,25.8,25.2
20120224,0.13,2383,台光電,3.5,35.01,10.01,25.2,6.3,24.29,1.61,-1.0,25.55,0.14,-64.0,23.73,8.02,-353.0,35.25,64.75,72.0,2388.0,25.2,24.95,25.7,25.65
20120229,0.23,2383,台光電,3.53,34.78,10.14,25.2,5.3,24.29,1.61,0.0,25.54,0.14,4.0,23.74,8.09,212.0,27.56,72.44,96.0,1304.0,25.2,25.1,25.55,25.5
20120301,10.45,2383,台光電,3.49,34.38,10.15,25.9,7.5,24.37,1.69,250.0,25.54,0.14,-4.0,23.76,8.14,132.0,60.23,39.77,124.0,5445.0,25.9,25.2,26.15,25.2
20120302,1.64,2383,台光電,3.54,34.56,10.25,25.95,7.0,24.37,1.69,-1.0,25.54,0.09,-124.0,23.76,8.09,-133.0,52.67,47.33,48.0,3283.0,25.95,25.75,26.2,26.2
20120303,0.0,2383,台光電,3.53,34.12,10.35,25.65,5.3,24.39,1.72,100.0,25.54,0.09,0.0,23.76,8.09,-20.0,28.36,71.64,81.0,1918.0,25.65,25.6,26.0,25.7
20120305,0.1,2383,台光電,3.46,34.38,10.06,25.2,4.0,24.39,1.65,-228.0,25.54,0.09,-3.0,23.76,8.08,-26.0,20.28,79.72,79.0,1907.0,25.2,25.1,25.9,25.65
20120306,0.03,2383,台光電,3.41,34.66,9.85,24.6,5.5,24.39,1.65,0.0,25.11,0.17,232.0,23.77,7.97,-324.0,34.18,65.82,48.0,3194.0,24.6,24.2,25.4,25.3
20120307,1.39,2383,台光電,3.22,34.82,9.25,24.55,4.0,24.4,1.71,199.0,25.04,0.19,73.0,23.77,8.0,89.0,48.98,51.02,42.0,1725.0,24.55,24.05,24.8,24.1
20120308,1.58,2383,台光電,3.27,34.62,9.43,24.8,5.7,24.4,1.71,-2.0,25.04,0.19,-1.0,23.77,7.93,-200.0,43.81,56.19,68.0,1958.0,24.8,24.5,24.85,24.7
20120309,12.46,2383,台光電,3.32,34.79,9.54,25.2,6.6,24.4,1.71,0.0,25.04,0.17,-80.0,23.78,7.96,97.0,70.07,29.93,1.0,2552.0,25.2,24.8,25.4,24.9
20120312,12.04,2383,台光電,3.3,33.92,9.74,25.7,7.5,24.57,1.97,787.0,25.37,0.14,-75.0,23.79,7.93,-115.0,57.14,42.86,121.0,9198.0,25.7,25.3,26.6,25.35
20120313,3.41,2383,台光電,3.32,34.08,9.74,25.7,6.1,24.57,1.94,-100.0,25.38,0.07,-210.0,23.81,7.88,-126.0,48.66,51.34,120.0,2667.0,25.7,25.5,26.05,26.0
20120314,1.47,2383,台光電,3.32,33.15,10.01,25.7,6.6,24.8,2.38,1328.0,25.49,0.11,102.0,23.82,7.92,113.0,47.97,52.03,74.0,3192.0,25.7,25.65,26.4,25.95
20120315,11.5,2383,台光電,3.34,33.55,9.97,26.25,7.5,24.96,2.68,892.0,25.49,0.08,-82.0,23.83,7.97,155.0,59.38,40.62,169.0,7572.0,26.25,26.0,26.6,26.0
20120316,4.77,2383,台光電,3.37,32.98,10.22,26.3,6.1,24.96,2.68,0.0,25.49,0.07,-38.0,23.87,8.06,267.0,42.16,57.84,153.0,4461.0,26.3,26.3,26.8,26.45
20120319,0.52,2383,台光電,3.36,32.94,10.2,25.9,5.7,24.96,2.68,0.0,25.6,0.09,75.0,23.88,8.06,-2.0,29.42,70.58,75.0,2102.0,25.9,25.75,26.4,26.25
20120320,5.57,2383,台光電,3.37,33.05,10.2,26.0,6.2,24.96,2.68,-1.0,25.6,0.07,-76.0,23.89,8.08,64.0,51.87,48.13,71.0,2171.0,26.0,25.85,26.4,26.4
20120321,0.0,2383,台光電,3.3,32.9,10.04,25.6,4.5,24.96,2.68,0.0,25.6,0.03,-97.0,23.9,8.08,-11.0,35.51,64.49,115.0,1982.0,25.6,25.4,26.15,26.0
20120322,2.21,2383,台光電,3.28,32.99,9.94,25.9,5.3,24.96,2.68,0.0,25.6,0.03,0.0,23.91,8.13,145.0,40.74,59.26,47.0,1492.0,25.9,25.6,25.95,25.6
20120323,1.94,2383,台光電,3.26,33.21,9.83,25.85,4.9,24.96,2.68,0.0,25.6,0.03,-23.0,23.92,8.18,158.0,52.36,47.64,76.0,1339.0,25.85,25.7,26.05,25.8
20120326,0.35,2383,台光電,3.29,32.93,10.0,25.55,5.0,24.96,2.68,0.0,25.57,0.05,66.0,23.93,8.15,-99.0,30.2,69.8,270.0,1424.0,25.55,25.55,25.9,25.9
20120327,1.1,2383,台光電,3.21,32.68,9.81,25.4,5.5,24.96,2.68,0.0,25.55,0.05,20.0,23.94,8.15,18.0,39.54,60.46,122.0,1908.0,25.4,25.4,25.85,25.6
20120328,25.1,2383,台光電,3.28,35.77,9.16,27.0,7.5,24.97,2.7,50.0,25.68,0.06,4.0,23.96,8.18,77.0,73.31,26.69,1566.0,12140.0,27.0,25.6,27.0,25.6
20120329,6.8,2383,台光電,3.14,35.46,8.86,26.2,6.3,24.97,2.7,0.0,25.88,0.08,80.0,23.98,8.04,-425.0,49.86,50.14,226.0,15777.0,26.2,25.6,27.35,27.0
20120330,19.13,2383,台光電,3.02,36.52,8.26,27.35,6.6,25.33,3.17,1423.0,25.88,0.05,-107.0,24.01,7.99,-155.0,56.69,43.31,539.0,14472.0,27.35,26.2,27.5,26.2
20120402,4.35,2383,台光電,2.7,37.48,7.21,26.9,5.7,25.36,3.24,200.0,26.24,0.07,69.0,24.01,7.88,-301.0,51.06,48.94,218.0,8352.0,26.9,26.9,27.8,27.35
20120403,0.63,2383,台光電,1.4,33.88,4.13,25.2,3.8,25.36,3.24,0.0,25.93,0.08,40.0,24.04,7.96,213.0,24.04,75.96,167.0,9035.0,25.2,25.1,27.3,27.0
20120405,0.0,2383,台光電,1.01,32.38,3.13,24.5,3.7,25.34,3.08,-486.0,25.93,0.08,-8.0,24.05,8.08,381.0,35.59,64.41,74.0,5882.0,24.5,23.45,24.7,24.1
20120406,0.0,2383,台光電,0.0,31.76,0.0,25.3,4.9,25.34,3.21,400.0,25.93,0.08,-13.0,24.07,8.2,339.0,56.88,43.12,97.0,4768.0,25.3,24.5,25.6,24.5
20120409,0.0,2383,台光電,0.0,30.76,0.0,24.85,3.7,25.34,3.21,-1.0,25.93,0.04,-108.0,24.07,8.27,209.0,37.68,62.32,72.0,2112.0,24.85,24.4,25.05,24.4
20120410,0.0,2383,台光電,0.0,29.95,0.0,25.1,4.9,25.34,3.13,-250.0,25.93,0.04,0.0,24.08,8.27,1.0,43.19,56.81,54.0,2115.0,25.1,24.95,25.55,25.4
20120411,0.0,2383,台光電,0.0,29.11,0.0,25.95,6.2,25.34,3.13,0.0,25.93,0.04,0.0,24.08,8.26,-7.0,58.6,41.4,156.0,2661.0,25.95,24.7,25.95,24.8
20120412,0.0,2383,台光電,0.52,30.43,1.69,25.8,5.9,25.37,3.34,627.0,25.93,0.04,0.0,24.1,8.18,-265.0,56.14,43.86,238.0,4745.0,25.8,25.55,25.95,25.85
20120413,25.75,2383,台光電,2.06,32.86,6.26,27.3,6.7,25.37,3.34,0.0,26.33,0.06,50.0,24.14,7.91,-810.0,70.81,29.19,447.0,15810.0,27.3,25.9,27.5,25.9
20120416,0.0,2383,台光電,1.69,35.05,4.83,26.15,4.9,25.37,3.34,1.0,26.23,0.12,200.0,24.15,7.75,-461.0,26.41,73.59,166.0,7510.0,26.15,26.1,26.8,26.75
20120417,1.55,2383,台光電,1.56,33.94,4.6,25.3,3.6,25.37,3.34,0.0,25.96,0.17,150.0,24.19,7.89,426.0,29.03,70.97,209.0,4972.0,25.3,25.2,26.45,26.45
20120418,5.93,2383,台光電,1.67,33.93,4.93,25.35,3.2,25.37,3.34,0.0,25.96,0.17,-2.0,24.2,7.96,200.0,40.25,59.75,181.0,2984.0,25.35,25.3,26.1,26.0
20120419,9.84,2383,台光電,1.76,33.78,5.2,25.55,3.6,25.37,3.35,38.0,25.93,0.19,48.0,24.24,8.16,586.0,46.04,53.96,157.0,2205.0,25.55,25.1,25.75,25.7
20120420,2.23,2383,台光電,1.73,33.52,5.16,25.2,4.2,25.37,3.35,0.0,25.93,0.19,0.0,24.27,8.32,487.0,27.24,72.76,182.0,2642.0,25.2,25.2,25.75,25.6
20120423,1.19,2383,台光電,1.7,33.4,5.08,24.7,3.7,25.37,3.35,0.0,25.83,0.21,50.0,24.27,8.41,279.0,27.51,72.49,95.0,2266.0,24.7,24.65,25.4,25.2
20120424,10.03,2383,台光電,1.93,33.18,5.82,25.1,4.5,25.37,3.42,201.0,25.83,0.21,0.0,24.29,8.61,584.0,62.88,37.12,198.0,1974.0,25.1,24.6,25.2,25.0
20120425,4.95,2383,台光電,1.92,33.43,5.73,25.75,6.7,25.37,3.44,84.0,25.82,0.23,70.0,24.32,8.73,357.0,65.58,34.42,230.0,2305.0,25.75,25.3,25.75,25.35
20120426,4.06,2383,台光電,2.02,33.39,6.06,25.45,4.9,25.37,3.39,-162.0,25.75,0.27,130.0,24.33,8.78,153.0,42.52,57.48,68.0,2094.0,25.45,25.4,25.95,25.9
20120427,24.26,2383,台光電,2.32,34.46,6.73,26.25,6.7,25.37,3.39,0.0,25.8,0.26,-25.0,24.4,9.03,769.0,60.13,39.87,333.0,9534.0,26.25,25.5,26.8,25.8
20120430,9.26,2383,台光電,2.5,32.94,7.58,26.55,6.2,25.37,3.39,0.0,25.83,0.24,-74.0,24.4,8.97,-184.0,51.89,48.11,203.0,6185.0,26.55,26.1,26.8,26.75
20120502,14.07,2383,台光電,2.99,34.88,8.59,27.95,7.1,25.47,3.52,397.0,26.68,0.29,158.0,24.62,9.45,1430.0,55.57,44.43,324.0,15492.0,27.95,26.7,28.25,26.7
20120503,3.55,2383,台光電,3.09,35.15,8.79,28.05,6.1,25.47,3.52,0.0,26.77,0.31,52.0,24.67,9.54,279.0,48.47,51.53,282.0,6168.0,28.05,27.7,28.2,28.0
20120504,16.11,2383,台光電,3.58,35.24,10.15,28.7,6.7,25.48,3.54,60.0,27.32,0.36,147.0,24.71,9.58,179.0,61.97,38.03,290.0,11604.0,28.7,27.8,29.1,28.0
20120507,0.0,2383,台光電,3.4,35.0,9.72,28.1,5.3,25.49,3.55,40.0,27.59,0.37,31.0,24.73,9.63,132.0,38.78,61.22,218.0,5344.0,28.1,27.9,28.35,28.3
20120508,4.6,2383,台光電,3.46,35.06,9.86,28.1,4.9,25.51,3.58,75.0,27.65,0.31,-161.0,24.77,9.71,242.0,41.92,58.08,149.0,3718.0,28.1,28.05,28.65,28.5
20120509,4.3,2383,台光電,3.11,34.4,9.05,28.15,5.7,25.51,3.58,0.0,27.68,0.32,12.0,24.87,9.98,804.0,57.66,42.34,170.0,3515.0,28.15,27.5,28.15,27.7
20120510,0.81,2383,台光電,3.04,33.54,9.05,27.9,4.6,25.51,3.58,0.0,27.73,0.33,47.0,24.97,10.28,910.0,44.85,55.15,164.0,4666.0,27.9,27.6,28.4,28.15
20120511,0.05,2383,台光電,2.98,33.57,8.89,27.1,3.7,25.51,3.48,-300.0,27.61,0.29,-145.0,24.97,10.29,35.0,30.85,69.15,266.0,3962.0,27.1,27.1,28.0,27.9
20120514,0.25,2383,台光電,2.83,33.62,8.42,26.75,4.7,25.51,3.17,-924.0,27.41,0.34,155.0,25.0,10.45,459.0,43.47,56.53,109.0,3983.0,26.75,26.5,27.3,27.1
20120515,9.33,2383,台光電,2.83,33.23,8.53,27.6,4.9,25.51,3.17,2.0,27.45,0.39,151.0,25.03,10.55,318.0,67.54,32.46,135.0,3277.0,27.6,26.2,27.6,26.4
20120516,0.0,2383,台光電,2.8,33.02,8.49,26.9,4.6,25.51,3.17,0.0,27.41,0.41,67.0,25.05,10.56,27.0,30.83,69.17,145.0,3435.0,26.9,26.65,27.5,27.4
20120517,6.43,2383,台光電,2.8,33.35,8.39,27.1,4.5,25.51,2.8,-1107.0,27.38,0.45,127.0,25.07,10.66,313.0,52.62,47.38,160.0,3096.0,27.1,26.6,27.25,26.6
20120518,0.0,2383,台光電,2.64,32.7,8.08,25.7,4.2,25.52,2.32,-1453.0,26.99,0.59,403.0,25.08,10.66,-7.0,36.17,63.83,244.0,5313.0,25.7,25.6,26.6,26.5
20120521,6.85,2383,台光電,2.66,32.47,8.19,25.9,3.2,25.52,2.28,-113.0,26.92,0.62,97.0,25.08,10.71,125.0,57.84,42.16,110.0,2145.0,25.9,25.8,26.3,25.8
20120522,21.02,2383,台光電,2.66,32.91,8.09,26.7,4.9,25.52,2.17,-317.0,26.9,0.62,3.0,25.09,10.74,108.0,56.65,43.35,104.0,3462.0,26.7,26.25,26.85,26.4
20120523,0.0,2383,台光電,2.63,32.52,8.09,26.15,3.2,25.52,2.17,0.0,26.89,0.63,36.0,25.09,10.8,171.0,36.16,63.84,97.0,1758.0,26.15,26.0,26.45,26.45
20120524,0.36,2383,台光電,2.51,31.97,7.86,25.45,3.8,25.52,2.05,-367.0,26.86,0.64,18.0,25.1,10.81,253.0,29.01,70.99,141.0,3346.0,25.45,25.3,26.35,26.2
20120525,4.63,2383,台光電,2.5,31.74,7.87,25.6,3.7,25.52,2.05,-6.0,26.78,0.68,124.0,25.11,10.96,227.0,48.46,51.54,85.0,1986.0,25.6,25.45,25.75,25.5
20120528,8.22,2383,台光電,2.58,32.21,8.0,26.15,4.9,25.52,2.05,0.0,26.77,0.68,-3.0,25.11,10.98,46.0,54.54,45.46,76.0,1909.0,26.15,25.6,26.15,26.0
20120529,7.8,2383,台光電,2.47,32.21,7.68,27.3,6.7,25.52,1.99,-170.0,26.85,0.73,141.0,25.13,11.04,205.0,62.2,37.8,121.0,5049.0,27.3,26.3,27.4,26.3
20120530,15.69,2383,台光電,2.72,32.25,8.45,27.55,6.7,25.52,1.99,0.0,26.88,0.7,-71.0,25.15,11.11,185.0,50.88,49.12,164.0,5952.0,27.55,27.2,27.9,27.5
20120531,9.13,2383,台光電,2.78,32.44,8.56,27.9,6.2,25.52,1.99,0.0,26.92,0.64,-196.0,25.22,11.34,710.0,56.0,44.0,230.0,3798.0,27.9,26.9,27.9,27.05
20120601,0.0,2383,台光電,2.62,32.45,8.09,26.7,4.1,25.52,1.99,0.0,26.91,0.67,111.0,25.23,11.28,-196.0,36.05,63.95,67.0,3423.0,26.7,26.5,27.6,27.55
20120604,0.0,2383,台光電,2.42,31.7,7.64,25.35,3.8,25.52,1.99,1.0,26.83,0.71,106.0,25.23,11.3,66.0,24.32,75.68,77.0,4193.0,25.35,24.95,25.7,25.65
20120605,1.55,2383,台光電,2.51,31.77,7.9,26.25,4.1,25.52,1.99,1.0,26.83,0.67,-114.0,25.24,11.38,241.0,54.29,45.71,66.0,2520.0,26.25,25.9,26.45,25.95
20120606,1.82,2383,台光電,2.5,30.98,8.06,26.35,4.6,25.52,1.97,-60.0,26.82,0.68,21.0,25.25,11.42,132.0,47.25,52.75,142.0,2528.0,26.35,26.3,26.7,26.5
20120607,2.33,2383,台光電,2.49,31.73,7.85,26.6,5.9,25.52,1.79,-545.0,26.82,0.67,-35.0,25.28,11.64,654.0,39.93,60.07,134.0,3223.0,26.6,26.6,27.2,26.8
20120608,1.89,2383,台光電,2.52,31.46,8.03,26.5,4.5,25.52,1.79,0.0,26.81,0.67,5.0,25.28,11.61,-81.0,34.85,65.15,94.0,1323.0,26.5,26.45,26.85,26.8
20120611,3.58,2383,台光電,2.81,31.72,8.87,27.3,6.7,25.52,1.79,0.0,26.83,0.68,28.0,25.34,11.97,1061.0,61.19,38.81,201.0,4130.0,27.3,26.85,27.3,27.0
20120612,11.29,2383,台光電,3.3,31.62,10.42,27.6,6.7,25.52,1.79,0.0,26.84,0.63,-153.0,25.38,12.12,466.0,64.87,35.13,152.0,5733.0,27.6,27.0,27.7,27.0
20120613,1.69,2383,台光電,3.15,31.81,9.91,27.4,4.9,25.52,1.78,-46.0,26.86,0.65,64.0,25.38,12.1,-66.0,40.67,59.33,130.0,2538.0,27.4,27.1,27.8,27.7
20120614,1.75,2383,台光電,3.14,31.34,10.02,27.15,4.9,25.52,1.77,-9.0,26.87,0.65,0.0,25.4,12.21,334.0,43.44,56.56,128.0,2224.0,27.15,27.1,27.55,27.4
20120615,1.81,2383,台光電,3.21,30.62,10.49,28.4,7.1,25.52,1.77,0.0,26.95,0.61,-108.0,25.62,12.98,2099.0,69.33,30.67,1648.0,4693.0,28.4,27.2,28.4,27.25
20120618,0.36,2383,台光電,3.27,31.01,10.55,28.1,6.7,25.58,1.8,89.0,27.01,0.62,12.0,25.62,12.98,-3.0,38.83,61.17,169.0,5215.0,28.1,27.9,28.6,28.6
20120619,0.0,2383,台光電,3.26,30.9,10.54,27.75,4.5,25.58,1.8,0.0,27.02,0.63,28.0,25.64,13.09,322.0,38.01,61.99,128.0,1743.0,27.75,27.75,28.05,28.05
20120620,3.61,2383,台光電,3.18,31.11,10.23,27.8,4.9,25.58,1.8,0.0,27.02,0.62,-23.0,25.64,13.1,29.0,37.73,62.27,132.0,1576.0,27.8,27.8,28.15,28.0
20120621,6.96,2383,台光電,3.18,31.13,10.21,28.0,5.8,25.58,1.8,0.0,27.07,0.64,53.0,25.65,13.15,153.0,59.71,40.29,143.0,2197.0,28.0,27.85,28.3,28.05
20120622,0.0,2383,台光電,3.14,31.41,9.99,27.65,4.6,25.58,1.8,0.0,27.1,0.66,72.0,25.66,13.22,230.0,33.6,66.4,95.0,2490.0,27.65,27.4,27.75,27.6
20120625,1.13,2383,台光電,3.06,31.05,9.84,27.5,4.1,25.58,1.8,0.0,27.1,0.66,-6.0,25.68,13.33,310.0,41.52,58.48,79.0,1239.0,27.5,27.3,27.75,27.3
20120626,0.0,2383,台光電,2.95,30.97,9.52,27.3,4.6,25.58,1.8,-3.0,27.1,0.62,-105.0,25.69,13.42,264.0,25.7,74.3,92.0,1461.0,27.3,27.2,27.5,27.3
20120627,18.57,2383,台光電,2.99,31.07,9.62,27.4,4.5,25.58,1.8,0.0,27.1,0.62,-15.0,25.69,13.45,95.0,54.24,45.76,71.0,1314.0,27.4,27.4,27.8,27.4
20120628,0.84,2383,台光電,3.06,30.83,9.92,27.45,5.3,25.58,1.8,-1.0,27.1,0.62,-4.0,25.7,13.48,96.0,36.86,63.14,61.0,948.0,27.45,27.45,27.75,27.65
20120629,1.06,2383,台光電,3.1,31.1,9.96,27.8,6.6,25.58,1.8,0.0,27.11,0.62,19.0,25.7,13.45,131.0,54.7,45.3,71.0,1036.0,27.8,27.45,27.8,27.65
20120702,1.35,2383,台光電,3.04,31.24,9.73,27.85,6.7,25.58,1.8,0.0,27.11,0.62,-11.0,25.7,13.45,5.0,46.23,53.77,66.0,1409.0,27.85,27.85,28.1,27.95
20120703,6.6,2383,台光電,3.1,31.22,9.92,28.2,7.1,25.58,1.8,0.0,27.49,0.94,958.0,25.72,13.53,223.0,57.26,42.74,132.0,4031.0,28.2,27.9,28.5,28.0
20120704,2.18,2383,台光電,3.2,31.42,10.2,28.3,6.6,25.58,1.8,0.0,27.6,1.07,397.0,25.72,13.54,52.0,51.95,48.05,116.0,2704.0,28.3,28.25,28.65,28.4
20120705,0.67,2383,台光電,3.17,31.16,10.16,28.15,5.3,25.58,1.8,-1.0,27.61,1.09,55.0,25.73,13.57,75.0,24.25,75.75,98.0,1485.0,28.15,28.05,28.5,28.3
20120706,0.0,2383,台光電,3.06,30.72,9.95,27.75,5.0,25.58,1.78,-50.0,27.61,1.13,126.0,25.73,13.55,-68.0,21.58,78.42,97.0,1725.0,27.75,27.65,28.3,28.3
20120709,1.6,2383,台光電,2.97,30.59,9.71,27.8,4.5,25.58,1.76,-75.0,27.62,1.16,99.0,25.73,13.56,33.0,51.49,48.51,67.0,873.0,27.8,27.4,27.85,27.45
20120710,0.07,2383,台光電,2.88,30.28,9.5,27.5,4.6,25.58,1.74,-50.0,27.61,1.22,158.0,25.74,13.61,148.0,35.18,64.82,134.0,1522.0,27.5,27.45,28.0,27.8
20120711,1.58,2383,台光電,2.86,30.31,9.43,27.7,4.9,25.58,1.74,0.0,27.61,1.23,30.0,25.75,13.64,92.0,41.56,58.44,53.0,887.0,27.7,27.5,27.8,27.5
20120712,0.08,2383,台光電,2.79,30.21,9.23,27.45,4.6,25.58,1.74,0.0,27.61,1.28,156.0,25.75,13.6,-106.0,31.17,68.83,59.0,1194.0,27.45,27.35,27.85,27.7
20120713,0.0,2383,台光電,2.58,30.14,8.55,27.0,4.7,25.58,1.74,0.0,27.59,1.22,-180.0,25.75,13.58,-68.0,27.24,72.76,88.0,1802.0,27.0,26.9,27.4,27.4
20120716,0.13,2383,台光電,2.27,29.46,7.69,26.5,4.7,25.58,1.74,0.0,27.55,1.26,118.0,25.75,13.59,38.0,20.59,79.41,98.0,2253.0,26.5,26.45,27.3,27.3
20120717,6.29,2383,台光電,2.26,29.43,7.67,26.8,4.9,25.58,1.75,13.0,27.55,1.25,-13.0,25.75,13.59,-14.0,58.13,41.87,74.0,1018.0,26.8,26.5,26.9,26.5
20120718,0.91,2383,台光電,2.22,29.29,7.58,26.7,4.1,25.58,1.75,0.0,27.55,1.25,-2.0,25.75,13.6,45.0,48.83,51.17,57.0,772.0,26.7,26.7,26.9,26.8
20120719,1.83,2383,台光電,2.15,29.28,7.33,27.1,5.3,25.58,1.75,0.0,27.54,1.26,14.0,25.75,13.63,72.0,64.55,35.45,45.0,1200.0,27.1,26.8,27.2,26.95
20120720,1.99,2383,台光電,2.16,29.48,7.32,27.25,5.7,25.58,1.75,0.0,27.54,1.25,-18.0,25.75,13.63,23.0,61.68,38.32,50.0,1003.0,27.25,27.1,27.4,27.1
20120723,0.0,2383,台光電,1.94,29.35,6.62,26.8,4.5,25.58,1.75,0.0,27.53,1.25,7.0,25.76,13.65,44.0,41.68,58.32,55.0,994.0,26.8,26.7,27.1,27.1
20120724,1.64,2383,台光電,1.88,29.26,6.42,26.8,5.1,25.58,1.75,0.0,27.53,1.19,-197.0,25.76,13.69,132.0,53.46,46.54,36.0,1344.0,26.8,26.45,26.8,26.55
20120725,2.96,2383,台光電,1.8,29.32,6.13,26.85,5.3,25.58,1.75,0.0,27.52,1.19,16.0,25.76,13.69,0.0,72.19,27.81,29.0,778.0,26.85,26.5,27.05,26.75
20120726,0.28,2383,台光電,1.82,29.24,6.24,26.8,5.1,25.58,1.75,0.0,27.52,1.21,40.0,25.77,13.76,190.0,54.54,45.46,35.0,1429.0,26.8,26.8,27.05,27.0
20120727,3.96,2383,台光電,1.67,29.15,5.72,27.4,6.7,25.58,1.73,-50.0,27.51,1.28,220.0,25.78,13.83,220.0,59.02,40.98,69.0,1994.0,27.4,26.95,27.5,27.1
20120730,0.0,2383,台光電,1.12,29.0,3.87,27.65,6.7,25.58,1.73,0.0,27.51,1.28,-1.0,25.78,13.85,66.0,54.08,45.92,45.0,2038.0,27.65,27.55,27.8,27.6
20120731,0.0,2383,台光電,0.01,28.59,0.04,27.7,6.7,25.58,1.73,0.0,27.51,1.28,0.0,25.78,13.87,55.0,50.35,49.65,164.0,2274.0,27.7,27.6,27.85,27.8
20120801,0.0,2383,台光電,0.0,27.84,0.0,27.7,5.8,25.58,1.73,0.0,27.51,1.28,0.0,25.8,13.94,200.0,48.98,51.02,117.0,2118.0,27.7,27.45,27.8,27.7
20120803,0.0,2383,台光電,0.0,26.1,0.0,27.6,5.9,25.6,1.74,44.0,27.51,1.28,5.0,25.81,14.06,362.0,30.36,69.64,577.0,4063.0,27.6,27.5,27.75,27.6
20120806,1.07,2383,台光電,2.14,28.56,7.5,26.25,5.5,23.8,1.74,0.0,25.73,1.32,112.0,24.05,14.25,581.0,47.88,52.12,124.0,4857.0,26.25,26.15,26.55,26.5
20120807,0.0,2383,台光電,2.26,28.63,7.9,26.1,3.7,23.8,1.74,0.0,25.73,1.32,0.0,24.06,14.27,60.0,46.82,53.18,75.0,1436.0,26.1,26.1,26.25,26.25
20120808,1.59,2383,台光電,3.13,28.79,10.88,26.45,5.4,23.8,1.74,0.0,25.73,1.32,0.0,24.08,14.37,315.0,46.16,53.84,140.0,2570.0,26.45,26.2,26.55,26.25
20120809,3.55,2383,台光電,3.54,28.76,12.32,27.0,5.9,23.8,1.75,10.0,25.73,1.25,-209.0,24.1,14.46,260.0,65.12,34.88,178.0,3547.0,27.0,26.4,27.05,26.5
20120810,11.01,2383,台光電,4.05,29.41,13.77,27.3,5.9,23.87,1.78,100.0,25.74,1.26,19.0,24.13,14.59,396.0,47.69,52.31,181.0,5510.0,27.3,26.85,27.5,27.0
20120813,0.56,2383,台光電,4.02,29.13,13.79,27.05,5.3,23.87,1.78,0.0,25.75,1.25,-4.0,24.13,14.58,-49.0,29.44,70.56,80.0,1776.0,27.05,27.0,27.5,27.3
20120814,0.24,2383,台光電,3.39,29.34,11.54,26.75,4.6,23.87,1.78,0.0,25.75,1.25,1.0,24.14,14.61,94.0,37.0,63.0,91.0,2532.0,26.75,26.65,27.2,27.0
20120815,1.1,2383,台光電,3.16,29.34,10.79,26.75,3.7,23.88,1.78,10.0,25.75,1.25,0.0,24.15,14.64,85.0,40.2,59.8,72.0,911.0,26.75,26.7,26.85,26.8
20120816,2.97,2383,台光電,2.84,29.11,9.75,27.2,6.2,23.88,1.78,0.0,25.75,1.13,-383.0,24.16,14.67,111.0,51.88,48.12,145.0,2521.0,27.2,26.75,27.3,26.8
20120817,0.17,2383,台光電,2.79,28.94,9.65,27.1,4.5,23.88,1.78,0.0,25.75,1.12,-23.0,24.16,14.69,39.0,35.51,64.49,77.0,1187.0,27.1,27.1,27.45,27.4
20120820,0.06,2383,台光電,2.76,28.92,9.54,26.75,3.7,23.88,1.78,0.0,25.75,1.12,0.0,24.17,14.57,-359.0,24.73,75.27,102.0,1689.0,26.75,26.75,27.3,27.1
20120821,0.07,2383,台光電,2.59,29.03,8.91,26.85,4.0,23.88,1.78,0.0,25.79,1.11,-34.0,24.17,14.6,92.0,40.78,59.22,36.0,1419.0,26.85,26.75,27.0,26.75
20120822,1.82,2383,台光電,2.54,28.95,8.78,27.05,4.4,23.88,1.78,0.0,25.79,1.09,-60.0,24.18,14.61,51.0,40.24,59.76,65.0,987.0,27.05,26.8,27.15,26.85
20120823,3.99,2383,台光電,2.56,30.47,8.4,27.8,6.2,23.88,1.78,0.0,25.8,1.08,-29.0,24.18,14.53,-256.0,66.82,33.18,854.0,3337.0,27.8,26.9,27.8,27.05
20120824,1.55,2383,台光電,2.68,30.03,8.93,27.65,5.8,23.88,1.73,-150.0,25.8,1.04,-115.0,24.19,14.43,-314.0,57.65,42.35,120.0,6405.0,27.65,27.55,27.85,27.8
20120827,0.18,2383,台光電,2.62,29.94,8.76,27.5,4.8,23.88,1.73,0.0,25.8,1.04,0.0,24.21,14.46,83.0,42.64,57.36,173.0,2237.0,27.5,27.4,27.8,27.8
20120828,0.0,2383,台光電,2.53,29.88,8.48,26.9,4.1,23.88,1.68,-172.0,25.8,1.04,5.0,24.21,14.38,-232.0,27.29,72.71,42.0,2480.0,26.9,26.8,27.5,27.5
20120829,3.66,2383,台光電,2.54,29.84,8.51,27.15,4.4,23.88,1.65,-78.0,25.8,1.03,-45.0,24.22,14.42,132.0,49.85,50.15,42.0,1313.0,27.15,26.9,27.2,26.9
20120830,3.81,2383,台光電,2.52,29.83,8.46,27.3,6.2,23.88,1.65,0.0,25.96,1.13,303.0,24.23,14.33,-266.0,51.89,48.11,156.0,3802.0,27.3,27.05,27.65,27.15
20120831,14.44,2383,台光電,2.93,30.14,9.72,27.7,7.0,23.88,1.65,0.0,26.12,1.14,50.0,24.25,14.33,-1.0,61.87,38.13,191.0,5790.0,27.7,27.25,27.95,27.25
20120903,11.61,2383,台光電,3.32,29.21,11.38,28.55,6.2,24.7,2.0,1066.0,26.26,1.06,-233.0,24.3,14.52,571.0,57.22,42.78,173.0,7881.0,28.55,27.7,28.75,27.95
20120904,5.93,2383,台光電,3.49,29.96,11.64,29.3,6.3,25.12,2.2,595.0,26.4,0.94,-367.0,24.34,14.53,-22.0,53.73,46.27,296.0,9259.0,29.3,29.1,29.8,29.5
20120905,12.78,2383,台光電,3.71,29.86,12.44,29.95,6.2,25.51,2.39,586.0,26.43,0.93,-45.0,24.36,14.52,-50.0,57.06,42.94,302.0,9208.0,29.95,29.05,30.2,29.35
20120906,13.9,2383,台光電,3.8,29.63,12.83,30.15,6.3,25.94,2.64,743.0,26.43,0.86,-202.0,24.37,14.3,-744.0,51.92,48.08,219.0,10016.0,30.15,29.95,30.7,30.5
20120907,3.48,2383,台光電,3.73,29.28,12.73,30.1,4.9,26.07,2.73,255.0,26.46,0.84,-53.0,24.38,14.12,-535.0,37.87,62.13,329.0,6212.0,30.1,29.85,30.85,30.7
20120910,2.93,2383,台光電,3.73,29.25,12.75,30.3,5.7,26.11,2.75,70.0,26.55,0.82,-60.0,24.38,13.96,-475.0,54.88,45.12,97.0,3926.0,30.3,30.1,30.45,30.4
20120911,0.07,2383,台光電,3.56,28.96,12.3,29.8,4.0,26.12,2.76,20.0,26.75,0.87,160.0,24.38,13.91,-46.0,36.95,63.05,102.0,2993.0,29.8,29.65,30.3,30.3
20120912,5.09,2383,台光電,3.98,28.92,13.76,30.4,6.2,26.13,2.77,30.0,26.89,0.82,-175.0,24.41,13.95,135.0,56.33,43.67,179.0,6678.0,30.4,30.15,30.6,30.2
20120913,10.12,2383,台光電,5.38,29.45,18.27,31.05,5.8,26.44,2.95,547.0,27.5,0.82,9.0,24.44,13.79,-517.0,60.85,39.15,385.0,11588.0,31.05,30.95,31.7,30.95
20120914,2.95,2383,台光電,6.33,28.82,21.95,30.8,5.0,26.92,3.32,1115.0,27.5,0.7,-345.0,24.45,13.61,-539.0,44.79,55.21,185.0,8373.0,30.8,30.75,31.65,31.6
20120917,3.02,2383,台光電,6.37,28.83,22.1,30.85,4.0,26.92,3.32,0.0,27.62,0.73,76.0,24.46,13.21,-1197.0,35.11,64.89,159.0,4376.0,30.85,30.35,31.15,31.05
20120918,0.0,2383,台光電,5.76,29.31,19.66,30.2,4.1,26.93,3.32,16.0,27.88,0.75,70.0,24.47,12.29,-2772.0,38.78,61.22,262.0,5579.0,30.2,30.2,30.8,30.7
20120919,4.01,2383,台光電,5.52,29.92,18.44,30.55,4.4,26.94,3.33,28.0,28.07,0.74,-40.0,24.52,12.29,4.0,53.68,46.32,101.0,3768.0,30.55,30.35,30.65,30.4
20120920,0.08,2383,台光電,5.16,30.1,17.14,30.1,3.2,26.94,3.33,0.0,28.12,0.76,50.0,24.54,11.94,-1035.0,35.34,64.66,173.0,3768.0,30.1,30.05,30.65,30.55
20120921,1.62,2383,台光電,5.24,29.7,17.63,30.1,3.6,26.94,3.33,0.0,28.12,0.72,-109.0,24.59,12.0,181.0,34.12,65.88,102.0,2165.0,30.1,30.1,30.45,30.4
20120924,4.49,2383,台光電,5.23,29.68,17.62,30.5,4.1,27.05,3.44,327.0,28.12,0.45,-828.0,24.68,12.21,606.0,61.77,38.23,137.0,3739.0,30.5,30.15,30.7,30.3
20120925,6.23,2383,台光電,5.3,29.55,17.93,30.85,6.2,27.3,3.69,735.0,28.71,0.42,-72.0,24.72,12.18,-77.0,53.67,46.33,174.0,6391.0,30.85,30.55,31.1,30.65
20120926,5.1,2383,台光電,5.33,29.84,17.88,30.85,4.4,27.38,3.77,245.0,28.87,0.44,61.0,24.74,12.13,-159.0,46.39,53.61,133.0,3665.0,30.85,30.6,31.25,30.9
20120927,0.89,2383,台光電,5.34,29.92,17.86,30.6,4.4,27.38,3.77,0.0,28.87,0.36,-244.0,24.78,11.94,-513.0,42.46,57.54,112.0,2908.0,30.6,30.55,31.0,30.75
20120928,2.98,2383,台光電,5.03,30.2,16.66,30.8,6.1,27.38,3.7,0.0,28.87,0.28,-230.0,24.84,12.04,276.0,43.87,56.13,154.0,2149.0,30.8,30.45,31.0,31.0
20121001,0.65,2383,台光電,4.97,30.13,16.48,30.7,4.8,27.38,3.7,0.0,28.99,0.26,-70.0,24.87,12.06,74.0,33.87,66.13,73.0,1384.0,30.7,30.6,31.0,31.0
20121002,4.92,2383,台光電,4.24,30.39,13.97,30.8,5.2,27.38,3.7,0.0,29.21,0.27,46.0,24.88,12.02,-122.0,44.17,55.83,122.0,1380.0,30.8,30.6,31.0,31.0
20121003,10.97,2383,台光電,4.32,31.49,13.71,31.05,6.6,27.38,3.7,0.0,29.31,0.23,-131.0,24.93,12.1,236.0,59.71,40.29,144.0,4712.0,31.05,30.75,31.5,30.9
20121004,0.0,2383,台光電,4.24,31.08,13.65,30.45,2.9,27.38,3.7,0.0,29.4,0.25,61.0,25.08,12.32,-322.0,25.11,74.89,255.0,2706.0,30.45,30.45,31.05,31.05
20121005,1.34,2383,台光電,3.12,31.55,9.9,30.35,3.8,27.38,3.7,0.0,29.43,0.23,-50.0,25.13,12.09,-949.0,45.63,54.37,151.0,4316.0,30.35,30.3,30.95,30.8
20121008,2.24,2383,台光電,3.2,31.54,10.16,30.4,2.8,27.38,3.65,-166.0,29.43,0.18,-165.0,25.21,12.23,420.0,46.22,53.78,116.0,1923.0,30.4,30.25,30.65,30.65
20121009,0.26,2383,台光電,3.12,30.43,10.25,29.3,3.8,27.38,3.57,-240.0,29.43,0.15,-99.0,25.27,12.36,413.0,25.08,74.92,167.0,3786.0,29.3,29.25,30.7,30.7
20121011,0.0,2383,台光電,2.91,30.3,9.61,29.0,3.2,27.38,3.57,0.0,29.42,0.06,-249.0,25.29,12.43,216.0,36.65,63.35,88.0,2165.0,29.0,28.45,29.1,28.7
20121012,1.35,2383,台光電,2.86,29.63,9.64,29.25,4.0,27.38,3.57,0.0,29.42,0.06,-6.0,25.3,12.4,-77.0,35.71,64.29,53.0,1411.0,29.25,29.0,29.55,29.2
20121015,1.58,2383,台光電,2.77,29.7,9.34,28.95,2.8,27.38,3.57,0.0,,0.0,-257.0,25.32,12.19,104.0,39.21,60.79,60.0,1268.0,28.95,28.7,29.6,29.6
20121016,0.77,2383,台光電,2.76,30.03,9.2,29.2,4.5,27.38,3.57,0.0,29.2,0.01,20.0,25.33,12.12,-189.0,34.75,65.25,61.0,1040.0,29.2,28.95,29.25,29.1
20121017,2.2,2383,台光電,2.83,30.19,9.37,29.35,5.3,27.38,3.57,0.0,29.2,0.01,0.0,25.34,12.13,19.0,55.07,44.93,39.0,1133.0,29.35,29.35,29.7,29.5
20121018,18.86,2383,台光電,2.88,30.26,9.53,29.85,5.8,27.38,3.56,-9.0,,0.0,-22.0,25.35,11.97,-33.0,65.23,34.77,156.0,2969.0,29.85,29.3,29.95,29.35
20121019,0.0,2383,台光電,2.86,30.38,9.43,29.5,4.0,27.38,3.56,0.0,29.5,0.03,81.0,25.35,11.88,-288.0,39.31,60.69,87.0,1452.0,29.5,29.45,29.85,29.8
20121022,0.0,2383,台光電,2.82,30.16,9.34,29.3,3.6,27.38,3.56,0.0,29.5,0.03,0.0,25.35,11.84,-106.0,44.44,55.56,56.0,1281.0,29.3,28.8,29.3,28.8
20121023,0.29,2383,台光電,2.81,30.07,9.33,29.1,3.2,27.38,3.55,-35.0,29.35,0.04,49.0,25.35,11.82,-63.0,28.99,71.01,38.0,692.0,29.1,29.05,29.45,29.4
20121024,2.78,2383,台光電,2.74,30.12,9.1,29.2,4.1,27.38,3.55,0.0,29.35,0.04,-1.0,25.35,11.75,-197.0,44.42,55.58,35.0,1117.0,29.2,28.8,29.2,28.8
20121025,0.0,2383,台光電,2.73,30.2,9.05,28.55,3.8,27.38,3.48,-237.0,29.33,0.04,3.0,25.35,11.7,-154.0,30.27,69.73,172.0,1509.0,28.55,28.55,29.35,29.2
20121026,0.18,2383,台光電,2.67,30.07,8.87,27.85,3.8,27.38,3.48,-1.0,27.96,0.23,570.0,25.36,11.65,-165.0,35.77,64.23,222.0,3889.0,27.85,27.5,28.85,28.55
20121029,12.5,2383,台光電,2.87,30.36,9.45,28.2,4.5,27.38,3.48,0.0,27.96,0.22,-16.0,25.37,11.67,70.0,57.88,42.12,127.0,3111.0,28.2,27.85,28.6,28.3
20121030,4.65,2383,台光電,2.93,29.99,9.76,28.9,4.4,27.38,3.48,0.0,27.96,0.22,-1.0,25.38,11.68,30.0,69.35,30.65,172.0,2256.0,28.9,28.4,29.0,28.5
20121031,3.34,2383,台光電,2.9,29.61,9.78,28.9,3.6,27.38,3.46,0.0,27.96,0.21,-25.0,25.39,11.67,-46.0,43.14,56.86,140.0,1434.0,28.9,28.7,29.2,29.2
20121101,2.94,2383,台光電,2.93,29.39,9.96,29.05,5.8,27.38,3.46,0.0,27.96,0.21,0.0,25.41,11.74,201.0,45.25,54.75,60.0,1666.0,29.05,28.5,29.3,28.8
20121102,0.59,2383,台光電,2.93,29.11,10.07,28.9,5.0,27.38,3.4,-170.0,27.96,0.21,0.0,25.42,11.73,-22.0,40.7,59.3,153.0,1693.0,28.9,28.85,29.35,29.35
20121105,0.69,2383,台光電,2.91,28.89,10.08,28.8,4.5,27.38,3.4,0.0,27.96,0.21,0.0,25.42,11.75,43.0,52.99,47.01,28.0,720.0,28.8,28.7,29.0,28.8
20121106,4.35,2383,台光電,2.96,29.21,10.15,29.3,6.2,27.38,3.24,-495.0,27.96,0.2,-40.0,25.44,11.81,181.0,61.52,38.48,107.0,2024.0,29.3,28.8,29.35,29.1
20121107,0.22,2383,台光電,2.95,29.44,10.03,29.15,5.3,27.38,3.17,-210.0,28.05,0.22,50.0,25.46,11.81,-3.0,44.23,55.77,55.0,1785.0,29.15,28.95,29.4,29.2
20121108,0.0,2383,台光電,2.95,29.26,10.09,28.95,3.2,27.38,3.16,-34.0,28.13,0.24,68.0,25.46,11.81,22.0,43.05,56.95,31.0,742.0,28.95,28.6,29.0,28.6
20121109,1.44,2383,台光電,2.95,29.26,10.1,29.05,5.4,27.38,3.16,0.0,28.13,0.06,-538.0,25.47,11.81,-17.0,48.86,51.14,73.0,1664.0,29.05,28.7,29.25,28.9
20121112,0.0,2383,台光電,2.97,29.46,10.07,28.85,3.6,27.38,3.16,0.0,28.13,0.06,0.0,25.48,11.84,108.0,39.07,60.93,67.0,1225.0,28.85,28.85,29.2,29.1
20121113,0.0,2383,台光電,2.89,29.35,9.85,28.5,3.7,27.38,3.17,35.0,28.13,0.04,-65.0,25.49,11.8,-125.0,24.41,75.59,120.0,1328.0,28.5,28.5,28.85,28.85
20121114,4.5,2383,台光電,2.95,29.06,10.15,28.55,4.0,27.38,3.17,0.0,,0.0,-285.0,25.49,11.79,-32.0,62.36,37.64,44.0,1000.0,28.55,28.4,28.75,28.5
20121115,3.59,2383,台光電,2.92,28.97,10.07,28.7,4.8,27.38,3.17,0.0,,0.0,0.0,25.49,11.8,36.0,46.03,53.97,15.0,556.0,28.7,28.35,28.75,28.55
20121116,0.4,2383,台光電,2.85,28.66,9.93,28.55,4.1,27.38,3.17,0.0,28.55,0.01,20.0,25.5,11.82,73.0,34.95,65.05,29.0,745.0,28.55,28.55,28.9,28.85
20121119,0.66,2383,台光電,2.84,28.41,10.0,28.4,4.6,27.38,3.17,0.0,28.55,0.01,0.0,25.52,11.86,102.0,44.07,55.93,52.0,912.0,28.4,28.35,28.8,28.8
20121120,1.9,2383,台光電,2.82,28.12,10.01,28.3,4.1,27.38,3.17,0.0,28.55,0.01,0.0,25.52,11.84,-58.0,36.46,63.54,85.0,842.0,28.3,28.3,28.7,28.7
20121121,0.32,2383,台光電,2.68,27.85,9.63,27.8,4.6,27.38,3.17,0.0,27.86,0.09,250.0,25.53,11.76,-245.0,22.55,77.45,189.0,2157.0,27.8,27.7,28.45,28.35
20121122,1.18,2383,台光電,2.68,27.76,9.64,27.85,4.5,27.38,3.17,0.0,27.85,0.1,35.0,25.54,11.76,17.0,39.98,60.02,150.0,934.0,27.85,27.85,28.15,28.0
20121123,3.51,2383,台光電,2.59,28.03,9.24,28.6,7.1,27.38,3.17,0.0,,0.0,-326.0,25.56,11.86,306.0,66.51,33.49,92.0,1966.0,28.6,28.05,28.65,28.1
20121126,25.75,2383,台光電,2.65,28.07,9.45,29.35,7.1,27.38,3.17,0.0,29.35,0.05,143.0,25.61,12.0,441.0,60.35,39.65,156.0,5266.0,29.35,28.8,29.6,28.9
20121127,0.8,2383,台光電,2.61,28.07,9.31,29.15,5.7,27.38,3.17,0.0,29.26,0.03,-62.0,25.62,12.0,-25.0,31.27,68.73,81.0,1619.0,29.15,29.1,29.4,29.35
20121128,0.25,2383,台光電,2.6,27.76,9.38,29.1,4.9,27.38,3.17,-20.0,29.21,0.04,37.0,25.62,12.0,12.0,39.21,60.79,51.0,1198.0,29.1,28.95,29.2,29.0
20121129,1.13,2383,台光電,2.61,27.82,9.39,29.35,6.2,27.38,3.17,0.0,29.32,0.02,-67.0,25.67,12.13,392.0,42.06,57.94,76.0,2039.0,29.35,29.15,29.45,29.35
20121130,0.85,2383,台光電,2.35,28.73,8.16,29.55,6.7,27.38,3.15,-36.0,29.35,0.0,-38.0,25.69,12.18,172.0,53.16,46.84,86.0,3184.0,29.55,29.3,29.65,29.4
20121203,13.67,2383,台光電,2.59,28.51,9.08,29.9,6.7,27.38,3.15,0.0,,0.0,-108.0,25.74,12.32,413.0,59.63,40.37,121.0,4916.0,29.9,29.55,30.1,29.6
20121204,1.51,2383,台光電,2.44,28.52,8.56,30.0,5.7,27.38,3.15,-2.0,,0.0,-90.0,25.79,12.47,475.0,51.17,48.83,166.0,2182.0,30.0,29.7,30.05,29.9
20121205,0.35,2383,台光電,2.42,28.11,8.59,29.9,4.9,27.38,3.15,0.0,29.9,0.0,3.0,25.8,12.48,18.0,37.22,62.78,175.0,2013.0,29.9,29.8,30.15,30.0
20121206,0.2,2383,台光電,2.4,28.16,8.51,29.4,4.6,27.38,3.12,-100.0,,0.0,-64.0,25.81,12.49,44.0,35.02,64.98,58.0,2995.0,29.4,29.3,30.0,30.0
20121207,0.46,2383,台光電,2.37,27.88,8.51,29.2,4.7,27.38,2.92,-604.0,,0.0,-120.0,25.85,12.62,395.0,34.43,65.57,119.0,3056.0,29.2,29.15,29.55,29.3
20121210,0.0,2383,台光電,2.34,27.83,8.4,28.8,4.1,27.38,2.64,-858.0,,0.0,-56.0,25.85,12.6,-68.0,27.78,72.22,170.0,2723.0,28.8,28.7,29.35,29.2
20121211,0.0,2383,台光電,2.32,26.98,8.61,28.55,2.8,27.38,2.63,-33.0,,0.0,-54.0,25.87,12.64,108.0,35.04,64.96,75.0,2211.0,28.55,28.25,28.85,28.8
20121212,0.17,2383,台光電,2.32,26.96,8.61,28.8,4.0,27.38,2.43,-613.0,28.8,0.0,3.0,25.91,12.7,210.0,50.49,49.51,44.0,1734.0,28.8,28.65,29.0,29.0
20121213,1.24,2383,台光電,2.31,27.39,8.45,29.0,5.3,27.38,2.16,-853.0,,0.0,-186.0,25.93,12.74,111.0,51.64,48.36,100.0,2175.0,29.0,28.75,29.05,28.95
20121214,0.0,2383,台光電,2.3,27.15,8.47,28.8,3.2,27.38,1.98,-552.0,28.8,0.0,9.0,25.98,12.87,407.0,34.45,65.55,53.0,1708.0,28.8,28.7,28.95,28.95
20121217,0.0,2383,台光電,2.3,27.03,8.5,28.8,3.6,27.38,1.98,0.0,28.8,0.0,0.0,25.99,12.9,71.0,33.43,66.57,41.0,991.0,28.8,28.65,28.9,28.8
20121218,3.09,2383,台光電,2.3,26.78,8.59,28.75,4.1,27.41,2.02,128.0,28.8,0.0,0.0,26.0,12.92,77.0,48.65,51.35,87.0,1002.0,28.75,28.7,29.05,29.0
20121219,1.53,2383,台光電,2.31,26.41,8.76,29.0,6.2,27.41,2.02,0.0,,0.0,-280.0,26.02,12.96,129.0,48.52,51.48,92.0,1764.0,29.0,28.85,29.2,28.85
20121220,0.37,2383,台光電,2.31,26.15,8.83,29.0,4.0,27.41,2.02,1.0,,0.0,0.0,26.03,12.99,72.0,36.44,63.56,33.0,1074.0,29.0,28.9,29.25,29.0
20121221,0.0,2383,台光電,2.31,26.09,8.85,28.65,3.7,27.41,2.02,-6.0,,0.0,-3.0,26.03,12.9,-258.0,25.92,74.08,60.0,1011.0,28.65,28.65,29.1,29.0
20121222,0.0,2383,台光電,2.39,26.21,9.1,28.7,3.6,27.41,2.02,-5.0,,0.0,0.0,26.03,12.9,0.0,46.88,53.12,9.0,418.0,28.7,28.65,28.8,28.7
20121224,0.0,2383,台光電,2.1,26.01,8.08,28.5,3.8,27.41,1.92,-300.0,28.5,0.01,16.0,26.03,12.89,-38.0,32.71,67.29,88.0,1082.0,28.5,28.5,28.85,28.7
20121225,0.96,2383,台光電,2.13,26.0,8.18,28.6,4.6,27.41,1.82,-320.0,28.51,0.01,2.0,26.03,12.9,42.0,36.47,63.53,49.0,1249.0,28.6,28.45,28.85,28.8
20121226,0.46,2383,台光電,2.12,25.91,8.16,28.8,5.4,27.41,1.82,0.0,28.51,0.01,0.0,26.04,12.93,91.0,46.91,53.09,88.0,1313.0,28.8,28.6,28.95,28.6
20121227,0.0,2383,台光電,2.05,26.01,7.9,28.7,5.4,27.41,1.7,-344.0,28.65,0.02,50.0,26.05,12.78,-471.0,28.29,71.71,33.0,1738.0,28.7,28.5,28.95,28.8
20121228,0.0,2383,台光電,2.06,25.78,7.98,28.75,4.8,27.41,1.7,0.0,28.69,0.04,45.0,26.05,12.74,50.0,38.98,61.02,67.0,942.0,28.75,28.55,28.8,28.7
20130102,3.34,2383,台光電,2.01,25.81,7.78,29.05,5.3,27.41,1.7,0.0,28.69,0.04,0.0,26.06,12.79,167.0,55.19,44.81,61.0,1196.0,29.05,28.75,29.1,29.0
20130103,0.52,2383,台光電,1.88,25.81,7.27,29.15,5.8,27.41,1.7,0.0,28.69,0.04,0.0,26.07,12.78,-25.0,46.96,53.04,80.0,1715.0,29.15,29.15,29.4,29.3
20130104,0.0,2383,台光電,1.83,25.84,7.09,28.95,4.6,27.41,1.7,-3.0,28.69,0.04,-3.0,26.08,12.81,84.0,47.63,52.37,67.0,2137.0,28.95,28.9,29.1,29.1
20130107,4.24,2383,台光電,1.83,26.01,7.02,29.2,4.8,27.42,1.7,3.0,28.69,0.02,-51.0,26.08,12.81,4.0,45.91,54.09,76.0,1250.0,29.2,28.8,29.25,29.0
20130108,0.31,2383,台光電,1.83,25.71,7.11,29.2,4.9,27.42,1.7,0.0,28.69,0.02,0.0,26.09,12.79,-57.0,49.9,50.1,54.0,969.0,29.2,29.1,29.35,29.25
20130109,0.53,2383,台光電,1.83,25.89,7.07,29.2,5.4,27.42,1.7,0.0,28.69,0.02,0.0,26.09,12.7,-286.0,43.83,56.17,48.0,1315.0,29.2,29.1,29.4,29.2
20130110,0.63,2383,台光電,1.82,26.05,7.0,29.55,5.8,27.42,1.7,0.0,28.71,0.01,-15.0,26.11,12.72,59.0,55.16,44.84,102.0,2531.0,29.55,29.2,29.6,29.25
20130111,0.06,2383,台光電,1.8,25.78,6.98,29.25,4.1,27.42,1.7,1.0,28.71,0.0,-30.0,26.11,12.63,-34.0,38.15,61.85,120.0,1642.0,29.25,29.25,29.75,29.6
20130114,0.0,2383,台光電,1.8,25.85,6.96,29.15,3.2,27.42,1.7,0.0,28.71,0.0,-1.0,26.12,12.55,-233.0,26.03,73.97,51.0,1139.0,29.15,29.05,29.25,29.25
20130115,0.44,2383,台光電,1.8,25.39,7.08,29.05,3.3,27.42,1.7,0.0,,0.0,-21.0,26.14,12.58,87.0,34.89,65.11,85.0,1360.0,29.05,29.0,29.35,29.15
20130116,4.96,2383,台光電,1.81,26.09,6.92,29.65,6.2,27.42,1.7,-1.0,,0.0,-65.0,26.14,12.55,-98.0,63.9,36.1,220.0,3646.0,29.65,29.0,29.7,29.05
20130117,16.82,2383,台光電,2.02,28.39,7.12,29.4,5.1,27.54,1.82,355.0,29.4,0.01,30.0,26.15,12.39,-559.0,58.62,41.38,144.0,14586.0,29.4,29.35,30.3,29.85
20130118,5.24,2383,台光電,2.06,28.24,7.29,29.8,4.8,27.54,1.82,0.0,29.4,0.01,-1.0,26.2,12.56,531.0,53.29,46.71,195.0,2404.0,29.8,29.6,30.0,29.6
20130121,0.23,2383,台光電,2.06,27.66,7.46,29.65,4.9,27.54,1.82,-2.0,29.5,0.02,19.0,26.22,12.6,131.0,23.61,76.39,33.0,1301.0,29.65,29.5,29.9,29.85
20130122,2.83,2383,台光電,2.06,28.06,7.35,29.8,5.8,27.54,1.82,0.0,29.77,0.13,368.0,26.24,12.44,110.0,51.85,48.15,92.0,2474.0,29.8,29.65,30.0,29.65
20130123,0.06,2383,台光電,2.04,27.42,7.46,29.6,3.7,27.67,1.84,79.0,29.74,0.16,81.0,26.25,12.44,4.0,29.36,70.64,70.0,1671.0,29.6,29.5,29.85,29.8
20130124,0.0,2383,台光電,1.92,27.32,7.02,29.3,4.3,27.67,1.81,-120.0,29.74,0.08,-250.0,26.26,12.49,135.0,24.83,75.17,105.0,2072.0,29.3,29.25,29.7,29.7
20130125,0.0,2383,台光電,1.85,28.38,6.53,29.2,4.3,27.67,1.8,-2.0,29.74,0.07,-20.0,26.26,12.37,-355.0,19.3,80.7,122.0,2728.0,29.2,29.1,29.4,29.2
20130128,0.33,2383,台光電,1.87,28.23,6.63,29.15,3.3,27.67,1.8,0.0,29.74,0.06,-31.0,26.27,12.4,99.0,39.93,60.07,39.0,897.0,29.15,29.1,29.3,29.25
20130129,1.19,2383,台光電,1.88,28.73,6.54,29.55,5.8,27.67,1.8,0.0,29.74,0.06,0.0,26.29,12.37,-54.0,63.48,36.52,66.0,1264.0,29.55,29.2,29.6,29.2
20130130,0.56,2383,台光電,1.85,28.27,6.54,29.6,5.2,27.67,1.8,0.0,29.68,0.11,137.0,26.31,12.45,233.0,46.57,53.43,47.0,1241.0,29.6,29.5,29.65,29.6
20130131,0.0,2383,台光電,1.84,27.69,6.63,29.5,5.0,27.67,1.8,0.0,29.68,0.1,-13.0,26.32,12.36,-267.0,27.21,72.79,122.0,1713.0,29.5,29.5,29.65,29.6
20130201,10.49,2383,台光電,1.85,29.18,6.36,30.1,6.2,27.67,1.8,0.0,29.96,0.23,394.0,26.35,12.43,216.0,59.55,40.45,414.0,7123.0,30.1,29.55,30.25,29.6
20130204,10.39,2383,台光電,1.95,29.61,6.6,30.3,6.2,27.68,1.81,14.0,29.97,0.24,12.0,26.36,12.31,-359.0,49.96,50.04,192.0,6079.0,30.3,30.25,30.65,30.45
20130205,0.0,2383,台光電,1.94,29.55,6.57,30.15,4.9,27.68,1.81,14.0,30.02,0.33,286.0,26.38,12.27,-129.0,50.41,49.59,112.0,2202.0,30.15,29.95,30.25,30.1
20130206,3.87,2383,台光電,1.94,28.18,6.89,30.1,5.0,27.68,1.81,-1.0,30.02,0.33,0.0,26.4,12.32,139.0,41.28,58.72,197.0,2764.0,30.1,30.1,30.6,30.45
20130218,0.84,2383,台光電,1.89,28.37,6.67,30.4,6.1,27.68,1.81,0.0,30.02,0.33,0.0,26.41,12.34,55.0,41.45,58.55,46.0,1660.0,30.4,30.2,30.7,30.65
20130219,0.0,2383,台光電,1.89,28.04,6.75,30.35,6.2,27.68,1.81,-1.0,30.04,0.25,-248.0,26.43,12.41,228.0,38.79,61.21,75.0,1719.0,30.35,30.15,30.55,30.45
20130220,9.83,2383,台光電,1.85,28.14,6.57,30.55,7.1,27.68,1.81,0.0,30.26,0.32,227.0,26.45,12.43,67.0,52.13,47.87,179.0,3549.0,30.55,30.3,30.8,30.5
20130221,0.25,2383,台光電,1.85,28.33,6.52,30.25,4.9,27.68,1.75,-202.0,30.26,0.33,15.0,26.48,12.53,310.0,33.72,66.28,98.0,1626.0,30.25,30.2,30.8,30.55
20130222,0.37,2383,台光電,1.85,28.1,6.58,30.2,4.5,27.68,1.75,-2.0,30.26,0.3,-80.0,26.49,12.59,169.0,45.18,54.82,40.0,1341.0,30.2,30.05,30.3,30.2
20130223,0.66,2383,台光電,1.61,28.13,5.72,30.35,4.9,27.68,1.75,-1.0,30.26,0.3,0.0,26.49,12.59,0.0,36.67,63.33,70.0,1056.0,30.35,30.2,30.4,30.2
20130225,0.0,2383,台光電,1.29,27.94,4.62,30.2,5.0,27.68,1.75,0.0,30.26,0.3,0.0,26.5,12.58,-12.0,37.14,62.86,85.0,1081.0,30.2,30.2,30.4,30.2
20130226,0.0,2383,台光電,1.27,27.06,4.71,30.0,5.5,27.68,1.63,-357.0,30.25,0.32,48.0,26.51,12.62,132.0,29.19,70.81,51.0,1954.0,30.0,29.9,30.1,30.0
20130227,0.13,2383,台光電,1.27,26.84,4.74,29.9,4.6,27.68,1.62,0.0,30.25,0.14,-530.0,26.51,12.63,34.0,32.08,67.92,80.0,1551.0,29.9,29.85,30.2,30.2
20130301,0.49,2383,台光電,1.27,27.24,4.64,30.0,5.3,27.68,1.62,0.0,30.25,0.1,-139.0,26.52,12.58,-145.0,62.24,37.76,45.0,1432.0,30.0,29.95,30.35,30.1
20130304,0.0,2383,台光電,0.94,27.24,3.46,29.85,3.2,27.68,1.62,0.0,30.25,0.1,0.0,26.53,12.61,90.0,27.23,72.77,58.0,1114.0,29.85,29.8,30.25,30.25
20130305,0.67,2383,台光電,0.66,27.67,2.39,30.0,4.9,27.68,1.62,0.0,30.25,0.02,-250.0,26.54,12.6,-14.0,59.31,40.69,59.0,1340.0,30.0,29.75,30.15,29.85
20130306,1.01,2383,台光電,0.52,27.68,1.88,30.1,7.0,27.68,1.62,0.0,30.25,0.02,0.0,26.54,12.61,4.0,38.95,61.05,110.0,1880.0,30.1,29.95,30.2,30.1
20130307,3.68,2383,台光電,0.49,28.16,1.74,30.25,6.2,27.68,1.62,0.0,30.25,0.08,200.0,26.54,12.61,20.0,58.43,41.57,81.0,2965.0,30.25,30.05,30.6,30.2
20130308,0.8,2383,台光電,0.49,28.08,1.74,30.2,5.3,27.68,1.62,-3.0,30.25,0.08,0.0,26.54,12.59,-55.0,28.12,71.88,96.0,1875.0,30.2,30.2,30.6,30.35
20130311,3.6,2383,台光電,0.46,27.96,1.65,30.45,6.6,27.68,1.51,-357.0,30.31,0.11,99.0,26.57,12.68,261.0,60.43,39.57,87.0,4136.0,30.45,30.3,30.8,30.3
20130312,0.07,2383,台光電,0.46,27.79,1.65,30.2,4.9,27.68,1.51,0.0,30.31,0.11,0.0,26.57,12.66,-51.0,29.69,70.31,69.0,1340.0,30.2,30.2,30.65,30.55
20130313,3.59,2383,台光電,0.46,27.56,1.67,30.25,5.3,27.68,1.51,-1.0,30.31,0.11,0.0,26.58,12.67,13.0,44.53,55.47,54.0,1170.0,30.25,30.2,30.5,30.3
20130314,0.44,2383,台光電,0.45,27.27,1.66,30.35,5.6,27.68,1.51,-1.0,30.31,0.12,23.0,26.58,12.67,-35.0,36.66,63.34,97.0,909.0,30.35,30.05,30.35,30.2
20130315,0.0,2383,台光電,0.45,27.05,1.67,30.05,3.3,27.68,1.51,-1.0,30.29,0.11,-23.0,26.58,12.62,-145.0,33.79,66.21,150.0,1027.0,30.05,30.05,30.45,30.4
20130318,0.0,2383,台光電,0.45,26.78,1.67,29.75,4.2,27.68,1.51,-2.0,30.26,0.12,8.0,26.6,12.67,143.0,22.79,77.21,36.0,1506.0,29.75,29.75,30.0,30.0
20130319,1.56,2383,台光電,0.45,26.72,1.67,29.95,4.0,27.68,1.51,0.0,30.26,0.11,-14.0,26.6,12.67,-5.0,40.91,59.09,23.0,643.0,29.95,29.8,29.95,29.85
20130320,0.0,2383,台光電,0.46,26.89,1.72,29.85,4.1,27.68,1.51,0.0,30.26,0.11,-14.0,26.61,12.66,-17.0,46.48,53.52,15.0,985.0,29.85,29.8,30.0,29.95
20130321,0.7,2383,台光電,0.46,26.86,1.72,29.9,3.6,27.68,1.51,0.0,30.26,0.11,0.0,26.63,12.74,-14.0,49.51,50.49,25.0,719.0,29.9,29.85,30.15,29.9
20130322,3.04,2383,台光電,0.47,27.43,1.7,30.4,7.5,27.68,1.51,0.0,30.31,0.14,110.0,26.65,12.78,167.0,71.43,28.57,32.0,2140.0,30.4,29.9,30.65,29.9
20130325,0.1,2383,台光電,0.47,27.71,1.68,30.6,6.6,27.68,1.51,0.0,30.4,0.2,176.0,26.65,12.73,-145.0,53.72,46.28,148.0,1973.0,30.6,30.4,30.65,30.4
20130326,0.0,2383,台光電,0.42,25.69,1.64,29.9,4.7,27.68,1.51,0.0,30.37,0.11,-281.0,26.65,12.59,-430.0,33.97,66.03,185.0,5756.0,29.9,29.85,30.3,30.25
20130327,1.75,2383,台光電,0.42,25.12,1.67,29.9,3.6,27.72,1.53,82.0,30.36,0.11,10.0,26.66,12.53,-188.0,45.04,54.96,107.0,2348.0,29.9,29.85,30.1,30.1
20130328,2.23,2383,台光電,0.38,24.95,1.52,30.0,4.4,27.72,1.53,0.0,30.36,0.11,-11.0,26.66,12.55,72.0,51.5,48.5,43.0,940.0,30.0,29.95,30.2,30.2
20130329,0.06,2383,台光電,0.21,25.05,0.83,30.0,4.1,27.72,1.53,0.0,30.36,0.11,-5.0,26.67,12.55,-10.0,44.34,55.66,27.0,1631.0,30.0,29.9,30.2,30.2
20130401,0.0,2383,台光電,0.18,25.11,0.7,29.85,3.2,27.72,1.53,-1.0,30.28,0.11,24.0,26.67,12.55,-11.0,40.64,59.36,46.0,1486.0,29.85,29.75,30.1,30.05
20130402,0.0,2383,台光電,0.17,24.93,0.66,29.65,4.2,27.72,1.53,0.0,30.25,0.12,15.0,26.67,12.49,-185.0,35.89,64.11,139.0,1923.0,29.65,29.65,29.85,29.85
20130403,0.0,2383,台光電,0.0,25.91,0.0,30.15,6.6,27.72,1.53,0.0,30.25,0.12,-10.0,26.67,12.35,-431.0,70.14,29.86,193.0,4721.0,30.15,29.55,30.2,29.75
20130408,0.0,2383,台光電,0.0,24.9,0.0,29.6,3.7,27.72,1.53,0.0,30.25,0.11,-7.0,26.7,12.33,195.0,35.62,64.38,145.0,2461.0,29.6,29.5,29.85,29.7
20130409,0.0,2383,台光電,0.0,24.55,0.0,29.55,3.2,27.72,1.51,-50.0,30.25,0.11,0.0,26.7,12.25,-259.0,34.2,65.8,44.0,1158.0,29.55,29.5,29.8,29.8
20130410,0.0,2383,台光電,0.0,24.19,0.0,29.65,4.4,27.72,1.51,0.0,30.2,0.11,-5.0,26.71,12.19,-165.0,49.82,50.18,95.0,1113.0,29.65,29.55,29.85,29.75
20130411,0.81,2383,台光電,0.05,24.77,0.18,29.85,5.7,27.72,1.51,0.0,30.06,0.06,-175.0,26.72,12.15,-127.0,43.41,56.59,57.0,2096.0,29.85,29.85,30.1,29.9
20130412,0.12,2383,台光電,0.07,24.66,0.27,29.7,3.2,27.72,1.51,0.0,30.06,0.06,0.0,26.72,12.05,-308.0,32.43,67.57,113.0,1626.0,29.7,29.6,30.0,29.85
20130415,1.62,2383,台光電,0.12,24.92,0.5,29.65,5.4,27.72,1.51,-1.0,29.89,0.09,110.0,26.73,12.05,-30.0,54.14,45.86,45.0,2163.0,29.65,29.65,30.15,29.9
20130416,0.73,2383,台光電,0.13,24.72,0.52,29.65,5.2,27.72,1.51,0.0,29.82,0.12,76.0,26.74,12.06,28.0,49.53,50.47,80.0,1376.0,29.65,29.35,29.75,29.4
20130417,13.09,2383,台光電,0.15,25.26,0.58,30.25,6.2,27.72,1.51,-5.0,29.84,0.1,-42.0,26.76,12.08,60.0,66.0,34.0,182.0,5148.0,30.25,29.65,30.3,29.7
20130418,10.2,2383,台光電,0.46,25.16,1.83,30.3,6.2,27.72,1.51,-3.0,29.9,0.12,50.0,26.79,12.16,241.0,63.28,36.72,97.0,6196.0,30.3,30.1,30.6,30.2
20130419,1.71,2383,台光電,0.27,25.31,1.06,30.25,4.9,27.72,1.51,0.0,29.9,0.12,0.0,26.8,12.18,73.0,47.13,52.87,76.0,3038.0,30.25,30.2,30.5,30.4
20130422,0.47,2383,台光電,0.2,25.39,0.78,30.1,4.5,27.72,1.51,-1.0,29.9,0.12,0.0,26.81,12.08,-313.0,38.35,61.65,124.0,1718.0,30.1,30.0,30.35,30.35
20130423,0.06,2383,台光電,0.15,25.47,0.6,29.95,4.5,27.72,1.41,-304.0,29.9,0.12,0.0,26.82,12.05,-115.0,28.05,71.95,91.0,1777.0,29.95,29.9,30.35,30.1
20130424,0.39,2383,台光電,0.1,25.24,0.39,30.05,4.4,27.72,1.41,0.0,29.9,0.11,-30.0,26.83,12.08,151.0,39.27,60.73,62.0,1272.0,30.05,30.0,30.2,30.2
20130425,2.75,2383,台光電,0.08,24.95,0.32,30.1,4.9,27.72,1.41,-3.0,29.9,0.1,-20.0,26.85,12.02,-184.0,43.43,56.57,41.0,1780.0,30.1,30.0,30.3,30.05
20130426,0.0,2383,台光電,0.08,24.87,0.33,29.9,2.8,27.72,1.41,0.0,29.9,0.07,-100.0,26.85,12.03,29.0,28.85,71.15,126.0,1603.0,29.9,29.9,30.25,30.25
20130429,0.28,2383,台光電,0.08,24.82,0.32,30.05,3.6,27.72,1.41,-1.0,29.9,0.07,0.0,26.86,12.03,10.0,51.87,48.13,45.0,702.0,30.05,29.9,30.1,29.9
20130430,9.64,2383,台光電,0.08,25.45,0.33,30.2,5.4,27.72,1.41,0.0,29.9,0.07,-15.0,26.88,12.11,226.0,69.2,30.8,76.0,3412.0,30.2,30.1,30.5,30.2
20130502,0.0,2383,台光電,0.09,25.4,0.34,30.2,5.7,27.72,1.41,0.0,29.9,0.07,0.0,26.89,12.05,-167.0,47.35,52.65,155.0,1945.0,30.2,30.1,30.25,30.1
20130503,0.37,2383,台光電,0.09,25.48,0.34,30.1,4.5,27.72,1.41,-5.0,29.9,0.07,0.0,26.89,12.07,44.0,44.23,55.77,47.0,1914.0,30.1,30.1,30.3,30.3
20130506,0.18,2383,台光電,0.09,25.25,0.34,30.05,4.8,27.72,1.34,-203.0,29.96,0.05,-34.0,26.91,12.1,74.0,32.86,67.14,65.0,1686.0,30.05,30.05,30.3,30.2
20130507,0.12,2383,台光電,0.09,25.33,0.35,30.2,5.6,27.72,1.34,0.0,29.96,0.05,0.0,26.92,12.12,75.0,50.64,49.36,55.0,862.0,30.2,30.05,30.25,30.2
20130508,0.0,2383,台光電,0.09,25.27,0.37,30.0,5.0,27.72,1.28,-200.0,29.96,0.05,0.0,26.94,12.14,57.0,39.95,60.05,83.0,2136.0,30.0,30.0,30.3,30.25
20130509,0.81,2383,台光電,0.09,25.28,0.37,30.2,6.1,27.72,1.28,-2.0,29.96,0.05,0.0,26.95,12.19,156.0,62.62,37.38,93.0,1853.0,30.2,30.1,30.3,30.2
20130510,0.0,2383,台光電,0.05,24.21,0.19,28.3,5.0,27.72,0.92,-1100.0,,0.0,-300.0,26.96,12.23,115.0,31.6,68.4,164.0,12759.0,28.3,28.1,28.7,28.2
20130513,0.12,2383,台光電,0.05,24.02,0.22,28.0,4.5,27.72,0.83,-300.0,28.0,0.01,38.0,26.97,12.19,-111.0,44.66,55.34,119.0,4960.0,28.0,27.8,28.35,28.3
20130514,0.0,2383,台光電,0.04,23.83,0.18,27.7,4.0,27.72,0.72,-315.0,27.99,0.01,2.0,26.97,12.07,-366.0,31.41,68.59,67.0,3477.0,27.7,27.6,28.1,27.9
20130515,0.2,2383,台光電,0.05,23.49,0.21,27.75,4.4,27.72,0.72,0.0,27.99,0.01,-1.0,26.97,12.03,-139.0,37.21,62.79,67.0,1961.0,27.75,27.6,27.85,27.7
20130516,1.48,2383,台光電,0.02,23.31,0.1,27.95,6.1,27.72,0.72,0.0,27.98,0.01,2.0,26.97,11.94,-262.0,44.68,55.32,174.0,2371.0,27.95,27.9,28.2,27.95
20130517,0.05,2383,台光電,0.02,23.03,0.07,27.75,4.4,27.72,0.73,19.0,27.82,0.05,102.0,26.97,11.9,-130.0,40.61,59.39,31.0,1937.0,27.75,27.75,28.05,28.0
20130520,1.41,2383,台光電,0.03,22.98,0.14,28.0,5.2,27.72,0.73,-2.0,27.82,0.05,0.0,26.98,12.0,318.0,64.67,35.33,70.0,1626.0,28.0,27.85,28.2,27.95
20130521,0.9,2383,台光電,0.03,22.91,0.15,28.05,6.0,27.72,0.73,0.0,27.82,0.04,-15.0,26.98,11.97,-91.0,38.39,61.61,85.0,1437.0,28.05,27.9,28.15,28.15
20130522,2.9,2383,台光電,0.03,22.85,0.14,28.05,6.0,27.72,0.73,-8.0,27.82,0.04,0.0,26.99,11.95,-55.0,31.33,68.67,21.0,1274.0,28.05,28.0,28.3,28.3
20130523,0.0,2383,台光電,0.03,22.54,0.14,27.8,6.2,27.72,0.73,0.0,27.82,0.04,-2.0,26.99,11.94,-36.0,22.3,77.7,21.0,1826.0,27.8,27.75,28.1,28.05
20130524,26.1,2383,台光電,0.04,23.13,0.19,27.9,7.5,27.72,0.73,-3.0,27.82,0.04,0.0,26.99,11.93,-36.0,63.57,36.43,106.0,2796.0,27.9,27.75,28.35,27.8
20130527,2.35,2383,台光電,0.05,22.92,0.22,28.05,6.5,27.72,0.73,0.0,27.82,0.04,0.0,26.99,11.97,120.0,51.12,48.88,42.0,807.0,28.05,28.0,28.15,28.1
20130528,1.04,2383,台光電,0.05,22.77,0.22,28.1,6.5,27.72,0.73,0.0,27.82,0.04,0.0,27.01,12.12,449.0,61.56,38.44,53.0,1054.0,28.1,28.05,28.25,28.15
20130529,2.38,2383,台光電,0.05,22.7,0.22,28.2,7.0,27.72,0.73,0.0,27.82,0.04,0.0,27.02,12.26,458.0,45.1,54.9,32.0,1343.0,28.2,28.15,28.3,28.25
20130530,1.03,2383,台光電,0.05,22.76,0.22,28.1,5.7,27.72,0.73,-2.0,27.82,0.04,0.0,27.03,12.3,109.0,34.16,65.84,47.0,974.0,28.1,28.05,28.3,28.25
20130531,0.29,2383,台光電,0.05,22.49,0.22,28.15,6.6,27.72,0.73,0.0,27.82,0.04,0.0,27.04,12.39,265.0,43.83,56.17,75.0,1048.0,28.15,28.05,28.3,28.2
20130603,0.0,2383,台光電,0.05,22.49,0.22,27.95,4.9,27.72,0.73,0.0,27.82,0.04,0.0,27.04,12.42,110.0,41.26,58.74,56.0,815.0,27.95,27.85,28.1,28.0
20130604,0.33,2383,台光電,0.07,22.5,0.29,28.05,5.4,27.72,0.73,0.0,27.82,0.04,-1.0,27.05,12.48,189.0,47.84,52.16,91.0,904.0,28.05,27.95,28.1,28.0
20130605,0.0,2383,台光電,0.07,22.39,0.29,27.95,4.5,27.72,0.73,0.0,27.82,0.04,-1.0,27.05,12.37,-36.0,26.59,73.41,23.0,633.0,27.95,27.95,28.1,28.05
20130606,0.25,2383,台光電,0.06,22.29,0.29,27.95,5.5,27.72,0.73,0.0,27.82,0.04,-3.0,27.06,12.39,44.0,50.42,49.58,65.0,2031.0,27.95,27.75,28.05,27.85
20130607,0.34,2383,台光電,0.08,22.09,0.35,27.85,5.4,27.72,0.73,0.0,27.82,0.04,-1.0,27.07,12.49,318.0,24.45,75.55,37.0,1468.0,27.85,27.85,28.05,28.0
20130610,0.0,2383,台光電,0.06,21.97,0.29,27.95,5.7,27.73,0.73,15.0,27.82,0.04,1.0,27.08,12.6,327.0,59.65,40.35,44.0,1193.0,27.95,27.95,28.2,28.1
20130611,0.0,2383,台光電,0.06,21.94,0.28,27.85,4.9,27.73,0.71,-47.0,,0.0,-208.0,27.08,12.55,-130.0,24.81,75.19,135.0,1173.0,27.85,27.85,28.0,27.95
20130613,0.0,2383,台光電,0.05,21.79,0.25,27.4,5.9,27.73,0.7,-46.0,,0.0,0.0,27.08,12.55,-12.0,14.29,85.71,66.0,1648.0,27.4,27.4,27.7,27.7
20130614,0.17,2383,台光電,0.05,21.45,0.24,27.3,5.3,27.73,0.7,0.0,,0.0,-1.0,27.08,12.6,162.0,36.39,63.61,35.0,1186.0,27.3,27.25,27.55,27.45
20130617,0.24,2383,台光電,0.08,21.21,0.38,27.7,6.5,27.73,0.7,0.0,,0.0,0.0,27.09,12.67,214.0,60.6,39.4,31.0,839.0,27.7,27.3,27.7,27.3
20130618,0.4,2383,台光電,0.07,20.83,0.34,27.8,7.5,27.73,0.7,0.0,,0.0,-1.0,27.1,12.84,515.0,48.58,51.42,100.0,1234.0,27.8,27.7,28.05,28.0
20130619,0.0,2383,台光電,0.07,20.83,0.34,27.8,5.7,27.73,0.7,0.0,,0.0,0.0,27.1,12.84,17.0,41.1,58.9,36.0,440.0,27.8,27.8,28.05,28.0
20130620,0.0,2383,台光電,0.07,20.71,0.34,27.6,5.8,27.73,0.7,0.0,,0.0,0.0,27.1,12.86,62.0,63.18,36.82,32.0,604.0,27.6,27.5,27.8,27.5
20130621,0.0,2383,台光電,0.05,20.84,0.23,26.35,5.9,27.73,0.62,-257.0,,0.0,-8.0,27.08,12.46,-1234.0,56.83,43.17,1568.0,3625.0,26.35,26.35,27.4,27.3
20130624,1.72,2383,台光電,0.05,20.95,0.24,26.7,5.3,27.72,0.49,-392.0,,0.0,0.0,27.07,12.43,-114.0,35.54,64.46,49.0,2147.0,26.7,26.2,26.8,26.6
20130625,0.0,2383,台光電,0.04,20.75,0.21,26.0,4.4,27.72,0.49,0.0,26.0,0.0,6.0,27.06,12.46,92.0,23.38,76.62,58.0,1309.0,26.0,25.9,26.6,26.6
20130626,0.74,2383,台光電,0.05,20.54,0.26,26.25,5.3,27.72,0.49,0.0,,0.0,-21.0,27.05,12.49,103.0,36.16,63.84,56.0,1751.0,26.25,25.9,26.45,26.3
20130627,0.37,2383,台光電,0.05,20.5,0.24,26.25,4.8,27.72,0.49,-1.0,,0.0,-47.0,27.04,12.52,110.0,44.96,55.04,70.0,1093.0,26.25,26.2,26.4,26.4
20130628,0.12,2383,台光電,0.06,20.34,0.3,26.4,6.0,27.72,0.49,1.0,,0.0,-22.0,27.04,12.59,201.0,56.56,43.44,48.0,827.0,26.4,26.25,26.45,26.4
20130701,3.17,2383,台光電,0.05,20.29,0.27,26.9,7.4,27.67,0.53,114.0,26.9,0.01,37.0,27.04,12.62,98.0,75.82,24.18,11.0,882.0,26.9,26.4,26.95,26.4
20130702,1.71,2383,台光電,0.06,20.68,0.29,27.15,7.9,27.67,0.53,0.0,26.9,0.01,0.0,27.04,12.7,252.0,52.07,47.93,31.0,1285.0,27.15,27.0,27.3,27.1
20130703,0.49,2383,台光電,0.05,20.62,0.24,27.1,6.5,27.67,0.53,0.0,26.9,0.01,0.0,27.04,12.75,160.0,38.64,61.36,84.0,616.0,27.1,26.9,27.2,27.15
20130704,0.53,2383,台光電,0.05,20.72,0.24,26.75,5.7,27.67,0.53,-2.0,26.87,0.01,9.0,27.04,12.74,-37.0,34.8,65.2,43.0,569.0,26.75,26.7,27.15,27.1
20130705,0.24,2383,台光電,0.05,20.66,0.25,26.75,6.2,27.66,0.53,4.0,26.83,0.02,23.0,27.04,12.75,19.0,46.97,53.03,53.0,826.0,26.75,26.7,27.0,26.75
20130708,0.0,2383,台光電,0.05,20.5,0.25,26.55,5.7,27.66,0.53,0.0,26.83,0.02,-2.0,27.04,12.78,93.0,33.01,66.99,31.0,520.0,26.55,26.55,26.8,26.75
20130709,0.0,2383,台光電,0.05,20.39,0.25,26.45,4.9,27.66,0.53,0.0,26.83,0.02,0.0,27.04,12.79,31.0,24.74,75.26,59.0,488.0,26.45,26.45,26.75,26.55
20130710,1.79,2383,台光電,0.06,20.04,0.3,26.45,6.3,27.66,0.53,0.0,26.77,0.03,11.0,27.04,12.83,129.0,53.06,46.94,41.0,671.0,26.45,26.45,26.75,26.5
20130711,0.16,2383,台光電,0.06,19.97,0.28,26.6,6.6,27.66,0.53,0.0,26.76,0.03,7.0,27.03,12.86,104.0,43.55,56.45,56.0,637.0,26.6,26.5,26.7,26.7
20130712,0.17,2383,台光電,0.06,19.84,0.29,26.6,5.7,27.66,0.53,0.0,26.76,0.03,0.0,27.03,12.87,45.0,32.35,67.65,23.0,575.0,26.6,26.55,26.8,26.8
20130715,0.76,2383,台光電,0.04,19.87,0.22,26.55,6.7,27.66,0.5,-100.0,26.76,0.03,0.0,27.03,12.86,-52.0,29.25,70.75,39.0,786.0,26.55,26.5,26.75,26.65
20130716,1.32,2383,台光電,0.04,20.12,0.22,26.6,7.5,27.66,0.46,-100.0,26.76,0.01,-41.0,27.03,12.86,17.0,38.49,61.51,23.0,1064.0,26.6,26.5,26.65,26.55
20130717,2.07,2383,台光電,0.04,19.85,0.18,27.2,7.8,27.66,0.42,-150.0,26.77,0.01,-15.0,27.03,12.87,19.0,65.5,34.5,68.0,2178.0,27.2,26.6,27.3,26.6
20130718,0.17,2383,台光電,0.03,19.42,0.18,26.9,6.5,27.66,0.38,-100.0,26.77,0.01,0.0,27.03,12.81,-197.0,26.17,73.83,61.0,1202.0,26.9,26.85,27.3,27.3
20130719,0.0,2383,台光電,0.03,19.24,0.15,26.7,5.6,27.66,0.38,1.0,26.76,0.01,4.0,27.03,12.79,-44.0,27.54,72.46,36.0,876.0,26.7,26.6,26.85,26.8
20130722,0.0,2383,台光電,0.03,19.34,0.17,27.05,6.8,27.66,0.38,0.0,26.76,0.01,-13.0,27.03,12.82,85.0,55.15,44.85,30.0,633.0,27.05,26.7,27.05,26.7
20130723,0.08,2383,台光電,0.03,19.36,0.17,27.35,8.3,27.66,0.38,1.0,26.97,0.01,11.0,27.04,13.0,570.0,56.84,43.16,85.0,1294.0,27.35,27.05,27.35,27.05
20130724,1.76,2383,台光電,0.03,19.44,0.15,27.45,7.8,27.66,0.38,0.0,26.97,0.01,-1.0,27.04,13.0,8.0,51.41,48.59,25.0,1137.0,27.45,27.4,27.75,27.6
20130725,0.59,2383,台光電,0.03,19.52,0.16,27.55,7.3,27.66,0.38,0.0,26.99,0.01,-2.0,27.04,13.05,153.0,42.71,57.29,21.0,682.0,27.55,27.45,27.65,27.5
20130726,0.23,2383,台光電,0.03,19.5,0.16,27.4,6.1,27.66,0.38,0.0,26.99,0.01,0.0,27.04,13.07,34.0,30.61,69.39,31.0,428.0,27.4,27.4,27.65,27.55
20130729,0.19,2383,台光電,0.03,19.47,0.16,27.3,6.6,27.66,0.38,0.0,26.99,0.01,-5.0,27.04,13.05,-53.0,36.31,63.69,43.0,527.0,27.3,27.3,27.8,27.4
20130730,0.0,2383,台光電,0.03,19.44,0.16,27.55,6.9,27.66,0.38,2.0,26.99,0.01,0.0,27.04,13.15,313.0,72.19,27.81,123.0,454.0,27.55,27.4,27.55,27.4
20130731,0.0,2383,台光電,0.03,19.06,0.16,27.1,5.9,27.66,0.38,-1.0,27.03,0.01,10.0,27.04,13.14,-40.0,35.09,64.91,53.0,1105.0,27.1,27.0,27.6,27.55
20130801,0.19,2383,台光電,0.04,19.08,0.22,27.35,5.7,27.66,0.38,-8.0,27.03,0.01,-1.0,27.05,13.21,231.0,50.75,49.25,24.0,536.0,27.35,27.1,27.4,27.15
20130802,0.73,2383,台光電,0.04,19.07,0.22,27.3,6.3,27.66,0.38,0.0,27.03,0.01,0.0,27.05,13.23,75.0,26.51,73.49,32.0,682.0,27.3,27.15,27.65,27.6
20130805,0.18,2383,台光電,0.04,19.05,0.23,27.3,5.3,27.66,0.38,-1.0,27.03,0.01,0.0,27.05,13.24,22.0,33.64,66.36,45.0,548.0,27.3,27.2,27.6,27.3
20130806,0.0,2383,台光電,0.05,18.93,0.28,27.25,4.9,27.66,0.37,-27.0,27.03,0.01,-1.0,27.05,13.24,-3.0,24.58,75.42,42.0,536.0,27.25,27.2,27.45,27.3
20130807,0.19,2383,台光電,0.06,18.87,0.31,27.1,4.9,27.66,0.37,0.0,27.03,0.01,-5.0,27.05,13.25,22.0,25.86,74.14,34.0,524.0,27.1,27.1,27.4,27.25
20130808,0.0,2383,台光電,0.06,18.87,0.33,27.1,4.9,27.66,0.37,0.0,27.03,0.01,-9.0,27.05,13.23,-47.0,38.18,61.82,22.0,500.0,27.1,27.05,27.3,27.15
20130809,0.14,2383,台光電,0.05,19.13,0.27,27.05,5.4,27.66,0.37,0.0,27.03,0.01,-1.0,27.05,13.19,-129.0,33.67,66.33,24.0,694.0,27.05,27.0,27.3,27.3
20130812,0.0,2383,台光電,0.03,19.13,0.15,26.85,5.4,27.66,0.37,0.0,27.01,0.01,1.0,27.05,13.15,-129.0,32.52,67.48,20.0,1312.0,26.85,26.8,27.05,27.05
20130813,0.0,2383,台光電,0.03,19.01,0.15,26.85,4.9,27.66,0.37,0.0,27.01,0.01,0.0,27.05,13.11,-131.0,42.48,57.52,56.0,960.0,26.85,26.85,27.05,26.9
20130814,1.21,2383,台光電,0.03,18.77,0.15,26.9,5.6,27.66,0.37,0.0,27.01,0.01,0.0,27.05,13.1,-21.0,33.01,66.99,27.0,828.0,26.9,26.7,27.05,26.9
20130815,0.12,2383,台光電,0.03,18.94,0.15,26.75,4.4,27.66,0.37,-20.0,27.01,0.01,0.0,27.04,13.1,5.0,27.65,72.35,58.0,823.0,26.75,26.75,27.0,26.9
20130816,0.0,2383,台光電,0.03,18.85,0.15,26.85,6.0,27.66,0.36,-5.0,27.01,0.01,0.0,27.04,13.05,-150.0,57.6,42.4,37.0,752.0,26.85,26.55,26.95,26.6
20130819,0.0,2383,台光電,0.03,19.14,0.13,26.95,6.4,27.66,0.36,0.0,27.01,0.01,0.0,27.04,13.06,26.0,41.54,58.46,15.0,714.0,26.95,26.75,27.05,26.85
20130820,0.0,2383,台光電,0.02,19.35,0.11,26.8,6.2,27.66,0.36,0.0,27.01,0.01,0.0,27.04,12.96,-309.0,28.4,71.6,36.0,1007.0,26.8,26.75,27.05,26.95
20130822,0.0,2383,台光電,0.01,19.36,0.06,26.7,5.3,27.66,0.36,0.0,27.01,0.01,-1.0,27.04,12.86,-298.0,38.54,61.46,16.0,880.0,26.7,26.5,26.8,26.5
20130823,0.0,2383,台光電,0.0,19.31,0.0,26.85,6.0,27.66,0.36,0.0,27.01,0.01,0.0,27.04,12.86,11.0,52.03,47.97,57.0,815.0,26.85,26.7,26.95,26.8
20130826,0.0,2383,台光電,0.0,19.17,0.0,26.95,6.6,27.66,0.36,0.0,27.01,0.01,0.0,27.04,12.88,73.0,39.71,60.29,21.0,980.0,26.95,26.85,27.05,27.0
20130827,0.0,2383,台光電,0.0,18.87,0.0,26.65,5.4,27.66,0.36,0.0,26.73,0.01,11.0,27.04,12.82,-208.0,59.82,40.18,94.0,3812.0,26.65,26.6,27.0,27.0
20130828,0.0,2383,台光電,0.0,18.52,0.0,26.5,4.9,27.66,0.36,0.0,26.62,0.02,23.0,27.04,12.7,-371.0,41.19,58.81,387.0,2901.0,26.5,26.4,26.7,26.6
20130829,1.66,2383,台光電,0.01,18.92,0.07,24.8,4.8,25.87,0.36,0.0,24.83,0.0,-41.0,25.25,12.66,-107.0,44.5,55.5,61.0,1747.0,24.8,24.8,25.1,24.9
20130830,0.08,2383,台光電,0.0,19.04,0.0,24.6,4.4,25.87,0.36,1.0,24.83,0.0,0.0,25.24,12.54,-376.0,32.53,67.47,265.0,1281.0,24.6,24.6,24.9,24.85
20130902,0.0,2383,台光電,0.0,19.0,0.0,24.65,4.0,25.87,0.36,0.0,24.83,0.0,0.0,25.24,12.52,-73.0,38.9,61.1,20.0,782.0,24.65,24.6,24.85,24.6
20130903,0.12,2383,台光電,0.0,18.79,0.01,24.95,6.1,25.87,0.36,0.0,24.83,0.0,0.0,25.24,12.58,181.0,46.54,53.46,21.0,856.0,24.95,24.7,25.1,24.9
20130904,15.18,2383,台光電,0.01,18.96,0.03,25.6,6.2,25.87,0.36,0.0,24.83,0.0,0.0,25.24,12.52,-186.0,55.42,44.58,87.0,2510.0,25.6,24.8,25.65,24.95
20130905,3.33,2383,台光電,0.0,19.17,0.01,25.7,5.7,25.87,0.37,4.0,25.63,0.04,100.0,25.24,12.49,-119.0,54.48,45.52,43.0,2218.0,25.7,25.7,26.2,25.75
20130906,0.24,2383,台光電,0.0,19.32,0.01,25.4,4.4,25.87,0.37,0.0,25.63,0.04,0.0,25.24,12.36,-403.0,25.2,74.8,39.0,1255.0,25.4,25.4,25.85,25.7
20130909,0.0,2383,台光電,0.0,19.45,0.01,25.2,4.4,25.87,0.37,-1.0,25.63,0.04,0.0,25.24,12.32,-109.0,35.15,64.85,42.0,921.0,25.2,25.15,25.55,25.4
20130910,0.11,2383,台光電,0.0,19.32,0.01,25.1,4.5,25.87,0.37,-2.0,25.63,0.03,-16.0,25.24,12.4,253.0,33.05,66.95,29.0,933.0,25.1,25.0,25.5,25.5
20130911,0.0,2383,台光電,0.0,19.23,0.01,25.05,4.1,25.87,0.37,0.0,25.63,0.01,-50.0,25.24,12.38,-60.0,33.07,66.93,56.0,1132.0,25.05,24.9,25.25,25.1
20130912,0.17,2383,台光電,0.01,19.23,0.03,25.0,3.6,25.86,0.37,3.0,25.63,0.01,0.0,25.24,12.4,49.0,34.33,65.67,38.0,578.0,25.0,25.0,25.15,25.05
20130913,1.61,2383,台光電,0.0,19.28,0.01,25.25,6.2,25.86,0.37,0.0,,0.0,-50.0,25.24,12.4,9.0,62.24,37.76,44.0,1613.0,25.25,24.85,25.65,25.15
20130914,0.16,2383,台光電,0.0,19.24,0.01,25.1,4.1,25.86,0.37,0.0,25.1,0.03,100.0,25.24,12.4,0.0,37.73,62.27,36.0,645.0,25.1,25.1,25.3,25.15
20130916,1.31,2383,台光電,0.0,19.2,0.01,25.2,5.8,25.86,0.33,-120.0,25.1,0.03,0.0,25.24,12.44,113.0,38.4,61.6,26.0,918.0,25.2,25.0,25.25,25.0
20130917,0.0,2383,台光電,0.0,19.24,0.01,25.05,4.6,25.86,0.33,0.0,25.1,0.03,0.0,25.24,12.33,-327.0,23.45,76.55,22.0,1033.0,25.05,25.0,25.15,25.1
20130918,0.0,2383,台光電,0.0,19.01,0.01,25.0,4.6,25.86,0.33,0.0,25.1,0.03,0.0,25.24,12.22,-353.0,34.99,65.01,19.0,1213.0,25.0,24.95,25.15,24.95
20130923,0.62,2383,台光電,0.0,18.93,0.01,25.3,6.0,25.86,0.33,0.0,25.1,0.03,0.0,25.24,12.28,203.0,54.51,45.49,15.0,801.0,25.3,25.05,25.35,25.1
20130924,0.97,2383,台光電,0.0,18.99,0.01,25.15,5.3,25.86,0.33,0.0,25.1,0.03,0.0,25.24,12.22,-285.0,40.26,59.74,35.0,929.0,25.15,25.1,25.45,25.35
20130925,0.21,2383,台光電,0.0,18.94,0.01,24.95,4.6,25.86,0.33,0.0,25.1,0.03,0.0,25.24,12.12,-509.0,29.03,70.97,102.0,1907.0,24.95,24.9,25.15,25.05
20130926,0.13,2383,台光電,0.01,19.14,0.04,24.75,4.1,25.86,0.33,0.0,25.1,0.03,0.0,25.24,11.87,-793.0,22.09,77.91,66.0,1529.0,24.75,24.7,25.0,24.9
20130927,11.95,2383,台光電,0.02,19.47,0.09,25.15,6.5,25.86,0.33,0.0,25.1,0.03,0.0,25.24,11.84,-75.0,63.82,36.18,67.0,1531.0,25.15,24.75,25.35,24.75
20130930,0.77,2383,台光電,0.02,19.44,0.08,24.95,4.4,25.86,0.33,0.0,25.1,0.03,0.0,25.24,11.75,-280.0,48.74,51.26,48.0,912.0,24.95,24.85,25.1,25.1
20131001,0.31,2383,台光電,0.02,19.52,0.08,24.85,4.1,25.86,0.29,-106.0,25.1,0.03,0.0,25.23,11.62,-406.0,27.74,72.26,61.0,969.0,24.85,24.85,25.0,25.0
20131002,0.14,2383,台光電,0.01,19.37,0.07,24.8,3.6,25.86,0.29,-2.0,25.1,0.03,-2.0,25.23,11.48,-247.0,29.33,70.67,41.0,694.0,24.8,24.75,25.0,24.95
20131003,35.26,2383,台光電,0.01,19.77,0.07,25.05,6.6,25.86,0.29,0.0,25.09,0.04,15.0,25.23,11.4,-261.0,62.55,37.45,69.0,2109.0,25.05,24.8,25.25,24.8
20131004,0.0,2383,台光電,0.0,19.74,0.02,25.1,6.1,25.86,0.29,0.0,25.09,0.04,0.0,25.23,11.34,-179.0,51.45,48.55,26.0,1181.0,25.1,25.1,25.3,25.25
20131007,0.13,2383,台光電,0.0,19.83,0.01,25.05,4.4,25.86,0.29,0.0,25.09,0.04,0.0,25.23,11.33,-28.0,34.42,65.58,22.0,741.0,25.05,25.0,25.15,25.1
20131008,0.94,2383,台光電,0.0,19.59,0.01,24.85,4.5,25.86,0.29,0.0,24.98,0.07,100.0,25.23,11.4,51.0,48.17,51.83,79.0,959.0,24.85,24.8,25.05,25.05
20131009,1.14,2383,台光電,0.0,19.34,0.01,24.65,4.6,25.86,0.29,0.0,24.96,0.07,15.0,25.23,11.09,-985.0,24.13,75.87,62.0,1934.0,24.65,24.65,24.9,24.8
20131011,1.32,2383,台光電,0.01,19.47,0.07,24.4,5.0,25.86,0.29,0.0,24.79,0.11,100.0,25.23,10.72,-1144.0,31.79,68.21,564.0,2722.0,24.4,24.3,24.85,24.8
20131014,0.41,2383,台光電,0.04,19.48,0.19,24.0,4.1,25.86,0.29,0.0,24.49,0.17,200.0,25.22,10.72,9.0,15.96,84.04,45.0,1966.0,24.0,24.0,24.5,24.5
20131015,0.71,2383,台光電,0.03,19.9,0.14,24.0,4.0,25.86,0.29,0.0,24.49,0.17,4.0,25.21,10.62,-426.0,37.89,62.11,53.0,1689.0,24.0,23.95,24.25,24.05
20131016,0.88,2383,台光電,0.03,19.34,0.16,24.0,5.0,25.86,0.29,0.0,24.49,0.17,-15.0,25.2,10.72,283.0,28.25,71.75,157.0,2168.0,24.0,23.9,24.05,24.0
20131017,0.29,2383,台光電,0.04,19.61,0.2,24.0,3.6,25.86,0.29,0.0,24.48,0.17,4.0,25.2,10.62,-303.0,29.54,70.46,50.0,1373.0,24.0,23.9,24.2,24.0
20131018,1.96,2383,台光電,0.03,19.81,0.17,24.15,4.8,25.86,0.29,0.0,24.48,0.17,0.0,25.19,10.64,83.0,34.64,65.36,62.0,1224.0,24.15,24.0,24.3,24.0
20131021,2.6,2383,台光電,0.04,19.96,0.21,23.95,4.1,25.86,0.29,0.0,24.46,0.17,20.0,25.19,10.62,-79.0,29.35,70.65,85.0,1422.0,23.95,23.9,24.25,24.2
20131022,0.37,2383,台光電,0.03,20.0,0.14,24.1,5.6,25.86,0.29,-12.0,24.46,0.17,0.0,25.19,10.62,-13.0,34.24,65.76,44.0,812.0,24.1,23.9,24.1,24.05
20131023,0.52,2383,台光電,0.03,19.98,0.15,24.0,4.0,25.86,0.29,0.0,24.46,0.17,0.0,25.19,10.63,40.0,22.38,77.62,21.0,582.0,24.0,23.9,24.15,24.1
20131024,2.45,2383,台光電,0.03,19.99,0.15,24.1,6.1,25.86,0.29,0.0,24.46,0.17,-19.0,25.18,10.67,138.0,58.04,41.96,29.0,777.0,24.1,23.85,24.15,24.0
20131025,1.03,2383,台光電,0.02,19.75,0.12,24.35,6.7,25.86,0.29,0.0,24.44,0.22,150.0,25.18,10.69,70.0,58.88,41.12,50.0,1450.0,24.35,24.05,24.45,24.1
20131028,1.76,2383,台光電,0.02,19.65,0.12,24.45,6.6,25.86,0.29,0.0,24.44,0.22,0.0,25.18,10.71,41.0,43.36,56.64,23.0,1135.0,24.45,24.35,24.55,24.4
20131029,11.7,2383,台光電,0.02,19.4,0.12,24.45,5.7,25.86,0.29,0.0,24.44,0.17,-150.0,25.18,10.73,68.0,37.24,62.76,25.0,956.0,24.45,24.25,24.55,24.45
20131030,1.89,2383,台光電,0.02,19.43,0.12,24.4,5.3,25.86,0.29,0.0,24.44,0.17,0.0,25.17,10.75,57.0,31.21,68.79,16.0,741.0,24.4,24.35,24.6,24.55
20131031,0.13,2383,台光電,0.01,19.32,0.05,24.3,5.0,25.86,0.29,1.0,24.44,0.16,-18.0,25.17,10.76,40.0,28.42,71.58,27.0,778.0,24.3,24.2,24.45,24.45
20131101,0.15,2383,台光電,0.01,19.22,0.07,24.2,3.7,25.86,0.29,0.0,24.44,0.16,-2.0,25.17,10.76,-3.0,35.44,64.56,9.0,666.0,24.2,24.1,24.4,24.3
20131104,0.0,2383,台光電,0.02,19.16,0.09,24.1,3.3,25.86,0.29,0.0,24.43,0.17,18.0,25.17,10.73,-81.0,27.56,72.44,25.0,578.0,24.1,24.1,24.35,24.35
20131105,6.37,2383,台光電,0.02,19.09,0.09,24.2,3.6,25.86,0.29,0.0,24.39,0.2,100.0,25.17,10.73,-23.0,42.81,57.19,22.0,580.0,24.2,24.1,24.3,24.1
20131106,0.0,2383,台光電,0.02,18.96,0.09,24.1,4.2,25.86,0.29,0.0,24.39,0.2,0.0,25.17,10.73,11.0,45.85,54.15,16.0,628.0,24.1,24.05,24.2,24.05
20131107,0.97,2383,台光電,0.02,18.79,0.1,24.1,4.7,25.86,0.29,0.0,24.39,0.2,-2.0,25.16,10.78,-22.0,46.26,53.74,12.0,723.0,24.1,24.0,24.2,24.05
20131108,1.67,2383,台光電,0.02,18.85,0.09,24.2,5.3,25.86,0.29,0.0,24.39,0.2,0.0,25.16,10.78,5.0,49.92,50.08,27.0,658.0,24.2,24.1,24.3,24.1
20131111,2.83,2383,台光電,0.02,18.79,0.1,24.2,6.7,25.86,0.29,0.0,24.39,0.2,8.0,25.16,10.79,46.0,37.7,62.3,22.0,881.0,24.2,24.15,24.5,24.5
20131112,2.2,2383,台光電,0.02,18.65,0.1,24.1,4.7,25.86,0.29,0.0,24.39,0.2,0.0,25.15,10.81,40.0,37.56,62.44,24.0,1001.0,24.1,23.95,24.35,24.2
20131113,1.08,2383,台光電,0.03,18.41,0.18,24.3,7.1,25.86,0.29,0.0,24.39,0.2,0.0,25.15,10.81,-56.0,43.43,56.57,65.0,1020.0,24.3,24.2,24.35,24.3
20131114,13.97,2383,台光電,0.03,18.71,0.18,25.0,7.0,25.86,0.29,0.0,24.39,0.2,-7.0,25.15,10.7,-324.0,61.95,38.05,151.0,3400.0,25.0,24.35,25.2,24.5
20131115,2.56,2383,台光電,0.03,18.45,0.19,24.65,5.7,25.86,0.29,0.0,24.39,0.19,-16.0,25.15,10.68,-237.0,37.5,62.5,53.0,1715.0,24.65,24.55,25.05,25.0
20131118,0.72,2383,台光電,0.04,18.35,0.2,24.5,5.2,25.86,0.29,0.0,24.39,0.19,-3.0,25.15,10.64,-138.0,27.77,72.23,50.0,559.0,24.5,24.5,24.8,24.8
20131119,1.45,2383,台光電,0.04,18.52,0.21,24.65,6.5,25.86,0.29,0.0,24.39,0.19,0.0,25.15,10.57,-204.0,63.18,36.82,209.0,1102.0,24.65,24.5,24.7,24.5
20131120,0.51,2383,台光電,0.03,18.41,0.18,24.7,6.0,25.86,0.29,0.0,24.39,0.19,0.0,25.15,10.58,28.0,34.86,65.14,26.0,589.0,24.7,24.65,24.75,24.75
20131121,0.37,2383,台光電,0.03,18.21,0.18,24.35,4.1,25.86,0.29,-3.0,24.39,0.19,-1.0,25.14,10.58,-3.0,26.77,73.23,167.0,803.0,24.35,24.35,24.6,24.6
20131122,0.09,2383,台光電,0.03,18.3,0.19,24.55,6.2,25.86,0.29,0.0,24.39,0.18,-50.0,25.14,10.61,96.0,43.98,56.02,22.0,1073.0,24.55,24.4,24.8,24.4
20131125,0.87,2383,台光電,0.04,18.32,0.2,24.6,5.2,25.86,0.29,0.0,24.39,0.16,-50.0,25.14,10.62,35.0,36.99,63.01,25.0,804.0,24.6,24.5,24.7,24.7
20131126,0.37,2383,台光電,0.04,18.36,0.2,24.7,5.2,25.86,0.29,0.0,24.39,0.16,-2.0,25.14,10.66,107.0,55.39,44.61,135.0,800.0,24.7,24.6,24.8,24.6
20131127,1.72,2383,台光電,0.04,18.47,0.19,24.9,7.1,25.86,0.29,0.0,24.39,0.16,0.0,25.14,10.68,62.0,63.15,36.85,65.0,1396.0,24.9,24.7,25.0,24.7
20131128,4.52,2383,台光電,0.04,19.03,0.22,25.3,7.5,25.86,0.29,0.0,24.4,0.16,10.0,25.14,10.73,152.0,55.43,44.57,55.0,4119.0,25.3,24.95,25.45,25.2
20131129,6.83,2383,台光電,0.16,19.74,0.8,25.5,6.7,25.86,0.29,0.0,24.41,0.16,1.0,25.14,10.75,200.0,55.71,44.29,68.0,5640.0,25.5,25.4,25.8,25.4
20131202,18.67,2383,台光電,0.13,19.48,0.68,25.65,6.1,25.86,0.29,0.0,24.41,0.16,0.0,25.14,10.74,-24.0,49.66,50.34,145.0,2764.0,25.65,25.35,25.7,25.6
20131203,3.12,2383,台光電,0.17,19.2,0.86,25.5,5.3,25.86,0.29,0.0,24.41,0.16,0.0,25.15,10.79,165.0,42.15,57.85,39.0,1281.0,25.5,25.4,25.65,25.5
20131204,1.26,2383,台光電,0.15,19.09,0.8,25.5,5.7,25.86,0.29,0.0,24.41,0.16,0.0,25.15,10.84,139.0,42.65,57.35,66.0,1270.0,25.5,25.3,25.55,25.5
20131205,0.14,2383,台光電,0.16,18.98,0.84,25.2,4.6,25.86,0.29,0.0,24.41,0.16,0.0,25.15,10.74,-297.0,26.22,73.78,38.0,1408.0,25.2,25.15,25.55,25.45
20131206,3.45,2383,台光電,0.05,18.74,0.28,25.4,4.8,25.86,0.29,0.0,24.41,0.16,0.0,25.15,10.78,129.0,59.05,40.95,68.0,1102.0,25.4,25.2,25.5,25.3
20131209,0.58,2383,台光電,0.04,18.97,0.2,24.75,4.2,25.86,0.29,0.0,24.41,0.16,0.0,25.15,10.64,-459.0,23.7,76.3,122.0,3283.0,24.75,24.75,25.35,25.25
20131210,0.88,2383,台光電,0.03,18.99,0.18,24.8,4.0,25.86,0.29,0.0,24.41,0.16,0.0,25.15,10.7,194.0,41.29,58.71,36.0,914.0,24.8,24.7,24.9,24.8
20131211,1.77,2383,台光電,0.05,18.94,0.25,24.8,4.0,25.86,0.29,0.0,24.47,0.2,100.0,25.14,10.77,212.0,47.61,52.39,35.0,677.0,24.8,24.8,25.0,24.8
20131212,1.18,2383,台光電,0.03,18.86,0.18,24.8,3.6,25.86,0.29,0.0,24.47,0.2,0.0,25.14,10.75,-3.0,33.33,66.67,7.0,424.0,24.8,24.65,24.95,24.8
20131213,0.28,2383,台光電,0.03,18.83,0.18,24.75,4.1,25.86,0.29,0.0,24.47,0.2,4.0,25.14,10.79,-45.0,38.15,61.85,14.0,350.0,24.75,24.6,24.85,24.8
20131216,0.21,2383,台光電,0.03,18.91,0.18,24.45,4.7,25.86,0.29,0.0,24.47,0.2,0.0,25.14,10.67,-389.0,23.04,76.96,26.0,949.0,24.45,24.45,24.75,24.7
20131217,0.22,2383,台光電,0.04,18.93,0.2,24.55,4.5,25.86,0.29,0.0,24.47,0.2,-1.0,25.14,10.64,-93.0,41.87,58.13,40.0,451.0,24.55,24.5,24.65,24.5
20131218,0.51,2383,台光電,0.04,19.01,0.19,24.7,4.8,25.86,0.29,0.0,24.47,0.2,0.0,25.14,10.63,-9.0,40.05,59.95,7.0,393.0,24.7,24.5,24.7,24.6
20131219,4.49,2383,台光電,0.04,19.01,0.19,24.5,4.6,25.86,0.29,0.0,24.47,0.2,0.0,25.14,10.57,-205.0,17.62,82.38,74.0,601.0,24.5,24.5,24.85,24.75
20131220,0.0,2383,台光電,0.04,18.93,0.2,24.5,4.6,25.86,0.29,0.0,24.47,0.2,0.0,25.14,10.49,90.0,43.08,56.92,46.0,638.0,24.5,24.45,24.65,24.5
20131223,1.96,2383,台光電,0.03,18.81,0.16,24.7,4.8,25.86,0.29,0.0,24.47,0.2,0.0,25.14,10.5,12.0,48.12,51.88,29.0,509.0,24.7,24.5,24.8,24.5
20131224,3.27,2383,台光電,0.03,18.81,0.16,24.65,4.8,25.86,0.29,-1.0,24.47,0.2,0.0,25.14,10.5,1.0,31.82,68.18,41.0,398.0,24.65,24.65,24.8,24.8
20131225,1.08,2383,台光電,0.02,18.7,0.12,24.7,5.8,25.86,0.29,-2.0,24.47,0.2,0.0,25.14,10.49,-29.0,38.42,61.58,30.0,558.0,24.7,24.6,24.85,24.85
20131226,0.55,2383,台光電,0.02,18.62,0.11,24.9,6.7,25.86,0.29,0.0,24.47,0.2,0.0,25.14,10.49,7.0,53.8,46.2,36.0,902.0,24.9,24.7,24.95,24.7
20131227,0.0,2383,台光電,0.02,18.57,0.11,25.05,7.1,25.86,0.29,0.0,24.47,0.2,0.0,25.14,10.5,17.0,55.53,44.47,50.0,962.0,25.05,25.0,25.1,25.0
20131230,0.0,2383,台光電,0.02,18.63,0.12,24.95,5.8,25.85,0.29,14.0,24.47,0.2,0.0,25.14,10.51,36.0,42.99,57.01,54.0,760.0,24.95,24.95,25.2,25.15
20131231,2.4,2383,台光電,0.02,18.6,0.12,25.0,6.7,25.85,0.29,0.0,24.47,0.2,3.0,25.14,10.51,6.0,54.49,45.51,35.0,917.0,25.0,24.9,25.15,25.0
20140101,,2383,台光電,,,,,,,,,,,,,,,,,,,,,,
20140102,1.61,2383,台光電,0.02,18.7,0.12,25.25,7.9,25.84,0.29,14.0,24.47,0.2,0.0,25.14,10.51,5.0,61.83,38.17,41.0,1306.0,25.25,25.0,25.3,25.05
20140103,0.6,2383,台光電,0.02,18.53,0.12,25.1,5.7,25.84,0.29,0.0,24.47,0.2,0.0,25.14,10.53,50.0,46.92,53.08,48.0,666.0,25.1,25.1,25.25,25.25
20140106,4.06,2383,台光電,0.03,19.01,0.16,25.55,7.9,25.84,0.29,-10.0,24.47,0.2,0.0,25.14,10.5,-79.0,59.99,40.01,6.0,3519.0,25.55,25.15,25.7,25.2
20140107,6.77,2383,台光電,0.03,20.21,0.15,26.1,7.9,25.84,0.29,0.0,24.48,0.19,-17.0,25.14,10.53,86.0,66.17,33.83,185.0,5378.0,26.1,25.55,26.15,25.55
20140108,6.96,2383,台光電,0.03,21.79,0.12,26.5,7.5,25.84,0.29,0.0,25.5,0.38,603.0,25.14,10.52,-44.0,57.91,42.09,213.0,7791.0,26.5,26.2,26.6,26.2
20140109,20.34,2383,台光電,0.08,22.13,0.35,26.2,6.2,25.84,0.29,0.0,25.5,0.38,0.0,25.15,10.52,3.0,47.05,52.95,3.0,7625.0,26.2,26.05,26.75,26.5
20140110,2.78,2383,台光電,0.08,22.5,0.34,26.1,5.3,25.84,0.29,0.0,25.5,0.38,0.0,25.15,10.54,61.0,21.53,78.47,89.0,2268.0,26.1,26.0,26.35,26.2
20140113,1.08,2383,台光電,0.03,23.16,0.13,26.5,7.4,25.84,0.29,0.0,25.5,0.38,0.0,25.16,10.61,208.0,46.62,53.38,268.0,3897.0,26.5,26.2,26.5,26.2
20140114,6.75,2383,台光電,0.13,21.54,0.61,26.25,6.3,25.84,0.29,0.0,25.5,0.39,13.0,25.18,10.82,669.0,44.36,55.64,148.0,6665.0,26.25,26.2,26.55,26.55
20140115,2.73,2383,台光電,0.12,21.38,0.57,26.3,5.3,25.84,0.29,0.0,25.76,0.58,587.0,25.19,10.73,22.0,32.8,67.2,69.0,2932.0,26.3,26.3,26.55,26.5
20140116,3.6,2383,台光電,0.08,20.93,0.4,26.6,7.4,25.84,0.29,0.0,25.78,0.59,38.0,25.21,10.89,487.0,59.88,40.12,103.0,3638.0,26.6,26.45,26.9,26.45
20140117,2.8,2383,台光電,0.03,20.6,0.16,26.45,5.7,25.84,0.29,0.0,25.78,0.59,0.0,25.21,10.9,44.0,32.6,67.4,89.0,1321.0,26.45,26.35,26.75,26.7
20140120,0.05,2383,台光電,0.02,20.38,0.12,26.35,5.8,25.84,0.29,0.0,25.78,0.41,-543.0,25.21,10.91,18.0,29.52,70.48,80.0,1840.0,26.35,26.35,26.7,26.5
20140121,2.31,2383,台光電,0.02,20.36,0.12,26.55,6.6,25.84,0.29,0.0,25.78,0.23,-588.0,25.22,10.93,70.0,41.47,58.53,40.0,2035.0,26.55,26.3,26.6,26.35
20140122,2.52,2383,台光電,0.03,19.77,0.14,26.55,6.7,25.84,0.29,0.0,25.78,0.23,0.0,25.24,11.08,477.0,55.9,44.1,70.0,2225.0,26.55,26.5,26.85,26.5
20140123,2.47,2383,台光電,0.03,19.47,0.18,26.5,4.4,25.84,0.29,0.0,25.78,0.23,0.0,25.24,11.12,207.0,52.62,47.38,45.0,1215.0,26.5,26.45,26.7,26.7
20140124,4.51,2383,台光電,0.04,19.12,0.19,26.4,4.9,25.84,0.29,-1.0,25.78,0.23,0.0,25.25,11.21,293.0,45.8,54.2,61.0,1594.0,26.4,26.25,26.6,26.5
20140127,0.51,2383,台光電,0.02,18.62,0.12,26.0,4.9,25.84,0.29,0.0,25.78,0.23,0.0,25.26,11.24,131.0,30.29,69.71,97.0,1578.0,26.0,26.0,26.2,26.05
20140128,,2383,台光電,,,,,,,,,,,,,,,,,,,,,,
20140129,,2383,台光電,,,,,,,,,,,,,,,,,,,,,,
20140130,,2383,台光電,,,,,,,,,,,,,,,,,,,,,,
20140131,,2383,台光電,,,,,,,,,,,,,,,,,,,,,,
20140203,,2383,台光電,,,,,,,,,,,,,,,,,,,,,,
20140204,,2383,台光電,,,,,,,,,,,,,,,,,,,,,,
20140205,1.72,2383,台光電,0.03,18.64,0.14,25.95,4.9,25.84,0.29,0.0,25.78,0.23,-2.0,25.27,11.32,243.0,48.98,51.02,182.0,1566.0,25.95,25.55,26.1,25.6
20140206,20.31,2383,台光電,0.02,18.78,0.13,26.5,7.5,25.84,0.29,0.0,25.78,0.21,-50.0,25.29,11.44,378.0,58.58,41.42,99.0,2560.0,26.5,26.1,26.7,26.3
20140207,23.38,2383,台光電,0.23,19.92,1.16,27.45,7.9,25.84,0.29,0.0,25.78,0.19,-50.0,25.39,11.87,1365.0,62.65,37.35,222.0,10536.0,27.45,26.7,27.6,26.75
20140210,5.54,2383,台光電,0.15,19.44,0.75,27.35,6.9,25.84,0.29,0.0,25.78,0.19,-2.0,25.4,11.8,-218.0,46.44,53.56,91.0,3737.0,27.35,27.2,27.8,27.7
20140211,1.01,2383,台光電,0.13,19.28,0.7,27.3,6.1,25.84,0.29,0.0,25.78,0.19,-8.0,25.41,11.83,89.0,39.67,60.33,97.0,1388.0,27.3,27.1,27.55,27.35
20140212,4.66,2383,台光電,0.05,19.89,0.25,27.55,7.5,25.84,0.29,0.0,26.78,0.38,583.0,25.41,11.74,-87.0,56.7,43.3,69.0,4595.0,27.55,27.45,28.1,27.45
20140213,5.06,2383,台光電,0.04,20.07,0.21,27.25,5.7,25.84,0.29,-5.0,26.78,0.38,0.0,25.42,11.68,-216.0,38.81,61.19,94.0,1599.0,27.25,27.25,27.65,27.6
20140214,2.15,2383,台光電,0.03,19.87,0.17,26.85,5.4,25.84,0.29,0.0,26.78,0.38,0.0,25.42,11.71,83.0,28.33,71.67,126.0,2604.0,26.85,26.85,27.5,27.4
20140217,0.87,2383,台光電,0.04,19.26,0.19,26.85,4.5,25.84,0.29,0.0,26.78,0.38,0.0,25.43,11.73,75.0,42.51,57.49,45.0,1832.0,26.85,26.8,27.1,27.0
20140218,30.7,2383,台光電,0.05,19.3,0.24,27.1,6.2,25.84,0.29,0.0,26.78,0.38,0.0,25.43,11.69,-123.0,48.59,51.41,51.0,2344.0,27.1,26.85,27.4,26.9
20140219,1.39,2383,台光電,0.04,19.07,0.23,26.95,4.4,25.84,0.29,1.0,26.78,0.38,21.0,25.44,11.67,-85.0,37.2,62.8,53.0,1721.0,26.95,26.8,27.15,27.0
20140220,18.34,2383,台光電,0.05,19.79,0.24,27.6,7.0,25.84,0.29,2.0,26.78,0.32,-202.0,25.45,11.64,-81.0,60.26,39.74,170.0,5762.0,27.6,26.85,27.85,26.95
20140221,25.04,2383,台光電,0.05,19.02,0.25,27.6,7.0,25.84,0.29,0.0,26.83,0.34,60.0,25.46,11.66,65.0,40.11,59.89,396.0,6645.0,27.6,27.6,27.95,27.85
20140224,19.81,2383,台光電,0.04,19.61,0.2,27.2,4.8,25.84,0.29,-5.0,26.83,0.34,0.0,25.47,11.7,109.0,34.68,65.32,186.0,3462.0,27.2,27.2,27.8,27.8
20140225,1.3,2383,台光電,0.04,18.97,0.22,27.2,4.8,25.84,0.29,0.0,26.83,0.34,0.0,25.48,11.67,-90.0,46.76,53.24,95.0,2227.0,27.2,27.05,27.35,27.2
20140226,3.93,2383,台光電,0.03,18.88,0.18,27.1,5.2,25.84,0.29,0.0,26.83,0.34,0.0,25.48,11.63,-71.0,33.27,66.73,67.0,1656.0,27.1,27.1,27.35,27.2
20140227,0.64,2383,台光電,0.03,18.81,0.18,27.2,6.1,25.84,0.29,0.0,26.83,0.34,0.0,25.49,11.68,132.0,47.5,52.5,60.0,1086.0,27.2,27.1,27.3,27.2
20140303,0.51,2383,台光電,0.03,18.54,0.14,27.0,5.0,25.84,0.29,0.0,26.83,0.34,0.0,25.49,11.67,-6.0,40.46,59.54,35.0,1170.0,27.0,26.9,27.2,27.2
20140304,1.3,2383,台光電,0.03,18.36,0.15,26.75,4.0,25.84,0.29,0.0,26.83,0.34,0.0,25.49,11.66,-44.0,35.14,64.86,59.0,1150.0,26.75,26.7,27.0,26.9
20140305,3.76,2383,台光電,0.03,18.35,0.14,27.1,7.1,25.84,0.29,0.0,26.86,0.36,76.0,25.49,11.67,29.0,55.67,44.33,66.0,1438.0,27.1,26.9,27.1,26.9
20140306,0.92,2383,台光電,0.03,18.39,0.15,27.0,5.9,25.84,0.29,0.0,26.86,0.35,-38.0,25.5,11.71,115.0,35.3,64.7,63.0,1514.0,27.0,26.85,27.1,27.0
20140307,3.14,2383,台光電,0.03,18.03,0.15,26.85,5.5,25.84,0.29,0.0,26.86,0.35,0.0,25.5,11.69,-59.0,32.46,67.54,91.0,1530.0,26.85,26.85,27.2,27.05
20140310,0.21,2383,台光電,0.03,17.92,0.16,26.75,4.5,25.84,0.29,-2.0,26.86,0.35,0.0,25.5,11.69,-3.0,29.43,70.57,37.0,933.0,26.75,26.75,26.9,26.9
20140311,2.7,2383,台光電,0.03,17.78,0.15,27.0,7.5,25.84,0.29,0.0,26.86,0.35,0.0,25.52,11.83,452.0,52.62,47.38,68.0,1592.0,27.0,26.85,27.15,26.95
20140312,3.7,2383,台光電,0.05,18.17,0.25,27.1,7.5,25.84,0.29,0.0,26.86,0.35,0.0,25.53,11.89,195.0,70.0,30.0,117.0,2700.0,27.1,27.0,27.45,27.0
20140313,1.61,2383,台光電,0.04,17.96,0.24,27.15,6.5,25.84,0.29,0.0,26.86,0.35,0.0,25.54,11.87,-75.0,54.57,45.43,36.0,1366.0,27.15,27.0,27.25,27.0
20140314,1.69,2383,台光電,0.04,17.95,0.24,26.85,4.9,25.88,0.3,34.0,26.86,0.35,2.0,25.54,11.82,-155.0,35.12,64.88,58.0,1125.0,26.85,26.75,26.95,26.75
20140317,0.59,2383,台光電,0.04,17.89,0.25,27.05,6.1,25.88,0.3,0.0,26.86,0.35,0.0,25.55,11.85,111.0,65.36,34.64,115.0,850.0,27.05,26.85,27.05,27.0
20140318,0.99,2383,台光電,0.04,18.03,0.25,26.95,5.9,25.88,0.3,0.0,26.86,0.1,-800.0,25.56,11.91,170.0,28.19,71.81,45.0,1814.0,26.95,26.8,27.3,27.15
20140319,1.67,2383,台光電,0.04,17.99,0.23,26.75,4.5,25.88,0.3,0.0,26.86,0.1,4.0,25.56,11.94,113.0,30.45,69.55,35.0,1437.0,26.75,26.65,27.0,26.95
20140320,0.59,2383,台光電,0.02,18.13,0.11,26.8,4.4,25.88,0.3,0.0,26.86,0.1,0.0,25.57,12.06,353.0,57.54,42.46,79.0,1188.0,26.8,26.6,26.8,26.75
20140321,3.07,2383,台光電,0.03,18.18,0.15,26.85,5.2,25.88,0.3,0.0,26.86,0.1,-3.0,25.58,12.09,34.0,39.33,60.67,119.0,814.0,26.85,26.65,26.95,26.8
20140324,0.55,2383,台光電,0.03,18.06,0.14,26.6,4.5,25.88,0.3,0.0,26.85,0.1,5.0,25.59,12.13,129.0,38.23,61.77,35.0,906.0,26.6,26.3,26.8,26.6
20140325,4.86,2383,台光電,0.02,19.6,0.11,27.4,7.5,25.88,0.3,0.0,26.86,0.1,3.0,25.6,12.18,138.0,65.46,34.54,358.0,4277.0,27.4,26.65,27.45,26.65
20140326,2.78,2383,台光電,0.04,18.25,0.21,27.45,7.5,25.88,0.3,0.0,26.86,0.1,0.0,25.61,12.24,191.0,49.75,50.25,133.0,4565.0,27.45,27.4,27.85,27.8
20140327,0.44,2383,台光電,0.04,17.86,0.21,27.35,5.7,25.88,0.3,0.0,26.86,0.1,0.0,25.62,12.26,137.0,35.84,64.16,48.0,1837.0,27.35,27.15,27.55,27.5
20140328,2.59,2383,台光電,0.01,17.58,0.06,27.3,5.7,25.88,0.3,0.0,26.97,0.12,58.0,25.64,12.36,315.0,31.28,68.72,43.0,1662.0,27.3,27.2,27.45,27.3
20140331,8.2,2383,台光電,0.01,19.01,0.05,27.7,7.9,25.88,0.3,0.0,26.97,0.12,0.0,25.64,12.39,79.0,67.23,32.77,195.0,5450.0,27.7,27.4,27.85,27.4
20140401,0.0,2383,台光電,0.01,18.78,0.04,28.0,6.6,25.91,0.3,11.0,26.97,0.1,-50.0,25.65,12.41,77.0,57.55,42.45,144.0,5203.0,28.0,27.85,28.15,28.0
20140402,0.0,2383,台光電,0.0,18.61,0.0,27.95,5.7,25.91,0.3,0.0,26.97,0.1,0.0,25.67,12.44,89.0,53.68,46.32,138.0,2502.0,27.95,27.8,28.15,28.0
20140403,0.0,2383,台光電,0.0,17.98,0.0,28.1,6.1,25.91,0.3,-12.0,26.97,0.1,0.0,25.75,12.81,1170.0,53.43,46.57,179.0,2416.0,28.1,27.8,28.1,27.8
20140407,0.0,2383,台光電,0.0,17.71,0.0,28.05,6.1,25.91,0.3,-4.0,26.97,0.1,-1.0,25.77,12.93,366.0,52.12,47.88,56.0,1494.0,28.05,27.85,28.1,28.1
20140408,0.0,2383,台光電,0.0,17.19,0.0,28.1,6.6,25.91,0.3,0.0,26.97,0.1,0.0,25.79,12.96,90.0,50.59,49.41,154.0,2326.0,28.1,27.85,28.1,27.9
20140409,5.84,2383,台光電,0.01,18.51,0.04,28.3,6.3,25.91,0.3,0.0,26.97,0.06,-140.0,25.81,13.01,163.0,49.2,50.8,166.0,5225.0,28.3,28.15,28.45,28.2
20140410,1.83,2383,台光電,0.0,17.89,0.02,28.0,4.5,25.91,0.3,0.0,26.97,0.06,0.0,25.84,13.18,515.0,41.78,58.22,111.0,2356.0,28.0,27.95,28.4,28.3
20140411,10.27,2383,台光電,0.0,17.45,0.02,27.65,4.1,25.91,0.3,0.0,26.97,0.06,0.0,25.85,13.23,177.0,35.11,64.89,141.0,2034.0,27.65,27.6,28.15,27.85
20140414,7.77,2383,台光電,0.0,17.55,0.02,27.8,4.1,25.91,0.3,0.0,26.97,0.06,0.0,25.85,13.27,123.0,56.53,43.47,75.0,991.0,27.8,27.55,27.8,27.65
20140415,21.13,2383,台光電,0.02,17.72,0.13,27.9,5.4,25.91,0.3,0.0,26.97,0.05,-14.0,25.86,13.32,164.0,59.57,40.43,83.0,1978.0,27.9,27.85,28.3,27.9
20140416,10.65,2383,台光電,0.03,18.64,0.17,28.35,6.7,25.91,0.3,0.0,26.97,0.05,0.0,25.88,13.42,326.0,63.03,36.97,202.0,4434.0,28.35,27.8,28.6,28.0
20140417,3.64,2383,台光電,0.03,18.55,0.17,28.1,5.0,25.91,0.3,0.0,26.97,0.05,0.0,25.89,13.45,100.0,30.49,69.51,102.0,2528.0,28.1,28.1,28.45,28.45
20140418,3.18,2383,台光電,0.03,18.25,0.19,28.1,4.5,25.91,0.3,0.0,26.97,0.05,-1.0,25.89,13.44,-23.0,42.64,57.36,64.0,2077.0,28.1,27.95,28.25,28.15
20140421,1.08,2383,台光電,0.04,18.17,0.2,27.9,4.5,25.92,0.3,5.0,26.97,0.05,0.0,25.89,13.46,64.0,28.68,71.32,41.0,649.0,27.9,27.9,28.1,28.1
20140422,0.83,2383,台光電,0.04,18.11,0.2,27.9,4.6,25.92,0.3,0.0,26.97,0.05,-10.0,25.9,13.5,112.0,24.36,75.64,60.0,1814.0,27.9,27.7,28.05,28.0
20140423,3.55,2383,台光電,0.03,17.77,0.19,27.9,4.5,25.92,0.3,0.0,26.97,0.05,0.0,25.92,13.6,339.0,32.41,67.59,51.0,1662.0,27.9,27.8,28.15,28.15
20140424,3.08,2383,台光電,0.04,17.68,0.21,27.9,4.1,25.92,0.3,0.0,26.97,0.05,0.0,25.92,13.61,7.0,37.76,62.24,39.0,1267.0,27.9,27.85,28.1,27.9
20140425,1.97,2383,台光電,0.04,16.82,0.21,27.15,4.7,25.92,0.3,0.0,26.97,0.05,3.0,25.92,13.6,-19.0,26.23,73.77,52.0,3142.0,27.15,26.55,27.95,27.9
20140428,1.94,2383,台光電,0.03,16.6,0.19,27.1,3.7,25.92,0.3,0.0,26.97,0.05,0.0,25.93,13.65,151.0,46.54,53.46,67.0,1548.0,27.1,26.65,27.1,26.75
20140429,5.52,2383,台光電,0.03,16.68,0.18,27.1,3.7,25.92,0.3,0.0,26.97,0.05,0.0,25.93,13.68,85.0,39.51,60.49,43.0,978.0,27.1,26.9,27.35,26.9
20140430,1.59,2383,台光電,0.03,16.79,0.2,26.95,3.7,25.93,0.3,12.0,26.97,0.05,0.0,25.93,13.7,63.0,33.91,66.09,48.0,756.0,26.95,26.95,27.4,27.4
20140502,1.31,2383,台光電,0.03,16.8,0.2,27.3,6.6,25.93,0.3,0.0,26.97,0.05,0.0,25.94,13.74,147.0,55.2,44.8,108.0,840.0,27.3,26.95,27.3,27.0
20140505,0.35,2383,台光電,0.03,16.74,0.21,27.15,5.7,25.93,0.3,0.0,26.97,0.05,0.0,25.94,13.74,0.0,35.01,64.99,28.0,578.0,27.15,27.15,27.4,27.3
20140506,0.16,2383,台光電,0.04,16.52,0.22,27.3,7.0,25.93,0.3,0.0,26.97,0.05,0.0,25.94,13.78,120.0,46.31,53.69,11.0,621.0,27.3,27.15,27.4,27.3
20140507,2.14,2383,台光電,0.03,16.44,0.21,27.15,5.9,25.93,0.3,0.0,26.97,0.05,-1.0,25.95,13.75,-86.0,42.03,57.97,97.0,749.0,27.15,27.15,27.35,27.3
20140508,0.57,2383,台光電,0.03,16.62,0.21,27.2,5.8,25.93,0.3,-5.0,26.97,0.05,-4.0,25.95,13.59,-523.0,27.18,72.82,75.0,1236.0,27.2,27.15,27.35,27.3
20140509,0.92,2383,台光電,0.03,16.58,0.2,27.1,4.0,25.93,0.3,-1.0,26.97,0.05,0.0,25.96,13.63,137.0,36.06,63.94,16.0,541.0,27.1,27.05,27.25,27.2
20140512,6.06,2383,台光電,0.05,17.35,0.3,28.15,7.4,25.93,0.3,0.0,26.97,0.05,0.0,25.96,13.59,-169.0,58.11,41.89,122.0,5082.0,28.15,27.9,28.4,28.3
20140513,2.34,2383,台光電,0.05,17.04,0.29,27.8,5.7,25.93,0.3,0.0,26.97,0.05,0.0,25.97,13.54,-154.0,29.32,70.68,61.0,1969.0,27.8,27.7,28.4,28.4
20140514,0.59,2383,台光電,0.04,17.1,0.25,27.8,4.8,25.93,0.3,0.0,27.0,0.05,6.0,25.97,13.45,-266.0,36.61,63.39,42.0,1012.0,27.8,27.6,27.9,27.9
20140515,1.27,2383,台光電,0.04,17.14,0.24,28.35,6.5,25.93,0.3,0.0,27.02,0.05,2.0,25.97,13.44,2.0,57.22,42.78,277.0,1656.0,28.35,27.8,28.35,27.85
20140516,23.04,2383,台光電,0.18,17.83,1.0,28.15,6.2,25.93,0.3,0.0,27.02,0.05,0.0,25.97,13.42,-85.0,56.92,43.08,141.0,4482.0,28.15,28.1,28.6,28.35
20140519,3.07,2383,台光電,0.14,17.8,0.8,28.1,4.8,25.93,0.3,-1.0,27.02,0.04,-30.0,25.98,13.44,85.0,38.32,61.68,79.0,1466.0,28.1,28.05,28.25,28.25
20140520,4.45,2383,台光電,0.07,17.64,0.38,28.1,5.3,26.45,0.4,300.0,27.02,0.04,0.0,25.98,13.46,39.0,53.05,46.95,90.0,1774.0,28.1,28.1,28.45,28.25
20140521,3.78,2383,台光電,0.07,17.95,0.37,28.1,5.8,26.78,0.49,300.0,27.02,0.04,0.0,25.98,13.48,77.0,40.66,59.34,88.0,1826.0,28.1,28.1,28.5,28.4
20140522,10.81,2383,台光電,0.07,18.38,0.36,28.75,7.5,26.9,0.52,100.0,28.42,0.04,0.0,25.99,13.52,124.0,65.64,34.36,170.0,6317.0,28.75,28.3,28.95,28.4
20140523,1.5,2383,台光電,0.07,18.13,0.37,28.6,5.7,26.9,0.52,0.0,28.44,0.05,20.0,26.0,13.49,-105.0,37.65,62.35,79.0,2340.0,28.6,28.55,28.85,28.85
20140526,5.23,2383,台光電,0.06,17.86,0.34,28.55,5.7,26.91,0.53,17.0,28.44,0.05,0.0,26.0,13.49,-13.0,43.35,56.65,35.0,1814.0,28.55,28.5,28.8,28.8
20140527,0.0,2383,台光電,0.06,17.66,0.31,28.4,4.9,26.93,0.53,13.0,28.44,0.04,-30.0,26.0,13.5,51.0,48.73,51.27,266.0,1574.0,28.4,28.4,28.7,28.55
20140528,0.86,2383,台光電,0.06,17.16,0.32,28.6,5.7,26.93,0.53,0.0,28.44,0.04,2.0,26.02,13.58,257.0,41.24,58.76,62.0,1504.0,28.6,28.4,28.7,28.5
20140529,0.09,2383,台光電,0.04,17.11,0.24,28.55,4.9,26.93,0.53,-8.0,28.44,0.01,-100.0,26.02,13.59,26.0,33.69,66.31,47.0,1111.0,28.55,28.5,28.75,28.65
20140530,2.6,2383,台光電,0.04,17.46,0.23,28.6,6.3,26.93,0.53,0.0,28.44,0.01,0.0,26.04,13.64,159.0,47.76,52.24,29.0,1923.0,28.6,28.55,28.85,28.55
20140603,3.2,2383,台光電,0.04,17.16,0.23,28.5,5.4,26.93,0.53,0.0,28.5,0.07,192.0,26.04,13.69,132.0,39.43,60.57,4.0,1781.0,28.5,28.3,28.7,28.6
20140604,2.86,2383,台光電,0.04,17.02,0.23,28.55,5.3,26.93,0.53,0.0,28.53,0.2,420.0,26.05,13.7,47.0,37.45,62.55,48.0,1436.0,28.55,28.5,28.75,28.5
20140605,0.23,2383,台光電,0.04,16.83,0.24,28.7,7.5,26.93,0.53,0.0,28.56,0.22,68.0,26.07,13.75,134.0,57.3,42.7,183.0,2130.0,28.7,28.55,28.7,28.55
20140606,14.1,2383,台光電,0.04,16.88,0.23,28.95,7.1,26.93,0.53,1.0,28.56,0.1,-372.0,26.09,13.84,293.0,53.61,46.39,160.0,6814.0,28.95,28.8,29.35,28.8
20140609,5.47,2383,台光電,0.04,16.43,0.26,29.2,7.0,26.93,0.53,0.0,28.91,0.19,274.0,26.09,13.87,74.0,60.16,39.84,109.0,4005.0,29.2,28.8,29.4,28.95
20140610,1.49,2383,台光電,0.04,16.14,0.27,29.3,6.5,26.93,0.53,0.0,28.91,0.19,0.0,26.1,13.88,25.0,49.97,50.03,135.0,3082.0,29.3,29.25,29.45,29.4
20140611,9.81,2383,台光電,0.04,17.67,0.23,30.15,7.5,27.27,0.6,200.0,29.26,0.22,99.0,26.15,14.03,492.0,65.3,34.7,240.0,7606.0,30.15,29.3,30.2,29.35
20140612,1.43,2383,台光電,0.02,18.18,0.11,30.05,6.1,27.31,0.6,27.0,29.26,0.16,-210.0,26.15,14.04,5.0,46.74,53.26,120.0,3227.0,30.05,30.0,30.3,30.15
20140613,1.55,2383,台光電,0.02,17.81,0.1,29.9,5.8,27.31,0.6,0.0,29.51,0.25,280.0,26.17,14.08,139.0,36.36,63.64,61.0,3354.0,29.9,29.7,30.05,30.0
20140616,1.85,2383,台光電,0.02,18.02,0.1,30.05,6.5,27.31,0.6,-6.0,29.51,0.25,0.0,26.18,14.14,179.0,56.78,43.22,94.0,1679.0,30.05,29.95,30.2,30.2
20140617,1.02,2383,台光電,0.02,17.28,0.1,29.7,5.4,27.31,0.6,0.0,29.51,0.22,-64.0,26.21,14.22,247.0,39.01,60.99,57.0,2363.0,29.7,29.65,30.25,30.1
20140618,2.57,2383,台光電,0.02,17.04,0.11,29.7,4.5,27.31,0.6,0.0,29.54,0.17,-183.0,26.25,14.36,444.0,33.93,66.07,43.0,2182.0,29.7,29.35,30.0,29.7
20140619,2.0,2383,台光電,0.02,17.17,0.11,29.9,6.2,27.31,0.6,0.0,29.61,0.13,-101.0,26.31,14.52,480.0,55.94,44.06,101.0,2203.0,29.9,29.6,30.1,29.7
20140620,4.45,2383,台光電,0.02,18.01,0.09,30.1,6.7,27.52,0.65,150.0,29.77,0.17,120.0,26.32,14.5,-48.0,57.56,42.44,106.0,3209.0,30.1,29.9,30.5,30.0
20140623,2.78,2383,台光電,0.01,17.37,0.07,29.5,5.0,27.52,0.65,0.0,29.74,0.19,49.0,26.33,14.52,44.0,22.33,77.67,39.0,3026.0,29.5,29.3,30.35,30.2
20140624,1.84,2383,台光電,0.01,17.38,0.07,29.9,5.7,27.75,0.72,214.0,29.74,0.2,29.0,26.34,14.56,115.0,69.99,30.01,59.0,1628.0,29.9,29.5,30.0,29.7
20140625,10.13,2383,台光電,0.04,18.13,0.21,30.2,7.1,27.85,0.75,102.0,29.87,0.27,232.0,26.42,14.84,858.0,59.27,40.73,126.0,3839.0,30.2,29.9,30.65,30.0
20140626,1.15,2383,台光電,0.04,18.47,0.21,30.4,6.5,27.85,0.75,0.0,29.91,0.28,11.0,26.44,14.93,280.0,59.98,40.02,60.0,2169.0,30.4,30.3,30.6,30.5
20140627,2.45,2383,台光電,0.04,18.64,0.2,30.1,4.9,27.87,0.76,21.0,29.91,0.27,-14.0,26.45,14.93,2.0,34.74,65.26,92.0,1307.0,30.1,30.1,30.6,30.4
20140630,0.0,2383,台光電,0.04,18.82,0.22,30.15,6.2,27.88,0.76,12.0,29.91,0.26,-19.0,26.45,14.94,45.0,29.76,70.24,127.0,1433.0,30.15,30.1,30.4,30.4
20140701,7.58,2383,台光電,0.02,19.27,0.12,31.05,7.5,28.52,0.95,602.0,30.0,0.29,70.0,26.5,15.1,502.0,72.16,27.84,129.0,5726.0,31.05,30.15,31.25,30.2
20140702,7.03,2383,台光電,0.05,19.91,0.26,31.4,6.7,29.41,1.38,1331.0,30.61,0.26,-84.0,26.51,15.06,-123.0,48.76,51.24,187.0,9440.0,31.4,31.0,32.55,31.6
20140703,6.14,2383,台光電,0.03,19.98,0.17,32.0,6.5,29.41,1.38,0.0,30.7,0.24,-50.0,26.53,15.07,-2.0,58.27,41.73,169.0,4091.0,32.0,31.8,32.4,32.4
20140704,1.79,2383,台光電,0.04,20.07,0.18,31.7,5.7,29.41,1.38,0.0,30.86,0.28,121.0,26.53,15.0,-234.0,40.6,59.4,39.0,1954.0,31.7,31.6,32.2,32.0
20140707,3.72,2383,台光電,0.03,19.57,0.16,31.4,5.4,29.54,1.47,300.0,30.87,0.28,0.0,26.54,15.01,42.0,35.95,64.05,139.0,2879.0,31.4,30.85,31.65,31.65
20140708,2.9,2383,台光電,0.03,19.43,0.18,31.8,6.1,29.54,1.47,-1.0,30.88,0.26,-57.0,26.63,15.23,784.0,60.08,39.92,54.0,2105.0,31.8,31.45,31.95,31.5
20140709,4.32,2383,台光電,0.03,19.55,0.15,32.2,7.5,29.54,1.47,0.0,31.32,0.37,346.0,26.74,15.51,891.0,62.69,37.31,93.0,3886.0,32.2,31.75,32.5,31.8
20140710,1.37,2383,台光電,0.03,19.15,0.16,32.05,6.1,29.54,1.47,0.0,31.32,0.36,-50.0,26.79,15.61,293.0,43.96,56.04,79.0,2183.0,32.05,31.9,32.5,32.5
20140711,3.13,2383,台光電,0.02,19.02,0.09,31.15,5.1,29.54,1.47,0.0,31.32,0.31,-150.0,26.83,15.75,454.0,28.64,71.36,71.0,3096.0,31.15,30.8,32.35,32.05
20140714,6.7,2383,台光電,0.04,19.49,0.22,32.6,7.5,29.67,1.54,200.0,32.0,0.55,746.0,26.87,15.82,228.0,63.58,36.42,397.0,4952.0,32.6,31.9,32.7,31.9
20140715,9.71,2383,台光電,0.13,19.94,0.67,33.75,7.1,30.06,1.7,520.0,32.64,0.8,799.0,26.89,15.85,92.0,56.54,43.46,190.0,8004.0,33.75,33.0,33.95,33.0
20140716,12.81,2383,台光電,0.31,22.14,1.38,34.65,6.7,30.06,1.7,0.0,32.97,0.85,136.0,26.95,15.8,-160.0,55.85,44.15,332.0,13322.0,34.65,34.25,35.8,34.6
20140717,11.08,2383,台光電,0.29,24.2,1.19,34.95,7.0,30.24,1.77,200.0,33.13,0.72,-398.0,27.0,15.77,-87.0,55.26,44.74,251.0,10519.0,34.95,34.1,35.85,34.6
20140718,7.62,2383,台光電,0.25,24.52,1.02,34.7,5.3,30.24,1.77,0.0,33.33,0.73,37.0,27.07,15.87,300.0,44.74,55.26,128.0,5289.0,34.7,34.3,35.25,34.5
20140721,12.78,2383,台光電,0.25,25.12,1.01,35.25,7.0,30.24,1.77,0.0,33.75,0.87,415.0,27.17,15.94,223.0,62.92,37.08,251.0,6347.0,35.25,34.85,35.8,35.0
20140722,17.0,2383,台光電,0.3,25.12,1.21,35.25,6.6,30.24,1.77,0.0,33.93,0.8,-204.0,27.18,15.85,-285.0,47.05,52.95,313.0,8618.0,35.25,35.25,36.2,35.65
20140724,6.74,2383,台光電,0.3,24.37,1.22,34.75,4.9,30.24,1.77,0.0,34.04,0.88,260.0,27.34,16.11,813.0,33.61,66.39,316.0,5253.0,34.75,34.55,35.5,35.3
20140725,10.98,2383,台光電,0.27,24.63,1.12,34.85,4.9,30.24,1.77,0.0,34.04,0.86,-60.0,27.46,16.36,790.0,45.13,54.87,117.0,3861.0,34.85,34.75,35.3,35.3
20140728,8.76,2383,台光電,0.27,24.45,1.11,34.8,4.9,30.24,1.77,0.0,34.09,0.91,140.0,27.49,16.39,88.0,44.97,55.03,157.0,2066.0,34.8,34.6,35.5,35.0
20140729,7.62,2383,台光電,0.17,23.85,0.71,33.3,5.1,30.24,1.77,0.0,34.05,0.93,80.0,27.57,16.6,665.0,30.48,69.52,150.0,6274.0,33.3,32.9,35.2,35.0
20140730,6.39,2383,台光電,0.14,23.79,0.59,34.0,4.5,30.24,1.76,-13.0,34.05,0.91,-63.0,27.64,16.77,530.0,52.61,47.39,120.0,1908.0,34.0,33.5,34.0,33.5
20140731,7.94,2383,台光電,0.16,23.9,0.68,34.45,5.8,30.24,1.76,-1.0,34.08,1.0,256.0,27.74,17.0,719.0,51.72,48.28,168.0,2848.0,34.45,33.75,34.6,34.35
20140801,7.74,2383,台光電,0.16,24.21,0.65,34.95,7.1,30.56,1.89,400.0,34.18,1.12,382.0,27.81,17.09,276.0,55.11,44.89,209.0,3436.0,34.95,33.25,35.05,33.25
20140804,12.97,2383,台光電,0.18,24.04,0.77,35.25,7.5,30.73,1.97,231.0,34.24,1.16,130.0,27.87,17.18,295.0,52.47,47.53,207.0,4833.0,35.25,35.1,35.8,35.45
20140805,3.63,2383,台光電,0.19,23.91,0.78,34.6,5.3,30.76,1.98,40.0,34.25,1.12,-111.0,27.91,17.14,-135.0,38.34,61.66,183.0,3110.0,34.6,34.55,35.5,35.5
20140806,12.82,2383,台光電,0.23,24.23,0.94,34.85,7.1,30.8,2.0,65.0,34.27,1.09,-113.0,27.98,17.25,389.0,46.22,53.78,214.0,4257.0,34.85,33.95,35.2,34.6
20140807,6.15,2383,台光電,0.23,23.97,0.95,34.45,4.5,30.84,2.01,33.0,34.27,1.03,-187.0,28.02,17.2,-150.0,37.45,62.55,132.0,2731.0,34.45,34.3,35.4,35.35
20140808,8.54,2383,台光電,0.25,23.32,1.06,34.0,4.7,30.89,2.04,94.0,34.26,0.92,-350.0,28.09,17.39,588.0,38.54,61.46,287.0,3826.0,34.0,33.4,34.7,34.45
20140811,6.5,2383,台光電,0.26,24.31,1.07,35.25,7.1,30.91,2.04,-3.0,34.28,0.87,-137.0,28.18,17.53,447.0,65.88,34.12,146.0,4046.0,35.25,34.2,35.45,34.2
20140812,10.62,2383,台光電,0.25,24.69,1.03,35.4,6.7,31.23,2.18,452.0,34.32,0.59,-892.0,28.21,17.57,136.0,48.41,51.59,306.0,6987.0,35.4,35.2,36.45,35.7
20140813,16.99,2383,台光電,0.33,25.31,1.32,35.85,7.0,31.25,2.18,-4.0,34.35,0.54,-154.0,28.26,17.67,318.0,50.63,49.37,231.0,5584.0,35.85,35.6,36.3,35.6
20140814,7.59,2383,台光電,0.33,25.02,1.33,35.6,5.2,31.25,2.18,0.0,34.39,0.32,-694.0,28.29,17.72,132.0,45.81,54.19,253.0,4784.0,35.6,35.6,36.4,36.4
20140815,1.97,2383,台光電,0.25,24.94,1.01,35.7,5.6,31.47,2.29,347.0,34.39,0.31,-10.0,28.32,17.78,206.0,46.12,53.88,101.0,2789.0,35.7,35.3,35.9,35.8
20140818,3.91,2383,台光電,0.2,24.71,0.82,35.75,6.5,31.51,2.32,75.0,34.42,0.31,-22.0,28.35,17.83,143.0,46.36,53.64,79.0,2457.0,35.75,35.3,36.05,36.0
20140819,7.34,2383,台光電,0.2,24.9,0.81,35.7,6.2,31.6,2.36,150.0,34.5,0.33,65.0,28.38,17.83,-4.0,51.48,48.52,209.0,3296.0,35.7,35.7,36.2,35.95
20140820,5.14,2383,台光電,0.14,24.26,0.59,35.3,4.5,31.6,2.36,0.0,34.5,0.32,-21.0,28.4,17.87,125.0,32.66,67.34,176.0,2683.0,35.3,35.25,36.0,36.0
20140821,0.0,2383,台光電,0.02,23.94,0.1,34.9,4.7,31.62,2.38,43.0,34.53,0.3,-70.0,28.44,17.91,136.0,42.44,57.56,61.0,3355.0,34.9,34.25,35.3,35.3
20140822,0.0,2383,台光電,0.0,24.73,0.01,34.95,5.5,31.62,2.3,-260.0,34.64,0.41,350.0,28.46,17.82,-285.0,52.69,47.31,124.0,3587.0,34.95,34.8,35.05,35.0
20140825,0.0,2383,台光電,0.0,23.64,0.0,34.55,4.1,31.62,2.3,0.0,34.64,0.43,71.0,28.5,17.89,223.0,28.17,71.83,85.0,2556.0,34.55,34.35,34.95,34.95
20140826,0.0,2383,台光電,0.0,23.05,0.0,35.0,5.9,31.67,2.33,100.0,34.68,0.44,33.0,28.61,18.1,668.0,55.43,44.57,153.0,3397.0,35.0,34.55,35.1,34.55
20140827,0.0,2383,台光電,0.0,21.36,0.0,35.4,7.1,31.86,2.45,400.0,34.97,0.69,763.0,28.63,17.95,-492.0,59.5,40.5,676.0,7531.0,35.4,35.1,35.6,35.1
20140828,3.32,2383,台光電,0.03,22.25,0.15,34.25,5.8,30.14,2.5,131.0,33.36,0.74,180.0,26.88,18.0,155.0,51.69,48.31,101.0,6566.0,34.25,34.2,34.5,34.3
20140829,3.21,2383,台光電,0.03,22.41,0.15,34.35,5.3,30.14,2.5,0.0,33.38,0.76,60.0,26.91,18.04,149.0,39.57,60.43,194.0,1964.0,34.35,34.25,34.7,34.25
20140901,0.33,2383,台光電,0.02,22.31,0.1,34.45,6.2,30.23,2.55,159.0,33.38,0.74,-71.0,26.98,18.17,386.0,48.98,51.02,51.0,2448.0,34.45,34.4,34.7,34.45
20140902,2.0,2383,台光電,0.03,22.45,0.12,33.85,5.0,30.37,2.65,316.0,33.4,0.52,-703.0,27.01,18.14,-102.0,28.33,71.67,141.0,3993.0,33.85,33.8,34.7,34.7
20140903,2.49,2383,台光電,0.05,22.28,0.24,33.85,4.5,30.39,2.66,48.0,33.43,0.55,120.0,27.08,18.25,368.0,45.22,54.78,157.0,2571.0,33.85,33.75,34.25,33.95
20140904,3.22,2383,台光電,0.06,22.32,0.26,33.85,4.1,30.44,2.71,133.0,33.43,0.55,-16.0,27.11,18.33,230.0,40.19,59.81,145.0,1799.0,33.85,33.85,34.2,34.15
20140905,1.94,2383,台光電,0.06,22.3,0.25,34.05,5.8,30.46,2.72,53.0,33.52,0.65,318.0,27.17,18.38,141.0,55.08,44.92,92.0,2570.0,34.05,33.9,34.5,33.95
20140909,2.85,2383,台光電,0.06,22.84,0.27,34.1,4.5,30.51,2.76,100.0,33.53,0.65,0.0,27.19,18.35,-107.0,32.4,67.6,43.0,1966.0,34.1,33.9,34.5,34.4
20140910,0.64,2383,台光電,0.07,22.92,0.28,33.85,4.1,30.63,2.86,337.0,33.53,0.61,-127.0,27.2,18.3,-168.0,30.33,69.67,36.0,1723.0,33.85,33.5,34.0,33.85
20140911,2.56,2383,台光電,0.05,22.78,0.2,33.6,4.1,30.63,2.86,0.0,33.53,0.6,-26.0,27.24,18.32,86.0,24.54,75.46,115.0,1602.0,33.6,33.6,34.05,34.0
20140912,0.95,2383,台光電,0.09,22.43,0.39,32.7,5.1,30.63,2.86,0.0,33.53,0.46,-453.0,27.26,18.33,5.0,26.99,73.01,124.0,2957.0,32.7,32.7,33.75,33.7
20140915,1.75,2383,台光電,0.09,22.55,0.39,32.15,4.1,30.65,2.9,106.0,33.49,0.36,-320.0,27.28,18.41,264.0,30.34,69.66,139.0,2228.0,32.15,32.05,32.85,32.4
20140916,2.95,2383,台光電,0.11,22.84,0.47,32.3,4.0,30.65,2.9,-5.0,33.45,0.34,-48.0,27.3,18.45,138.0,41.79,58.21,61.0,1830.0,32.3,32.1,32.55,32.15
20140917,1.52,2383,台光電,0.12,22.87,0.53,32.6,5.3,30.69,2.96,200.0,33.39,0.36,51.0,27.31,18.45,-9.0,43.65,56.35,63.0,1907.0,32.6,32.35,32.85,32.4
20140918,3.66,2383,台光電,0.11,22.72,0.49,33.45,6.7,30.74,3.01,159.0,33.4,0.43,222.0,27.49,18.98,1648.0,62.94,37.06,117.0,4258.0,33.45,32.8,33.55,32.8
20140919,2.76,2383,台光電,0.09,23.04,0.4,34.0,6.6,30.76,3.02,47.0,33.47,0.45,85.0,27.58,19.18,587.0,59.34,40.66,234.0,3441.0,34.0,33.65,34.05,33.65
20140922,1.17,2383,台光電,0.09,22.84,0.38,33.7,4.9,30.77,3.04,51.0,33.47,0.45,-1.0,27.66,19.33,462.0,35.8,64.2,56.0,1450.0,33.7,33.55,34.0,34.0
20140923,1.78,2383,台光電,0.09,22.64,0.38,33.75,5.3,30.77,3.04,11.0,33.48,0.45,-23.0,27.7,19.43,289.0,43.16,56.84,44.0,1291.0,33.75,33.55,33.95,33.75
20140924,1.43,2383,台光電,0.09,22.59,0.38,33.75,5.7,30.77,3.04,0.0,33.48,0.45,0.0,27.77,19.5,232.0,40.54,59.46,86.0,1255.0,33.75,33.65,33.85,33.75
20140925,3.75,2383,台光電,0.09,22.87,0.39,33.45,5.1,30.77,3.04,0.0,33.48,0.44,-10.0,27.86,19.71,629.0,41.35,58.65,186.0,2958.0,33.45,33.0,34.15,33.95
20140926,2.51,2383,台光電,0.11,22.8,0.48,33.25,4.6,30.77,3.04,0.0,33.47,0.33,-345.0,27.92,19.9,598.0,41.22,58.78,64.0,1992.0,33.25,32.85,33.45,33.0
20140929,2.12,2383,台光電,0.15,22.86,0.65,33.8,6.2,30.77,3.01,-100.0,33.52,0.37,103.0,28.02,20.19,912.0,52.75,47.25,75.0,1983.0,33.8,33.4,33.95,33.5
20140930,6.56,2383,台光電,0.24,22.99,1.06,33.9,7.1,30.81,3.01,0.0,33.59,0.09,-877.0,28.12,20.43,716.0,54.94,45.06,247.0,4848.0,33.9,33.55,34.1,34.0
20141001,3.09,2383,台光電,0.23,22.77,1.0,33.9,5.7,30.86,3.02,48.0,33.64,0.08,-32.0,28.17,20.57,438.0,53.65,46.35,58.0,1685.0,33.9,33.65,34.15,33.65
20141002,2.8,2383,台光電,0.21,22.57,0.91,34.3,7.1,30.97,3.12,310.0,33.9,0.05,-76.0,28.29,20.96,1215.0,64.16,35.84,86.0,2960.0,34.3,33.7,34.35,33.7
20141003,11.0,2383,台光電,0.17,22.67,0.74,34.6,6.3,31.13,3.27,469.0,33.9,0.03,-79.0,28.35,21.11,460.0,52.38,47.62,176.0,5528.0,34.6,34.6,35.15,34.6
20141006,2.1,2383,台光電,0.18,22.3,0.81,34.9,6.5,31.24,3.36,290.0,34.9,0.01,-64.0,28.38,21.15,120.0,51.95,48.05,123.0,2381.0,34.9,34.8,35.2,35.2
20141007,9.47,2383,台光電,0.2,21.69,0.9,35.45,7.5,31.24,3.36,0.0,35.45,0.07,189.0,28.53,21.56,1256.0,54.43,45.57,321.0,5330.0,35.45,34.6,35.7,34.9
20141008,5.32,2383,台光電,0.55,21.84,2.53,35.35,6.1,31.33,3.44,235.0,35.35,0.28,679.0,28.67,21.73,533.0,47.78,52.22,128.0,4644.0,35.35,35.1,35.75,35.4
20141009,13.23,2383,台光電,0.38,20.95,1.83,34.7,5.5,31.33,3.44,0.0,34.8,0.09,-602.0,28.76,21.9,556.0,36.63,63.37,314.0,5205.0,34.7,34.7,35.9,35.75
20141013,5.59,2383,台光電,0.22,21.0,1.03,33.25,3.3,31.35,3.39,-145.0,,0.0,-549.0,28.8,22.02,371.0,35.91,64.09,170.0,3523.0,33.25,33.2,34.3,33.8
20141014,5.88,2383,台光電,0.62,20.63,2.99,34.4,4.5,31.35,3.39,0.0,34.4,0.13,417.0,28.89,22.23,629.0,59.88,40.12,166.0,2568.0,34.4,33.2,34.5,33.25
20141015,12.82,2383,台光電,0.55,20.42,2.7,33.55,4.2,31.35,3.3,-300.0,33.72,0.08,-163.0,28.92,22.14,-332.0,38.12,61.88,102.0,3376.0,33.55,32.85,34.6,34.4
20141016,15.7,2383,台光電,0.78,20.41,3.8,33.55,5.1,31.36,3.22,-250.0,33.58,0.23,481.0,28.99,22.37,690.0,49.54,50.46,138.0,4014.0,33.55,32.0,33.7,33.3
20141017,13.35,2383,台光電,0.84,20.43,4.13,32.85,3.7,31.36,3.22,0.0,33.01,0.17,-192.0,29.0,22.22,-492.0,42.89,57.11,140.0,3611.0,32.85,32.7,33.9,33.9
20141020,15.86,2383,台光電,1.06,20.05,5.27,34.05,5.9,31.4,3.26,125.0,33.8,0.28,331.0,29.07,22.38,462.0,62.87,37.13,146.0,3726.0,34.05,33.1,34.15,33.45
20141021,10.46,2383,台光電,0.82,20.14,4.07,34.2,6.3,31.63,3.55,911.0,34.03,0.18,-320.0,29.13,22.51,347.0,55.3,44.7,109.0,3947.0,34.2,33.95,34.65,34.25
20141022,8.01,2383,台光電,1.14,20.08,5.69,34.5,5.7,31.64,3.57,58.0,34.36,0.22,132.0,29.16,22.54,106.0,39.21,60.79,165.0,2959.0,34.5,34.25,34.9,34.9
20141023,15.38,2383,台光電,1.11,21.01,5.3,35.2,7.1,31.73,3.65,279.0,35.08,0.36,428.0,29.17,22.5,-135.0,59.78,40.22,233.0,5239.0,35.2,34.45,35.35,34.5
20141024,16.36,2383,台光電,0.95,21.25,4.47,34.3,5.3,31.73,3.65,0.0,34.71,0.36,28.0,29.19,22.39,-330.0,41.21,58.79,259.0,3656.0,34.3,34.3,35.35,35.3
20141027,11.56,2383,台光電,1.03,20.72,4.97,33.0,3.8,31.73,3.58,-222.0,33.89,0.55,587.0,29.21,22.46,235.0,31.74,68.26,84.0,3893.0,33.0,32.85,34.6,34.55
20141028,16.71,2383,台光電,0.79,21.18,3.73,34.4,6.7,31.75,3.61,95.0,33.94,0.34,-655.0,29.29,22.72,777.0,54.34,45.66,231.0,4878.0,34.4,33.35,34.4,33.6
20141029,6.9,2383,台光電,0.84,21.8,3.87,35.15,6.6,31.8,3.66,150.0,34.34,0.49,459.0,29.34,22.88,555.0,61.75,38.25,293.0,4797.0,35.15,34.6,35.25,34.8
20141030,4.93,2383,台光電,0.84,22.02,3.83,35.0,5.3,31.8,3.66,0.0,34.5,0.61,375.0,29.35,22.84,-99.0,49.62,50.38,126.0,2635.0,35.0,34.8,35.4,35.25
20141031,6.19,2383,台光電,0.86,22.49,3.81,35.75,7.5,31.8,3.66,0.0,34.75,0.72,356.0,29.4,22.98,407.0,62.25,37.75,451.0,6335.0,35.75,35.2,35.75,35.3
20141103,6.99,2383,台光電,0.87,22.66,3.82,35.9,6.1,31.8,3.66,0.0,34.85,0.72,7.0,29.43,22.96,4.0,51.97,48.03,180.0,4509.0,35.9,35.4,36.1,36.0
20141104,14.28,2383,台光電,0.97,22.46,4.3,36.4,7.1,31.95,3.79,398.0,35.32,0.94,690.0,29.49,23.02,192.0,55.89,44.11,304.0,7387.0,36.4,35.6,36.85,35.9
20141105,12.59,2383,台光電,1.07,24.84,4.29,37.25,6.7,32.07,3.84,175.0,35.55,0.76,-566.0,29.53,22.86,-501.0,44.55,55.45,369.0,10639.0,37.25,36.95,38.0,37.6
20141106,5.32,2383,台光電,1.04,23.46,4.43,35.9,4.9,32.11,3.84,0.0,35.61,0.76,-19.0,29.56,22.99,381.0,29.78,70.22,274.0,6517.0,35.9,35.8,37.0,36.85
20141107,8.83,2383,台光電,1.06,23.97,4.44,36.3,5.3,32.16,3.86,50.0,35.71,0.69,-226.0,29.6,23.04,163.0,51.68,48.32,126.0,3250.0,36.3,35.75,36.55,35.9
20141110,1.69,2383,台光電,1.06,24.46,4.32,36.15,5.3,32.16,3.83,-100.0,35.73,0.61,-242.0,29.66,23.18,433.0,37.79,62.21,198.0,2488.0,36.15,36.15,36.65,36.5
20141111,9.01,2383,台光電,1.08,24.92,4.34,37.1,6.6,32.22,3.88,160.0,36.14,0.75,446.0,29.71,23.33,478.0,51.43,48.57,215.0,5570.0,37.1,36.5,37.5,36.95
20141112,4.77,2383,台光電,1.18,24.96,4.71,37.1,5.3,32.22,3.88,0.0,36.15,0.6,-481.0,29.76,23.42,270.0,44.43,55.57,119.0,4044.0,37.1,36.8,37.4,37.3
20141113,3.68,2383,台光電,1.17,24.44,4.79,36.9,4.9,32.22,3.88,0.0,36.18,0.58,-59.0,29.78,23.46,131.0,30.72,69.28,191.0,2147.0,36.9,36.8,37.3,37.15
20141114,6.23,2383,台光電,1.16,24.51,4.73,37.4,6.6,32.22,3.88,0.0,36.32,0.51,-227.0,29.9,23.81,1115.0,56.77,43.23,184.0,3501.0,37.4,36.95,37.7,37.4
20141117,9.5,2383,台光電,1.22,24.26,5.04,37.8,7.5,32.35,3.97,280.0,36.95,0.69,563.0,30.0,23.98,530.0,50.39,49.61,239.0,5765.0,37.8,37.3,38.35,38.0
20141118,2.36,2383,台光電,1.18,24.67,4.77,37.0,5.0,32.37,3.98,22.0,36.95,0.62,-197.0,30.07,23.91,-235.0,38.72,61.28,182.0,4402.0,37.0,36.7,38.1,38.1
20141119,2.7,2383,台光電,1.21,23.12,5.24,37.5,6.1,32.37,3.98,0.0,36.97,0.59,-112.0,30.28,24.61,2209.0,58.63,41.37,164.0,3373.0,37.5,37.1,37.75,37.1
20141120,7.18,2383,台光電,1.28,23.78,5.36,38.3,7.5,32.44,4.02,140.0,37.33,0.59,6.0,30.45,24.98,1132.0,61.81,38.19,253.0,5598.0,38.3,37.85,38.6,38.0
20141121,3.58,2383,台光電,1.33,23.9,5.55,38.0,5.7,32.44,4.02,-8.0,37.5,0.61,59.0,30.48,24.97,-29.0,41.44,58.56,159.0,2935.0,38.0,37.9,38.6,38.6
20141124,3.74,2383,台光電,1.3,23.94,5.43,37.6,5.4,32.44,3.8,-685.0,37.52,0.72,341.0,30.5,24.94,-87.0,31.85,68.15,120.0,3182.0,37.6,37.5,38.5,38.5
20141125,2.36,2383,台光電,1.35,23.96,5.64,37.55,4.9,32.44,3.79,-41.0,37.52,0.75,95.0,30.55,25.09,483.0,41.8,58.2,85.0,1609.0,37.55,37.45,37.9,37.7
20141126,4.84,2383,台光電,1.32,23.77,5.57,37.8,6.6,32.44,3.79,0.0,37.54,0.78,116.0,30.6,25.26,513.0,43.2,56.8,77.0,1733.0,37.8,37.65,38.15,37.8
20141127,1.6,2383,台光電,1.22,22.93,5.33,37.8,6.3,32.44,3.78,-7.0,37.55,0.77,-49.0,30.7,25.59,1052.0,30.99,69.01,127.0,2430.0,37.8,37.75,38.2,38.2
20141128,3.29,2383,台光電,1.23,22.98,5.36,37.9,6.7,32.44,3.77,-6.0,37.66,1.02,808.0,30.77,25.74,647.0,52.69,47.31,159.0,3316.0,37.9,37.9,38.3,38.0
20141201,3.98,2383,台光電,1.24,22.98,5.38,38.15,7.0,32.47,3.79,70.0,37.68,0.94,-271.0,30.79,25.75,16.0,56.96,43.04,151.0,2485.0,38.15,36.85,38.15,36.9
20141202,2.61,2383,台光電,1.23,22.94,5.35,37.85,5.3,32.47,3.79,0.0,37.68,0.83,-324.0,30.81,25.77,82.0,34.24,65.76,123.0,1763.0,37.85,37.55,38.15,38.15
20141203,9.94,2383,台光電,1.29,23.24,5.53,39.75,7.5,32.47,3.76,-92.0,38.46,1.09,812.0,31.11,26.63,2686.0,69.54,30.46,242.0,10247.0,39.75,38.0,40.45,38.35
20141204,8.83,2383,台光電,1.24,23.58,5.26,39.65,6.6,32.61,3.78,68.0,38.49,0.74,-1105.0,31.2,26.84,640.0,41.62,58.38,131.0,4641.0,39.65,39.2,40.3,40.0
20141205,7.73,2383,台光電,1.27,22.72,5.6,41.4,7.5,32.61,3.77,-28.0,38.96,0.77,112.0,31.45,27.39,1741.0,57.57,42.43,441.0,5499.0,41.4,39.65,41.45,40.0
20141208,4.96,2383,台光電,1.21,22.97,5.28,40.4,5.3,32.61,3.74,-100.0,39.12,0.7,-222.0,31.47,27.2,-667.0,33.94,66.06,301.0,3727.0,40.4,40.4,42.1,42.0
20141209,5.22,2383,台光電,1.22,22.26,5.47,40.55,5.7,32.61,3.74,0.0,39.38,0.82,373.0,31.63,27.63,1281.0,53.49,46.51,251.0,3675.0,40.55,39.6,40.9,40.35
20141210,4.28,2383,台光電,1.18,22.66,5.19,40.1,4.9,32.61,3.74,0.0,39.43,0.82,-10.0,31.67,27.68,146.0,36.01,63.99,100.0,2195.0,40.1,39.65,40.45,40.3
20141211,8.35,2383,台光電,1.16,22.15,5.23,40.1,5.8,32.62,3.74,7.0,39.47,0.86,141.0,31.76,27.97,906.0,29.04,70.96,155.0,2790.0,40.1,39.55,40.9,39.8
20141212,2.3,2383,台光電,1.14,22.0,5.18,40.1,4.9,32.62,3.74,0.0,39.56,0.78,-251.0,31.82,28.1,411.0,36.47,63.53,103.0,2481.0,40.1,40.1,40.75,40.7
20141215,2.43,2383,台光電,1.13,22.15,5.11,40.1,4.9,32.62,3.74,0.0,39.59,0.81,76.0,31.86,28.18,234.0,50.71,49.29,160.0,1895.0,40.1,39.65,40.15,39.75
20141216,3.3,2383,台光電,1.12,22.27,5.01,39.7,5.0,32.62,3.74,0.0,39.59,0.83,54.0,31.93,28.31,416.0,24.47,75.53,112.0,2212.0,39.7,39.7,40.4,40.1
20141217,1.87,2383,台光電,1.08,22.17,4.89,39.35,5.9,32.76,3.82,246.0,39.58,0.82,-4.0,31.98,28.36,287.0,34.97,65.03,171.0,2673.0,39.35,39.2,40.0,39.8
20141218,6.59,2383,台光電,1.08,22.55,4.79,39.6,6.7,32.76,3.82,0.0,39.58,0.69,-429.0,32.04,28.55,618.0,36.93,63.07,87.0,3189.0,39.6,39.3,40.2,39.6
20141219,2.97,2383,台光電,1.09,22.83,4.77,39.4,5.4,32.76,3.73,-280.0,39.57,0.58,-343.0,32.14,28.77,683.0,29.57,70.43,176.0,3163.0,39.4,39.4,40.35,40.35
20141222,5.95,2383,台光電,1.09,22.8,4.78,39.75,5.7,32.76,3.73,0.0,39.6,0.66,251.0,32.16,28.81,127.0,52.2,47.8,193.0,1749.0,39.75,39.6,40.15,39.6
20141223,4.13,2383,台光電,1.13,22.86,4.93,40.75,7.9,32.76,3.72,-50.0,39.82,0.74,257.0,32.24,29.07,812.0,58.54,41.46,149.0,3412.0,40.75,39.95,40.95,40.1
20141224,4.34,2383,台光電,1.13,23.32,4.87,40.85,6.9,32.76,3.72,0.0,39.87,0.74,8.0,32.24,28.92,-487.0,48.97,51.03,121.0,1842.0,40.85,40.55,41.2,40.75
20141225,1.88,2383,台光電,1.12,23.29,4.83,40.3,5.3,32.76,3.59,-400.0,39.9,0.78,113.0,32.25,28.86,-162.0,36.64,63.36,68.0,1968.0,40.3,40.05,40.8,40.8
20141226,3.66,2383,台光電,1.11,23.07,4.83,40.35,6.1,32.76,3.59,0.0,39.92,0.8,63.0,32.26,28.88,65.0,43.11,56.89,53.0,846.0,40.35,40.1,40.55,40.3
20141227,2.73,2383,台光電,1.11,22.73,4.9,40.3,5.3,32.76,3.59,0.0,39.95,0.87,227.0,32.26,28.88,0.0,31.23,68.77,38.0,842.0,40.3,40.25,40.5,40.35
20141229,0.74,2383,台光電,1.12,22.57,4.96,40.4,6.2,32.76,3.59,0.0,39.98,0.93,172.0,32.29,28.97,266.0,30.28,69.72,33.0,1074.0,40.4,40.3,40.6,40.5
20141230,2.13,2383,台光電,1.12,22.52,4.96,40.5,6.1,32.76,3.59,0.0,40.02,0.96,108.0,32.31,29.0,95.0,56.25,43.75,53.0,1078.0,40.5,40.4,40.7,40.5
20141231,2.48,2383,台光電,1.12,22.76,4.94,40.9,7.5,32.76,3.59,0.0,40.06,0.94,-76.0,32.31,29.0,15.0,54.89,45.11,91.0,1855.0,40.9,40.45,41.4,40.5
20150105,1.69,2383,台光電,1.14,23.17,4.91,40.75,6.2,32.76,3.59,0.0,40.09,0.85,-286.0,32.33,28.99,-34.0,32.97,67.03,107.0,1836.0,40.75,40.6,41.2,41.2
20150106,1.59,2383,台光電,1.08,23.39,4.62,39.7,5.1,32.76,3.44,-466.0,40.08,0.83,-41.0,32.38,29.02,93.0,29.88,70.12,123.0,3385.0,39.7,39.4,40.3,40.1
20150107,1.19,2383,台光電,1.03,23.81,4.34,39.4,4.5,32.76,3.31,-419.0,40.06,0.66,-538.0,32.43,29.14,441.0,32.99,67.01,77.0,2686.0,39.4,39.3,39.7,39.65
20150108,1.44,2383,台光電,1.02,24.04,4.25,39.3,4.5,32.76,3.26,-157.0,40.04,0.57,-303.0,32.46,29.17,118.0,40.78,59.22,177.0,2563.0,39.3,39.25,39.85,39.55
20150109,5.19,2383,台光電,1.07,23.91,4.49,41.05,7.0,32.76,3.24,-50.0,40.22,0.58,52.0,32.59,29.57,1262.0,55.25,44.75,142.0,4971.0,41.05,40.1,41.3,40.5
20150112,3.76,2383,台光電,1.1,24.34,4.52,40.75,5.2,32.76,3.24,0.0,40.29,0.51,-242.0,32.6,29.37,-632.0,45.9,54.1,102.0,3267.0,40.75,40.75,41.9,41.05
20150113,6.35,2383,台光電,1.16,24.34,4.77,41.05,6.0,32.76,3.16,-250.0,40.39,0.54,114.0,32.68,29.6,717.0,52.54,47.46,122.0,2470.0,41.05,40.4,41.6,40.55
20150114,1.62,2383,台光電,1.14,24.11,4.72,40.8,5.2,32.76,3.1,-200.0,40.39,0.52,-59.0,32.7,29.61,43.0,34.29,65.71,36.0,1599.0,40.8,40.6,41.3,41.2
20150115,4.37,2383,台光電,1.18,24.04,4.91,40.9,6.6,32.76,3.1,0.0,40.43,0.54,69.0,32.74,29.71,289.0,55.57,44.43,69.0,2198.0,40.9,40.6,41.9,40.9
20150116,5.48,2383,台光電,1.14,24.14,4.73,40.75,4.9,32.76,3.08,-50.0,40.45,0.45,-299.0,32.79,29.77,194.0,44.1,55.9,88.0,1935.0,40.75,40.45,41.4,40.9
20150119,1.01,2383,台光電,1.14,23.94,4.76,40.7,4.9,32.76,3.08,-1.0,40.46,0.45,-10.0,32.84,29.92,475.0,40.34,59.66,85.0,1185.0,40.7,40.6,41.1,41.0
20150120,2.98,2383,台光電,1.14,24.13,4.73,41.15,7.0,32.76,3.07,-40.0,40.49,0.47,65.0,32.87,30.0,243.0,47.43,52.57,101.0,1642.0,41.15,40.85,41.4,40.95
20150121,3.51,2383,台光電,1.13,24.2,4.68,40.9,4.9,32.76,3.07,0.0,40.53,0.51,129.0,32.88,29.93,-212.0,47.46,52.54,67.0,1026.0,40.9,40.85,41.35,41.35
20150122,9.53,2383,台光電,1.13,24.41,4.63,42.8,7.9,32.76,2.96,-348.0,41.46,0.81,959.0,32.96,30.08,467.0,69.5,30.5,394.0,5333.0,42.8,40.9,42.8,41.15
20150123,3.85,2383,台光電,1.1,24.67,4.45,42.1,6.2,32.76,2.94,-55.0,41.51,0.7,-345.0,33.02,29.93,-454.0,42.2,57.8,151.0,4280.0,42.1,42.1,43.3,43.3
20150126,3.07,2383,台光電,1.07,24.58,4.35,42.2,6.1,32.76,2.87,-236.0,41.53,0.69,-31.0,33.03,29.92,-21.0,51.16,48.84,50.0,1695.0,42.2,41.8,42.3,42.1
20150127,4.37,2383,台光電,1.05,24.71,4.23,42.6,6.9,32.76,2.87,0.0,41.74,0.81,370.0,33.08,29.81,-347.0,64.1,35.9,171.0,3090.0,42.6,42.2,43.2,42.25
20150128,2.74,2383,台光電,1.04,24.33,4.28,42.6,6.0,32.76,2.86,-30.0,41.76,0.68,-423.0,33.16,30.01,626.0,51.32,48.68,62.0,1751.0,42.6,42.3,42.9,42.45
20150129,4.2,2383,台光電,1.04,24.21,4.28,41.95,5.0,32.76,2.86,0.0,41.76,0.63,-159.0,33.24,30.04,102.0,41.91,58.09,86.0,2712.0,41.95,41.5,42.5,42.5
20150130,6.54,2383,台光電,1.05,24.39,4.29,42.65,7.4,32.76,2.86,-4.0,41.81,0.63,5.0,33.32,30.26,694.0,58.75,41.25,146.0,2324.0,42.65,42.0,42.8,42.1
20150202,5.07,2383,台光電,1.0,24.56,4.09,41.75,5.5,32.76,2.79,-200.0,41.81,0.58,-136.0,33.4,30.29,100.0,43.58,56.42,105.0,3272.0,41.75,41.15,42.4,42.15
20150203,2.14,2383,台光電,1.06,24.27,4.35,41.9,4.9,32.76,2.79,-18.0,41.81,0.6,49.0,33.53,30.69,1258.0,40.45,59.55,83.0,2248.0,41.9,41.8,42.4,41.95
20150204,2.77,2383,台光電,1.07,24.57,4.34,42.3,6.7,32.76,2.79,0.0,41.85,0.64,117.0,33.61,30.57,-368.0,46.93,53.07,130.0,2671.0,42.3,42.0,42.5,42.2
20150205,14.29,2383,台光電,1.12,24.64,4.53,43.1,7.9,32.82,2.8,30.0,41.98,0.64,19.0,33.74,30.93,1127.0,57.22,42.78,273.0,3709.0,43.1,42.55,43.35,42.7
20150206,6.57,2383,台光電,1.12,24.81,4.51,42.75,6.7,32.84,2.8,20.0,42.09,0.69,137.0,33.82,31.03,310.0,44.46,55.54,302.0,3941.0,42.75,42.75,43.8,43.3
20150209,4.78,2383,台光電,1.2,24.51,4.91,42.9,5.7,32.84,2.79,-50.0,42.11,0.63,-183.0,33.9,31.22,585.0,45.8,54.2,72.0,1860.0,42.9,42.65,43.25,42.85
20150210,9.81,2383,台光電,1.19,24.13,4.95,43.7,7.9,33.98,3.11,1028.0,42.45,0.77,445.0,33.99,31.28,312.0,54.07,45.93,176.0,5655.0,43.7,43.2,44.3,43.5
20150211,5.83,2383,台光電,1.2,24.08,4.97,43.7,6.5,34.01,3.12,30.0,42.49,0.66,-340.0,34.07,31.39,347.0,40.0,60.0,127.0,2282.0,43.7,43.3,44.3,44.3
20150212,3.65,2383,台光電,1.22,24.1,5.04,43.9,6.9,34.01,3.12,0.0,42.59,0.62,-137.0,34.17,31.51,361.0,58.82,41.18,92.0,2167.0,43.9,43.8,44.25,44.0
20150213,1.48,2383,台光電,1.22,23.79,5.13,43.8,6.1,34.01,3.12,-2.0,42.63,0.57,-156.0,34.24,31.59,256.0,39.54,60.46,175.0,2024.0,43.8,43.75,44.3,44.0
20150224,4.36,2383,台光電,1.23,22.57,5.45,45.5,7.9,34.3,3.2,250.0,43.65,0.75,559.0,34.4,31.61,682.0,61.02,38.98,266.0,5247.0,45.5,44.25,45.65,44.6
20150225,4.14,2383,台光電,1.25,22.83,5.49,45.5,6.5,34.3,3.2,-3.0,43.73,0.64,-323.0,34.49,31.59,-389.0,47.28,52.72,133.0,2633.0,45.5,45.0,45.9,45.8
20150226,2.22,2383,台光電,1.24,23.31,5.31,44.55,6.3,34.3,3.2,-1.0,43.83,0.69,151.0,34.52,31.21,-1071.0,40.19,59.81,147.0,3154.0,44.55,44.3,45.2,45.0
20150302,4.21,2383,台光電,1.15,23.22,4.93,43.95,5.4,34.3,3.14,-169.0,43.84,0.65,-118.0,34.57,31.02,-186.0,46.73,53.27,150.0,3393.0,43.95,43.35,44.5,44.5
20150303,2.67,2383,台光電,1.15,23.24,4.94,44.15,4.8,34.3,3.12,-38.0,43.86,0.65,5.0,34.6,30.92,-328.0,48.36,51.64,61.0,2137.0,44.15,44.0,44.6,44.0
20150304,1.84,2383,台光電,1.15,23.41,4.93,44.0,4.5,34.39,3.15,77.0,43.87,0.67,38.0,34.7,30.89,-74.0,55.14,44.86,81.0,2494.0,44.0,43.85,44.3,44.15
20150305,8.63,2383,台光電,1.31,23.63,5.53,46.4,7.9,35.35,3.4,809.0,44.58,0.76,311.0,34.9,31.27,1178.0,58.81,41.19,118.0,6636.0,46.4,44.0,46.65,44.0
20150306,7.46,2383,台光電,1.31,23.76,5.5,46.1,7.0,35.53,3.46,182.0,44.72,0.65,-358.0,34.96,31.03,-764.0,48.38,51.62,118.0,4274.0,46.1,46.05,47.15,46.8
20150309,7.83,2383,台光電,1.62,24.31,6.68,47.6,7.9,35.64,3.49,99.0,45.47,0.71,202.0,35.06,31.11,247.0,57.46,42.54,294.0,4814.0,47.6,45.85,47.6,46.0
20150310,11.64,2383,台光電,1.45,23.72,6.12,49.05,7.5,36.56,3.73,740.0,47.53,0.98,836.0,35.27,31.19,247.0,59.96,40.04,343.0,10072.0,49.05,48.45,50.5,48.5
20150311,13.15,2383,台光電,1.65,24.11,6.85,49.7,6.5,36.96,3.85,370.0,47.73,1.04,205.0,35.41,31.32,393.0,53.82,46.18,218.0,4455.0,49.7,48.6,49.9,49.05
20150312,6.72,2383,台光電,1.68,24.68,6.8,49.95,7.3,37.21,3.9,187.0,47.89,1.11,217.0,35.48,31.18,-418.0,53.22,46.78,137.0,4062.0,49.95,49.7,50.5,50.0
20150313,14.86,2383,台光電,1.85,24.27,7.62,52.4,8.3,37.7,4.03,389.0,48.93,1.34,723.0,35.82,31.71,1666.0,58.78,41.22,417.0,8549.0,52.4,50.0,53.0,50.2
20150316,14.14,2383,台光電,2.03,24.71,8.2,54.7,8.3,38.19,4.15,383.0,49.88,1.36,67.0,36.04,31.7,-45.0,61.2,38.8,368.0,9026.0,54.7,51.7,54.8,52.6
20150317,9.84,2383,台光電,1.71,24.77,6.89,53.2,7.0,38.39,4.2,165.0,50.34,1.37,8.0,36.28,31.69,2.0,35.52,64.48,315.0,8530.0,53.2,52.5,55.8,55.0
20150318,9.12,2383,台光電,1.62,24.75,6.56,53.6,6.5,38.65,4.27,226.0,50.53,1.38,55.0,36.36,31.56,-406.0,44.42,55.58,243.0,4221.0,53.6,53.0,54.3,53.5
20150319,10.37,2383,台光電,1.63,25.06,6.5,53.8,7.4,38.69,4.28,36.0,51.14,1.55,535.0,36.44,31.21,-1086.0,52.97,47.03,142.0,5499.0,53.8,53.1,55.5,54.0
20150320,10.08,2383,台光電,1.46,24.85,5.88,54.0,6.9,38.72,4.29,20.0,51.23,1.37,-589.0,36.65,31.45,744.0,43.09,56.91,320.0,4482.0,54.0,53.2,55.0,53.8
20150323,14.88,2383,台光電,1.49,25.75,5.8,55.4,7.8,39.14,4.4,347.0,52.16,1.62,817.0,36.75,31.13,-1003.0,62.82,37.18,279.0,8493.0,55.4,54.2,56.5,54.2
20150324,8.8,2383,台光電,1.41,25.75,5.47,54.3,5.6,39.34,4.42,74.0,52.3,1.54,-251.0,36.79,30.97,-510.0,33.5,66.5,415.0,3931.0,54.3,54.2,55.4,55.4
20150325,15.17,2383,台光電,1.47,25.43,5.78,55.4,7.4,41.81,5.23,2545.0,52.89,1.69,452.0,36.83,30.48,-1556.0,52.8,47.2,269.0,12852.0,55.4,54.8,57.1,56.0
20150326,10.1,2383,台光電,1.43,24.84,5.77,55.1,6.0,42.08,5.3,235.0,53.1,1.72,111.0,36.87,29.95,-1671.0,44.25,55.75,131.0,6366.0,55.1,53.7,55.3,55.0
20150327,8.53,2383,台光電,1.28,24.73,5.16,54.6,6.6,42.08,5.23,-222.0,53.18,1.73,26.0,37.52,30.42,1495.0,47.66,52.34,394.0,7441.0,54.6,52.5,55.0,54.7
20150330,11.04,2383,台光電,1.34,24.48,5.47,53.1,5.3,42.08,5.21,-59.0,53.18,1.71,-52.0,37.65,30.46,125.0,31.79,68.21,245.0,3559.0,53.1,52.5,55.2,55.0
20150331,11.74,2383,台光電,1.33,24.49,5.43,53.6,5.8,42.08,5.21,0.0,53.21,1.82,324.0,37.77,30.39,-231.0,47.39,52.61,344.0,3593.0,53.6,53.6,54.8,53.6
20150401,11.51,2383,台光電,1.46,24.16,6.06,54.4,5.6,42.08,5.2,-40.0,53.3,1.95,425.0,37.87,30.37,-45.0,57.66,42.34,126.0,2596.0,54.4,52.8,54.6,53.3
20150402,11.63,2383,台光電,1.18,24.19,4.88,54.7,6.6,42.08,5.2,0.0,53.35,1.84,-337.0,37.98,30.11,-831.0,53.08,46.92,230.0,3938.0,54.7,53.7,54.8,54.4
20150407,4.42,2383,台光電,1.08,23.64,4.58,55.1,6.5,42.08,5.19,-20.0,53.55,2.05,665.0,38.0,30.03,-264.0,58.68,41.32,175.0,2899.0,55.1,54.3,56.1,54.7
20150408,4.89,2383,台光電,0.79,23.69,3.32,53.4,5.4,42.08,5.07,-385.0,53.55,2.04,-55.0,38.14,29.88,-479.0,35.68,64.32,136.0,4312.0,53.4,53.3,55.7,55.0
20150409,0.0,2383,台光電,0.06,22.95,0.26,51.1,5.4,42.08,5.02,-170.0,53.32,2.07,92.0,38.35,29.91,100.0,36.34,63.66,315.0,5757.0,51.1,51.1,54.2,53.5
20150410,0.0,2383,台光電,0.0,21.58,0.0,50.5,5.4,42.08,4.88,-450.0,53.17,2.0,-203.0,38.58,30.39,1518.0,39.95,60.05,259.0,5833.0,50.5,49.75,52.4,52.4
20150413,0.0,2383,台光電,0.0,21.27,0.0,52.6,5.7,42.08,4.86,-39.0,53.16,1.9,-336.0,38.71,30.6,678.0,57.49,42.51,254.0,2886.0,52.6,50.4,52.6,51.0
20150414,0.0,2383,台光電,0.0,21.1,0.0,53.8,6.1,42.08,4.85,-30.0,53.23,2.03,411.0,38.72,30.43,-556.0,61.69,38.31,87.0,3089.0,53.8,52.1,54.3,52.4
20150415,5.99,2383,台光電,0.11,20.93,0.51,52.1,5.8,42.38,4.89,105.0,53.18,1.89,-423.0,38.73,30.16,-849.0,36.7,63.3,114.0,4005.0,52.1,51.9,53.5,53.1
20150416,12.23,2383,台光電,0.14,20.9,0.67,52.1,5.2,42.57,4.87,-56.0,53.17,1.81,-261.0,38.81,30.3,441.0,38.31,61.69,91.0,3081.0,52.1,51.7,53.4,52.8
20150417,4.52,2383,台光電,0.12,20.75,0.58,51.2,4.8,42.57,4.87,0.0,53.16,1.75,-200.0,38.84,30.28,-38.0,28.35,71.65,82.0,1702.0,51.2,51.1,52.3,52.1
20150420,7.35,2383,台光電,0.1,20.91,0.49,51.4,4.4,42.62,4.9,100.0,53.16,1.73,-43.0,38.89,30.4,351.0,51.39,48.61,84.0,1510.0,51.4,50.7,51.6,51.2
20150421,7.09,2383,台光電,0.23,20.8,1.11,49.2,5.4,42.64,4.84,-182.0,53.03,1.42,-997.0,38.96,30.46,199.0,31.45,68.55,145.0,4780.0,49.2,48.0,51.6,51.5
20150422,7.09,2383,台光電,0.28,19.51,1.46,50.7,7.0,42.64,4.79,-165.0,52.81,1.36,-169.0,39.15,30.87,1314.0,57.63,42.37,200.0,4217.0,50.7,48.7,50.7,49.2
20150423,6.98,2383,台光電,0.26,19.76,1.31,51.1,6.0,42.64,4.72,-230.0,52.7,1.31,-178.0,39.17,30.75,-380.0,44.04,55.96,119.0,2780.0,51.1,50.8,52.0,51.4
20150424,4.44,2383,台光電,0.31,19.87,1.55,50.5,5.2,42.64,4.55,-527.0,52.54,1.33,80.0,39.22,30.79,121.0,41.87,58.13,151.0,2659.0,50.5,50.0,51.2,51.1
20150427,4.57,2383,台光電,0.3,19.3,1.58,52.5,7.4,42.64,4.43,-389.0,52.54,1.54,643.0,39.4,31.06,852.0,67.36,32.64,209.0,3657.0,52.5,50.5,52.5,50.7
20150428,4.51,2383,台光電,0.29,19.54,1.51,52.2,6.1,42.64,4.42,-38.0,52.53,1.48,-167.0,39.51,31.03,-205.0,48.52,51.48,115.0,2041.0,52.2,51.8,52.9,52.9
20150429,4.74,2383,台光電,0.29,19.43,1.48,51.5,6.2,42.64,4.32,-318.0,52.51,1.41,-244.0,39.6,31.2,522.0,42.08,57.92,78.0,2087.0,51.5,50.7,52.4,52.4
20150430,7.73,2383,台光電,0.21,19.13,1.1,51.2,5.7,42.64,4.32,0.0,52.49,1.36,-157.0,39.72,31.34,434.0,42.27,57.73,132.0,2029.0,51.2,50.4,51.4,51.2
20150504,6.04,2383,台光電,0.35,19.03,1.83,52.1,6.5,42.64,4.31,-2.0,52.44,1.52,510.0,39.73,31.31,-95.0,63.75,36.25,106.0,1539.0,52.1,51.0,52.7,51.2
20150505,15.32,2383,台光電,0.21,18.94,1.12,51.4,5.9,42.64,4.31,0.0,52.43,1.28,-766.0,39.74,31.24,-205.0,48.52,51.48,36.0,1964.0,51.4,50.7,52.0,52.0
20150506,4.5,2383,台光電,0.31,19.04,1.63,51.7,5.2,42.64,4.28,-100.0,52.41,1.29,40.0,39.82,31.26,165.0,52.83,47.17,95.0,1311.0,51.7,50.6,51.8,51.2
20150507,19.47,2383,台光電,0.45,20.73,2.18,55.3,7.4,43.01,4.33,150.0,53.0,1.09,-634.0,39.86,30.97,-942.0,96.98,3.02,138.0,12400.0,55.3,54.6,55.3,55.3
20150508,10.49,2383,台光電,0.41,21.02,1.96,53.2,5.7,43.07,4.24,-275.0,53.05,1.26,542.0,39.92,30.82,-499.0,49.19,50.81,357.0,8990.0,53.2,53.2,55.2,55.2
20150511,14.77,2383,台光電,0.4,20.9,1.89,53.0,4.8,43.16,4.27,71.0,53.05,1.26,7.0,39.97,30.78,-175.0,44.81,55.19,120.0,4277.0,53.0,51.8,54.2,54.0
20150512,17.52,2383,台光電,0.69,21.26,3.25,56.3,7.8,43.19,4.28,30.0,53.76,1.57,961.0,40.25,31.18,1190.0,65.26,34.74,510.0,8020.0,56.3,53.0,56.3,53.3
20150513,16.22,2383,台光電,0.76,22.07,3.44,55.6,6.5,43.33,4.32,150.0,53.9,1.53,-96.0,40.32,30.95,-759.0,50.77,49.23,233.0,8310.0,55.6,55.3,57.4,56.3
20150514,8.27,2383,台光電,0.63,21.5,2.92,54.2,4.9,43.36,4.2,-405.0,53.91,1.4,-428.0,40.36,30.9,-168.0,37.6,62.4,209.0,4604.0,54.2,53.9,55.9,55.6
20150515,10.27,2383,台光電,0.62,21.39,2.89,54.5,6.1,43.36,4.19,-13.0,53.91,1.4,-2.0,40.4,30.73,-510.0,53.74,46.26,162.0,2580.0,54.5,53.6,54.9,54.7
20150518,7.85,2383,台光電,0.64,21.36,2.99,54.1,5.2,43.36,4.15,-129.0,53.92,1.41,29.0,40.43,30.73,-16.0,43.24,56.76,137.0,1847.0,54.1,53.9,54.8,54.8
20150519,15.95,2383,台光電,0.74,22.2,3.32,57.0,8.2,43.36,3.81,-1080.0,54.51,1.7,919.0,40.48,30.7,-91.0,62.61,37.39,219.0,8437.0,57.0,54.2,57.8,54.3
20150520,7.68,2383,台光電,0.68,22.12,3.05,56.4,6.8,43.36,3.77,-110.0,54.52,1.56,-451.0,40.59,30.73,106.0,46.8,53.2,265.0,3555.0,56.4,55.8,56.8,56.7
20150521,8.46,2383,台光電,0.65,22.0,2.95,55.4,5.6,43.36,3.77,0.0,54.53,1.5,-182.0,40.6,30.58,-487.0,38.29,61.71,271.0,2339.0,55.4,55.3,56.3,56.0
20150522,19.27,2383,台光電,0.56,22.25,2.52,55.1,6.1,43.36,3.77,0.0,54.53,1.36,-448.0,40.6,30.39,-589.0,46.18,53.82,284.0,3465.0,55.1,55.1,56.5,55.1
20150525,4.73,2383,台光電,0.5,22.14,2.26,54.2,5.2,43.36,3.71,-200.0,54.52,1.35,-8.0,40.63,30.35,-129.0,30.69,69.31,109.0,3171.0,54.2,54.1,55.6,55.1
20150526,4.66,2383,台光電,0.49,21.27,2.32,52.8,5.8,43.36,3.71,-9.0,54.43,1.36,27.0,40.7,30.4,138.0,24.27,75.73,236.0,4487.0,52.8,52.6,54.6,54.5
20150527,8.66,2383,台光電,0.54,21.41,2.52,54.4,6.4,43.36,3.66,-147.0,54.43,1.32,-149.0,40.84,30.63,767.0,59.8,40.2,416.0,3153.0,54.4,52.5,54.4,52.6
20150528,8.91,2383,台光電,0.56,21.6,2.59,53.8,5.2,43.36,3.62,-122.0,54.42,1.32,17.0,40.86,30.55,-254.0,39.5,60.5,157.0,2357.0,53.8,53.7,55.0,55.0
20150529,9.43,2383,台光電,0.49,21.37,2.3,53.1,5.3,43.36,3.62,-11.0,54.39,1.33,42.0,40.92,30.48,-210.0,34.36,65.64,597.0,2545.0,53.1,53.1,54.7,53.8
20150601,7.3,2383,台光電,0.49,21.16,2.29,54.0,6.1,43.36,3.6,-70.0,54.38,1.35,53.0,40.97,30.55,230.0,51.96,48.04,67.0,1150.0,54.0,53.1,54.0,53.3
20150602,11.22,2383,台光電,0.84,21.01,3.99,54.5,8.2,43.36,3.6,0.0,54.41,1.6,771.0,41.03,30.42,-429.0,55.99,44.01,111.0,4214.0,54.5,54.1,56.0,54.5
20150603,6.02,2383,台光電,0.48,20.88,2.28,53.0,5.3,43.36,3.57,-80.0,54.38,1.42,-560.0,41.05,30.25,-512.0,31.14,68.86,407.0,3506.0,53.0,53.0,54.7,54.5
20150604,4.32,2383,台光電,0.59,20.32,2.88,50.5,5.8,43.36,3.56,-32.0,54.24,1.14,-879.0,41.1,30.16,-283.0,31.3,68.7,100.0,5873.0,50.5,49.15,53.4,53.2
20150605,8.51,2383,台光電,0.62,19.52,3.2,51.7,5.6,43.36,3.52,-122.0,54.16,1.1,-111.0,41.2,30.35,596.0,50.96,49.04,40.0,3221.0,51.7,49.7,52.0,51.0
20150608,5.55,2383,台光電,0.63,19.59,3.23,51.5,6.0,43.36,3.52,-10.0,54.1,1.12,62.0,41.22,30.27,-248.0,55.15,44.85,76.0,2360.0,51.5,50.8,52.2,51.7
20150609,4.55,2383,台光電,0.52,19.24,2.73,49.1,5.3,43.36,3.44,-245.0,54.03,1.04,-265.0,41.26,30.31,112.0,35.78,64.22,93.0,3732.0,49.1,48.75,51.5,51.5
20150610,3.33,2383,台光電,0.53,19.31,2.73,49.9,4.8,43.36,3.41,-95.0,53.95,1.02,-50.0,41.3,30.4,282.0,51.98,48.02,82.0,2074.0,49.9,49.55,50.4,49.7
20150611,2.94,2383,台光電,0.55,19.3,2.84,49.35,4.4,43.36,3.41,-10.0,53.87,1.02,-17.0,41.32,30.29,-353.0,36.0,64.0,64.0,1632.0,49.35,49.1,50.4,50.4
20150612,4.18,2383,台光電,0.67,19.39,3.46,48.6,5.3,43.36,3.24,-543.0,53.6,1.02,-12.0,41.33,30.31,66.0,31.84,68.16,73.0,2104.0,48.6,48.25,49.5,49.0
20150615,6.43,2383,台光電,0.71,19.78,3.58,47.0,5.8,43.36,3.23,-22.0,53.47,0.93,-276.0,41.35,30.3,-42.0,35.82,64.18,148.0,3063.0,47.0,46.8,48.5,48.5
20150616,10.24,2383,台光電,0.55,19.94,2.77,46.7,6.6,43.36,3.19,-130.0,52.88,0.79,-436.0,41.41,30.29,-1.0,47.2,52.8,116.0,6462.0,46.7,44.35,47.0,47.0
20150617,7.34,2383,台光電,0.55,20.19,2.71,46.1,5.6,43.36,3.16,-87.0,52.69,0.8,23.0,41.44,30.15,-258.0,40.13,59.87,166.0,2301.0,46.1,45.8,46.95,46.7
20150618,10.86,2383,台光電,0.66,20.66,3.21,50.7,7.4,43.73,3.33,530.0,52.23,0.93,410.0,41.49,30.19,115.0,70.22,29.78,4.0,6584.0,50.7,46.4,50.7,46.5
20150622,11.33,2383,台光電,0.84,20.12,4.17,52.8,7.4,43.73,3.33,4.0,52.38,1.16,733.0,41.5,29.84,-1101.0,55.42,44.58,229.0,8396.0,52.8,51.5,53.9,51.9
20150623,5.61,2383,台光電,0.86,19.65,4.39,52.5,6.0,44.12,3.48,481.0,52.39,1.17,20.0,41.51,29.68,-524.0,49.31,50.69,221.0,4438.0,52.5,52.5,53.6,53.3
20150624,11.26,2383,台光電,1.02,19.99,5.08,53.8,8.3,44.86,3.77,910.0,52.73,1.46,937.0,41.53,29.4,-882.0,55.82,44.18,317.0,6579.0,53.8,52.6,55.2,53.2
20150625,7.1,2383,台光電,1.11,19.49,5.7,54.5,7.3,46.12,4.34,1798.0,52.9,1.41,-161.0,41.55,29.19,-646.0,58.9,41.1,241.0,6059.0,54.5,54.2,55.3,54.8
20150626,11.36,2383,台光電,1.31,20.21,6.47,58.6,8.7,47.83,5.03,2177.0,54.19,1.67,830.0,41.88,29.71,1644.0,65.28,34.72,376.0,14026.0,58.6,55.0,59.2,55.3
20150629,17.03,2383,台光電,1.39,20.55,6.75,60.0,8.7,48.98,5.55,1652.0,55.39,1.25,-1335.0,42.27,29.94,645.0,51.43,48.57,482.0,24110.0,60.0,57.2,62.3,58.6
20150630,13.75,2383,台光電,1.57,21.65,7.25,60.1,6.9,49.24,5.68,416.0,56.4,1.36,331.0,42.53,29.64,-951.0,52.1,47.9,581.0,12526.0,60.1,60.1,62.8,61.0
20150701,13.06,2383,台光電,1.9,21.15,8.98,60.0,6.5,49.62,5.89,663.0,56.87,1.42,199.0,42.79,29.75,336.0,47.12,52.88,499.0,8331.0,60.0,58.8,61.4,60.1
20150702,19.67,2383,台光電,2.6,22.21,11.71,64.9,8.7,50.31,6.17,878.0,59.29,1.5,255.0,43.07,29.92,550.0,62.75,37.25,398.0,16986.0,64.9,61.2,65.6,61.5
20150703,12.51,2383,台光電,2.3,23.62,9.72,63.5,6.9,50.46,6.22,160.0,59.88,1.43,-214.0,43.13,28.76,-3673.0,47.97,51.65,649.0,12808.0,63.5,63.3,65.9,65.3
20150706,11.6,2383,台光電,1.66,23.16,7.16,61.8,6.0,50.6,6.3,250.0,60.04,1.48,148.0,43.49,28.59,-541.0,44.37,55.63,455.0,9900.0,61.8,61.8,64.3,62.0
20150707,15.52,2383,台光電,1.85,21.97,8.41,63.7,6.8,50.77,6.38,250.0,60.73,1.45,-77.0,43.71,28.67,253.0,48.07,51.93,398.0,9793.0,63.7,61.0,65.4,62.8
20150708,11.73,2383,台光電,1.4,21.75,6.44,60.5,5.6,50.8,6.35,-94.0,60.71,1.39,-209.0,44.04,28.9,731.0,33.29,66.71,522.0,9209.0,60.5,59.7,63.9,63.8
20150709,16.44,2383,台光電,1.34,22.33,6.01,61.4,6.1,51.1,6.44,291.0,60.78,1.33,-197.0,44.29,29.17,835.0,49.8,48.05,201.0,9563.0,61.4,56.8,62.4,58.5
20150713,11.15,2383,台光電,1.41,22.56,6.23,62.1,6.5,51.42,6.52,250.0,61.08,1.45,385.0,44.49,29.14,-85.0,44.89,55.11,433.0,7409.0,62.1,61.6,63.5,63.0
20150714,13.87,2383,台光電,1.68,22.03,7.63,63.5,7.8,51.89,6.79,844.0,61.33,1.45,11.0,44.7,29.07,-125.0,53.5,46.5,360.0,8837.0,63.5,62.3,65.3,63.0
20150715,17.74,2383,台光電,1.96,22.02,8.91,65.4,7.7,52.11,6.87,258.0,61.6,1.45,-16.0,45.06,29.26,593.0,64.31,35.69,602.0,8281.0,65.4,63.6,65.5,64.5
20150716,18.91,2383,台光電,2.52,21.37,11.78,69.0,8.3,52.6,7.07,644.0,62.72,1.37,-231.0,46.21,30.31,3327.0,58.2,41.8,566.0,16308.0,69.0,66.5,69.9,66.6
20150717,8.01,2383,台光電,2.17,22.33,9.74,66.1,7.0,53.46,7.17,300.0,63.06,1.2,-559.0,46.37,29.87,-1402.0,44.73,55.27,477.0,10972.0,66.1,66.0,69.3,69.3
20150720,16.7,2383,台光電,2.37,21.85,10.86,66.5,6.9,53.67,7.23,207.0,63.15,1.16,-121.0,46.65,30.14,860.0,43.95,56.05,389.0,7072.0,66.5,66.2,68.5,67.1
20150721,14.56,2383,台光電,2.16,21.36,10.11,64.7,6.6,53.67,7.21,-84.0,63.19,1.11,-156.0,46.8,30.08,-200.0,44.08,55.92,375.0,7711.0,64.7,63.4,67.0,67.0
20150722,15.76,2383,台光電,2.1,21.27,9.87,64.5,5.7,53.67,7.17,-111.0,63.26,1.13,69.0,47.02,30.27,612.0,46.33,53.67,276.0,4351.0,64.5,63.2,65.7,63.5
20150723,14.83,2383,台光電,1.87,20.88,8.98,63.3,6.2,53.91,7.35,569.0,63.26,1.07,-186.0,47.13,30.33,204.0,41.53,58.47,253.0,6028.0,63.3,61.5,65.6,64.6
20150724,15.04,2383,台光電,1.99,21.1,9.45,60.6,6.7,54.03,7.22,-424.0,63.13,1.04,-88.0,47.26,30.61,886.0,36.17,63.83,432.0,6655.0,60.6,60.4,63.9,63.8
20150727,14.6,2383,台光電,1.81,20.79,8.69,59.3,5.3,54.05,7.24,75.0,63.01,0.98,-189.0,47.41,30.75,440.0,44.69,55.11,250.0,5451.0,59.3,58.5,61.1,60.0
20150728,14.85,2383,台光電,2.0,20.81,9.62,61.5,6.9,54.06,7.26,50.0,62.84,0.98,-28.0,47.56,30.93,550.0,53.34,46.66,263.0,5062.0,61.5,58.8,62.0,59.3
20150729,14.79,2383,台光電,2.19,19.51,11.24,64.0,8.3,54.25,7.39,432.0,63.03,1.06,275.0,47.87,31.28,1120.0,54.44,45.56,219.0,6457.0,64.0,61.1,64.9,62.8
20150730,14.27,2383,台光電,2.2,20.15,10.9,63.0,7.4,54.28,7.42,78.0,63.02,1.01,-179.0,48.02,31.0,-898.0,42.12,57.88,301.0,6263.0,63.0,62.7,65.8,64.7
20150731,19.96,2383,台光電,2.48,20.39,12.16,65.0,8.7,54.38,7.43,41.0,63.36,1.14,431.0,48.11,30.98,-45.0,52.51,47.49,340.0,6338.0,65.0,63.6,65.6,63.9
20150803,14.85,2383,台光電,2.56,19.81,12.93,64.5,7.7,54.42,7.46,100.0,63.49,1.21,216.0,48.32,31.02,236.0,44.09,55.56,413.0,5388.0,64.5,63.3,66.2,64.5
20150804,18.11,2383,台光電,2.83,20.0,14.17,64.5,7.9,54.73,7.7,743.0,63.66,1.23,47.0,48.56,30.83,-600.0,51.41,48.59,400.0,11023.0,64.5,63.8,67.8,65.4
20150805,14.71,2383,台光電,3.25,20.3,16.0,69.0,8.2,54.75,7.66,-125.0,65.02,1.34,363.0,49.14,31.51,2133.0,63.02,36.98,614.0,10139.0,69.0,64.2,69.0,65.0
20150806,17.22,2383,台光電,3.48,19.77,17.6,69.5,7.9,55.06,7.82,523.0,65.62,1.01,-1033.0,49.77,31.95,1394.0,47.56,52.44,670.0,14398.0,69.5,69.1,72.1,71.3
20150807,16.96,2383,台光電,3.71,19.29,19.21,71.9,7.3,55.56,8.06,760.0,66.19,0.9,-370.0,50.19,32.4,1422.0,60.04,39.96,496.0,8484.0,71.9,68.1,71.9,68.2
20150810,21.79,2383,台光電,3.27,19.22,17.03,75.9,8.3,55.75,8.13,211.0,68.79,0.9,20.0,50.58,32.78,1212.0,55.93,44.07,446.0,11723.0,75.9,71.5,76.6,71.6
20150811,17.64,2383,台光電,3.03,19.17,15.82,71.8,6.1,55.81,8.08,-172.0,69.26,0.8,-332.0,50.71,32.74,-139.0,38.1,61.69,393.0,9505.0,71.8,71.8,77.4,76.3
20150812,17.49,2383,台光電,2.82,19.59,14.39,71.0,5.7,55.81,8.02,-174.0,69.66,0.8,23.0,51.01,33.06,1029.0,43.41,56.25,385.0,9100.0,71.0,69.4,73.4,71.2
20150813,21.16,2383,台光電,2.92,19.35,15.09,75.0,6.9,55.81,7.93,-298.0,70.54,0.83,86.0,51.38,33.53,1468.0,58.2,41.78,555.0,7719.0,75.0,72.3,75.0,72.3
20150814,12.2,2383,台光電,2.72,20.17,13.48,72.5,6.1,55.88,7.79,-427.0,70.75,0.79,-146.0,51.43,33.46,-201.0,33.97,66.03,362.0,5017.0,72.5,72.3,75.4,75.2
20150817,15.7,2383,台光電,2.6,20.18,12.87,72.2,5.7,55.88,7.78,-46.0,70.79,0.76,-71.0,51.67,33.65,593.0,45.08,54.92,270.0,3962.0,72.2,71.3,73.7,72.0
20150818,17.13,2383,台光電,2.42,20.28,11.91,72.8,7.4,55.9,7.66,-377.0,70.95,0.73,-97.0,51.97,33.8,475.0,46.0,54.0,352.0,6213.0,72.8,72.6,74.9,73.0
20150819,11.88,2383,台光電,1.94,19.83,9.76,70.8,6.2,55.9,7.53,-397.0,70.93,0.61,-379.0,52.19,34.07,844.0,39.93,60.07,274.0,6027.0,70.8,70.1,73.5,73.2
20150820,17.45,2383,台光電,1.87,19.05,9.83,70.8,7.1,55.9,7.38,-485.0,70.89,0.82,659.0,52.49,34.45,1225.0,44.77,55.23,278.0,7361.0,70.8,69.4,72.4,71.5
20150821,0.0,2383,台光電,0.03,18.74,0.17,70.0,6.6,55.92,7.34,-131.0,70.8,0.68,-433.0,52.87,34.88,1355.0,51.57,48.43,732.0,6626.0,70.0,68.8,70.4,69.9
20150824,0.0,2383,台光電,0.0,17.28,0.0,63.0,5.3,55.94,7.31,-100.0,69.65,0.68,-28.0,52.96,34.84,-124.0,21.9,78.1,14.0,6150.0,63.0,63.0,69.5,69.0
20150825,0.0,2383,台光電,0.0,16.08,0.0,68.6,7.5,56.2,7.46,476.0,69.45,0.6,-245.0,53.5,35.86,3222.0,52.21,47.79,164.0,8013.0,68.6,60.0,69.0,60.2
20150826,0.0,2383,台光電,0.0,16.41,0.0,71.7,7.8,56.2,7.46,0.0,70.02,0.64,127.0,53.74,35.95,276.0,52.29,47.71,312.0,7441.0,71.7,67.0,72.0,68.6
20150827,8.21,2383,台光電,0.39,16.63,2.33,68.8,5.7,53.71,7.45,-21.0,67.57,0.54,-322.0,51.36,35.83,-376.0,36.95,63.05,281.0,6586.0,68.8,68.1,72.4,71.9
20150828,12.82,2383,台光電,0.92,17.22,5.35,69.1,6.1,53.71,7.38,-208.0,67.7,0.55,38.0,51.48,35.9,231.0,44.79,55.21,181.0,5000.0,69.1,68.8,72.0,70.0
20150831,9.91,2383,台光電,1.09,17.27,6.33,71.0,7.7,53.71,7.34,-134.0,68.09,0.56,43.0,51.58,36.02,367.0,57.32,42.68,335.0,3522.0,71.0,68.5,71.3,69.4
20150901,8.04,2383,台光電,1.16,17.45,6.65,71.1,8.2,53.71,7.32,-61.0,68.16,0.53,-90.0,51.73,36.06,141.0,39.93,60.07,202.0,3841.0,71.1,70.8,73.0,70.9
20150902,1.31,2383,台光電,1.12,17.5,6.38,71.0,6.5,53.82,7.33,11.0,68.31,0.55,46.0,51.78,36.07,12.0,43.76,56.24,129.0,2521.0,71.0,69.8,71.2,70.3
20150903,12.42,2383,台光電,1.27,17.96,7.06,73.0,8.2,53.82,7.21,-352.0,69.79,0.73,570.0,51.89,36.12,159.0,53.48,46.52,244.0,6779.0,73.0,71.7,74.6,72.0
20150904,3.5,2383,台光電,1.14,18.23,6.28,70.2,6.2,53.82,7.2,-40.0,69.82,0.65,-262.0,51.94,36.05,-217.0,32.76,67.24,209.0,4713.0,70.2,70.0,74.4,73.6
20150907,3.63,2383,台光電,1.13,18.52,6.11,70.0,4.9,53.82,7.2,-17.0,69.83,0.59,-162.0,52.04,36.13,267.0,39.47,60.53,133.0,3307.0,70.0,69.2,71.0,69.9
20150908,6.06,2383,台光電,1.2,17.8,6.73,70.2,6.2,53.82,7.06,-435.0,69.87,0.59,-23.0,52.14,36.27,432.0,41.16,58.84,253.0,4948.0,70.2,69.9,72.5,71.8
20150909,6.78,2383,台光電,1.08,17.67,6.12,72.7,7.8,53.82,7.03,-84.0,70.43,0.7,360.0,52.36,36.6,1040.0,57.76,42.24,213.0,5767.0,72.7,70.6,72.8,71.7
20150910,6.19,2383,台光電,1.08,17.39,6.22,72.7,7.0,53.82,6.99,-144.0,70.81,0.74,114.0,52.66,37.07,1505.0,40.59,59.41,264.0,5588.0,72.7,71.8,74.5,72.5
20150911,11.37,2383,台光電,1.27,17.8,7.13,75.1,8.7,53.82,6.92,-216.0,71.29,0.77,101.0,52.81,37.27,635.0,62.87,37.13,318.0,6517.0,75.1,73.3,76.0,73.8
20150914,1.92,2383,台光電,1.16,18.1,6.44,73.4,6.5,53.82,6.9,-54.0,71.37,0.72,-143.0,52.81,37.04,-745.0,34.32,65.68,323.0,3794.0,73.4,73.4,76.2,76.0
20150915,0.53,2383,台光電,0.94,18.17,5.19,71.1,6.6,53.82,6.62,-896.0,71.35,0.7,-65.0,52.98,37.27,720.0,30.28,69.72,255.0,4936.0,71.1,70.7,74.0,74.0
20150916,2.64,2383,台光電,0.96,18.73,5.11,70.7,4.9,53.82,6.26,-1122.0,71.28,0.75,143.0,53.09,37.22,-169.0,36.78,63.22,289.0,4431.0,70.7,70.5,72.5,72.2
20150917,5.03,2383,台光電,1.05,18.17,5.78,70.8,6.0,53.82,6.24,-60.0,71.22,0.82,218.0,53.31,37.48,847.0,36.98,63.02,316.0,3993.0,70.8,70.8,72.0,71.7
20150918,4.61,2383,台光電,1.0,18.54,5.37,71.9,7.4,53.82,5.91,-1054.0,71.33,0.86,140.0,53.63,37.94,1446.0,50.61,49.39,322.0,6291.0,71.9,70.5,73.5,71.3
20150921,9.68,2383,台光電,1.17,17.35,6.75,73.4,7.9,53.95,5.92,40.0,71.57,0.91,163.0,54.09,38.4,1440.0,55.88,44.12,398.0,6960.0,73.4,71.5,74.2,71.9
20150922,8.89,2383,台光電,1.33,17.47,7.59,74.5,8.2,53.97,5.89,-105.0,71.78,0.93,68.0,54.38,38.68,858.0,58.53,41.47,463.0,6661.0,74.5,74.0,75.9,74.3
20150923,4.91,2383,台光電,1.09,17.32,6.29,72.3,6.1,53.97,5.89,0.0,71.8,0.91,-81.0,54.45,38.56,-351.0,36.42,63.58,180.0,3540.0,72.3,72.1,74.4,73.6
20150924,9.57,2383,台光電,1.01,17.11,5.89,71.9,6.1,53.97,5.89,0.0,71.8,0.84,-216.0,54.53,38.68,353.0,42.27,57.73,124.0,3080.0,71.9,69.8,73.2,72.7
20150925,8.79,2383,台光電,0.91,17.31,5.23,71.5,5.3,53.98,5.82,-232.0,71.79,0.85,24.0,54.6,38.68,14.0,48.04,51.96,136.0,2378.0,71.5,70.7,72.5,72.0
20150930,7.2,2383,台光電,0.92,16.98,5.45,72.4,7.0,53.98,5.78,-42.0,71.81,0.84,-4.0,54.78,38.8,328.0,64.11,35.89,565.0,2667.0,72.4,70.4,72.4,70.8
20151001,8.81,2383,台光電,1.0,17.09,5.84,73.5,7.9,54.05,5.66,-388.0,72.08,0.98,429.0,54.9,38.88,333.0,52.24,47.76,175.0,3952.0,73.5,73.0,75.0,73.4
20151002,6.48,2383,台光電,1.12,17.29,6.47,73.2,7.3,54.05,5.6,-173.0,72.18,1.01,99.0,54.96,38.86,-52.0,43.59,56.41,117.0,2191.0,73.2,72.7,74.5,73.5
20151005,7.16,2383,台光電,1.07,17.56,6.1,73.4,7.7,54.05,5.55,-175.0,72.29,1.06,170.0,55.01,38.8,-193.0,53.91,46.09,103.0,2654.0,73.4,73.0,74.3,73.5
20151006,9.4,2383,台光電,1.01,17.79,5.65,72.0,5.8,54.05,5.4,-458.0,72.26,1.08,59.0,55.11,38.81,11.0,48.55,51.45,329.0,6396.0,72.0,72.0,76.4,74.0
20151007,6.53,2383,台光電,1.03,17.68,5.8,72.5,5.6,54.05,5.39,-60.0,72.26,0.94,-448.0,55.17,38.7,-297.0,46.9,53.1,280.0,3184.0,72.5,72.5,73.6,73.5
20151008,6.73,2383,台光電,1.05,17.44,6.0,72.2,4.9,54.62,5.56,547.0,72.26,0.9,-142.0,55.32,38.73,-5.0,43.16,56.84,288.0,3387.0,72.2,72.2,74.5,73.1
20151012,6.9,2383,台光電,1.08,17.47,6.19,72.2,5.8,54.94,5.62,196.0,72.25,0.97,248.0,55.59,38.71,-262.0,51.02,48.98,431.0,5057.0,72.2,72.2,74.4,72.9
20151013,10.52,2383,台光電,1.15,17.5,6.6,72.3,5.6,54.94,5.57,-151.0,72.25,0.97,-13.0,55.65,38.67,39.0,39.92,60.08,133.0,2386.0,72.3,71.5,73.0,72.6
20151014,5.73,2383,台光電,1.1,17.46,6.32,71.6,4.8,55.12,5.56,-51.0,72.23,0.97,5.0,55.67,38.48,-696.0,47.12,52.88,185.0,2075.0,71.6,71.6,72.9,72.4
20151015,9.47,2383,台光電,1.13,17.74,6.35,70.7,5.3,55.12,5.49,-221.0,72.19,0.92,-156.0,55.74,38.43,-332.0,35.37,64.63,255.0,3222.0,70.7,70.5,72.1,72.0
20151016,4.86,2383,台光電,1.28,18.05,7.07,68.3,5.8,55.12,5.3,-596.0,71.96,0.81,-359.0,55.87,38.5,214.0,29.65,70.35,881.0,5087.0,68.3,68.0,71.8,71.0
20151019,10.41,2383,台光電,1.3,18.0,7.2,67.2,5.3,55.12,4.99,-993.0,71.75,0.73,-250.0,55.95,38.67,581.0,37.48,62.52,181.0,4734.0,67.2,66.5,69.4,68.3
20151020,8.98,2383,台光電,1.59,18.4,8.63,68.5,7.0,55.12,4.64,-1090.0,71.36,0.71,-71.0,56.06,38.67,31.0,53.98,46.02,324.0,4911.0,68.5,67.1,69.3,68.1
20151021,7.1,2383,台光電,1.68,18.42,9.13,67.8,5.2,55.12,4.52,-394.0,71.13,0.73,67.0,56.16,38.73,130.0,42.06,57.94,213.0,2873.0,67.8,67.6,69.0,68.8
20151022,5.3,2383,台光電,1.69,18.43,9.17,67.7,4.8,55.12,4.48,-106.0,71.04,0.71,-57.0,56.19,38.6,-427.0,42.3,57.7,136.0,1982.0,67.7,67.0,68.1,67.8
20151023,4.12,2383,台光電,1.44,18.43,7.83,67.2,4.8,55.12,4.45,-120.0,70.8,0.68,-96.0,56.22,38.57,-88.0,37.51,62.49,94.0,1943.0,67.2,67.1,68.7,68.3
20151026,4.76,2383,台光電,1.39,18.79,7.41,68.2,6.9,55.12,4.36,-282.0,70.61,0.71,89.0,56.24,38.44,-459.0,49.68,50.32,122.0,2187.0,68.2,67.3,68.3,67.6
20151027,6.5,2383,台光電,1.54,18.88,8.18,65.3,6.2,55.12,3.93,-1345.0,69.96,0.63,-250.0,56.27,38.19,-754.0,34.66,65.34,275.0,7258.0,65.3,64.0,68.2,68.2
20151028,9.69,2383,台光電,1.7,18.83,9.01,66.2,6.5,55.12,3.67,-850.0,69.53,0.65,60.0,56.4,38.5,970.0,34.59,65.41,228.0,4105.0,66.2,65.4,66.5,65.5
20151029,5.89,2383,台光電,1.75,19.12,9.13,65.0,5.2,55.12,3.53,-426.0,69.14,0.62,-101.0,56.43,38.35,-475.0,33.84,66.16,205.0,2904.0,65.0,64.9,67.0,67.0
20151030,5.24,2383,台光電,1.62,18.99,8.56,66.7,6.9,55.12,3.53,-20.0,68.74,0.68,208.0,56.52,38.41,210.0,55.74,44.26,146.0,3723.0,66.7,64.5,67.2,65.0
20151102,6.4,2383,台光電,1.61,19.11,8.44,66.4,5.6,55.13,3.53,16.0,68.63,0.69,37.0,56.54,38.28,-390.0,47.7,52.3,80.0,1577.0,66.4,65.3,66.9,66.5
20151103,9.95,2383,台光電,1.56,18.63,8.36,69.6,7.4,55.15,3.4,-406.0,68.97,0.97,880.0,56.65,38.35,197.0,57.98,42.02,163.0,6753.0,69.6,66.6,70.7,66.8
20151104,6.18,2383,台光電,1.32,19.17,6.91,68.8,6.5,55.35,3.43,85.0,68.96,0.85,-384.0,56.67,37.89,-1470.0,48.62,51.2,175.0,4467.0,68.8,68.8,69.8,69.6
20151105,6.53,2383,台光電,1.37,19.59,6.97,71.0,7.4,55.53,3.34,-286.0,69.31,0.74,-363.0,56.72,37.9,43.0,54.33,45.67,409.0,8351.0,71.0,70.5,72.5,71.6
20151106,4.96,2383,台光電,1.39,19.47,7.13,70.2,6.0,55.53,3.18,-510.0,69.32,0.66,-254.0,56.79,37.98,272.0,36.2,63.8,195.0,3142.0,70.2,70.0,71.5,71.2
20151109,4.73,2383,台光電,1.36,19.51,6.97,67.2,5.3,55.53,2.95,-711.0,69.31,0.6,-174.0,56.85,38.12,430.0,23.55,76.45,225.0,4881.0,67.2,66.9,69.7,69.6
20151110,4.16,2383,台光電,1.37,19.81,6.93,66.3,4.4,55.53,2.78,-546.0,69.29,0.55,-158.0,56.89,38.07,-156.0,30.72,69.28,207.0,3249.0,66.3,66.0,67.8,67.1
20151111,6.04,2383,台光電,1.41,19.88,7.09,64.0,5.8,55.53,2.37,-1321.0,68.97,0.47,-270.0,56.93,38.1,109.0,29.0,71.0,267.0,5744.0,64.0,63.5,66.8,66.6
20151112,10.84,2383,台光電,1.26,19.91,6.32,64.7,5.2,55.53,1.92,-1412.0,68.76,0.46,-18.0,56.97,38.25,449.0,38.5,61.5,120.0,3580.0,64.7,63.6,65.1,64.0
20151113,6.86,2383,台光電,1.36,19.71,6.89,64.2,4.8,55.53,1.87,-171.0,68.57,0.46,5.0,56.99,38.22,-76.0,46.77,53.23,116.0,1821.0,64.2,63.2,64.7,63.2
20151116,5.36,2383,台光電,1.3,19.6,6.63,64.7,4.8,55.53,1.84,-89.0,68.44,0.46,-7.0,57.01,38.24,112.0,40.14,59.86,61.0,1605.0,64.7,63.0,64.9,63.0
20151117,5.54,2383,台光電,1.24,19.31,6.41,65.8,6.1,55.53,1.84,0.0,68.22,0.43,-110.0,57.06,38.26,77.0,59.29,40.71,227.0,2600.0,65.8,65.1,66.4,65.5
20151118,6.06,2383,台光電,1.39,18.96,7.35,64.5,4.8,55.53,1.84,0.0,68.21,0.4,-66.0,57.07,38.23,-109.0,33.87,66.13,82.0,1979.0,64.5,64.2,66.1,66.0
20151119,7.04,2383,台光電,1.46,18.44,7.94,66.3,7.8,55.53,1.84,0.0,68.0,0.43,95.0,57.12,38.36,429.0,59.31,40.69,104.0,2442.0,66.3,64.7,66.3,65.5
20151120,2.42,2383,台光電,1.44,18.97,7.58,65.3,6.6,55.53,1.82,-49.0,67.96,0.42,-50.0,57.14,37.91,-1072.0,43.78,56.22,114.0,2231.0,65.3,65.1,66.7,66.6
20151123,1.83,2383,台光電,1.4,19.04,7.37,64.7,5.2,55.53,1.82,0.0,67.94,0.41,-33.0,57.17,37.79,-397.0,38.06,61.94,129.0,1862.0,64.7,64.5,65.8,65.5
20151124,5.35,2383,台光電,1.47,19.28,7.63,63.5,5.4,55.53,1.76,-200.0,67.78,0.37,-137.0,57.2,37.68,-337.0,32.24,67.76,167.0,2223.0,63.5,63.1,65.2,64.9
20151125,6.19,2383,台光電,1.45,19.52,7.41,62.0,5.4,55.53,1.76,0.0,67.55,0.27,-302.0,57.23,37.4,-912.0,41.61,58.39,162.0,3991.0,62.0,61.6,63.7,63.3
20151126,8.22,2383,台光電,1.33,19.04,6.97,63.8,6.5,55.53,1.75,-20.0,66.77,0.33,186.0,57.29,37.66,822.0,45.16,54.84,101.0,2820.0,63.8,62.0,64.2,62.0
20151127,5.13,2383,台光電,1.41,19.07,7.42,63.0,4.8,55.53,1.73,-91.0,66.67,0.31,-75.0,57.3,37.6,-135.0,36.28,63.72,82.0,1363.0,63.0,62.7,64.4,64.3
20151130,7.1,2383,台光電,1.36,18.88,7.19,63.5,5.6,55.58,1.74,35.0,66.63,0.3,-15.0,57.32,37.66,185.0,44.22,55.78,123.0,1155.0,63.5,62.3,64.0,63.0
20151201,4.98,2383,台光電,1.27,18.69,6.77,65.3,6.5,55.58,1.73,-8.0,66.55,0.31,28.0,57.38,37.85,597.0,57.32,42.68,148.0,1946.0,65.3,64.0,65.3,64.3
20151202,4.06,2383,台光電,1.25,19.01,6.6,64.1,6.7,55.58,1.62,-372.0,66.05,0.36,149.0,57.39,37.68,-436.0,33.57,66.43,105.0,2243.0,64.1,64.0,65.8,65.8
20151203,5.61,2383,台光電,1.35,18.8,7.19,65.0,6.9,55.58,1.62,-4.0,65.91,0.4,132.0,57.42,37.65,-120.0,53.63,46.37,100.0,1907.0,65.0,63.6,65.5,63.8
20151204,5.79,2383,台光電,1.26,19.07,6.6,63.4,5.3,55.58,1.59,-89.0,65.87,0.33,-222.0,57.42,37.48,-533.0,37.66,62.34,120.0,1863.0,63.4,63.0,64.4,63.8
20151207,6.56,2383,台光電,1.22,19.13,6.38,63.6,4.8,55.74,1.61,80.0,65.81,0.33,0.0,57.43,37.47,-53.0,44.7,55.3,116.0,1142.0,63.6,63.5,64.6,63.8
20151208,4.54,2383,台光電,1.33,18.95,7.04,58.0,5.4,55.74,1.54,-242.0,63.04,0.06,-835.0,57.43,37.08,-1488.0,39.69,60.31,251.0,8297.0,58.0,58.0,61.9,61.9
20151209,8.14,2383,台光電,1.27,18.82,6.77,57.6,5.3,55.74,1.54,0.0,59.59,0.12,163.0,57.44,37.03,-233.0,49.37,50.63,187.0,3820.0,57.6,56.8,58.8,56.8
20151210,8.28,2383,台光電,1.66,18.77,8.82,55.5,5.8,55.74,1.54,0.0,56.09,0.09,-98.0,57.42,36.99,-219.0,42.21,57.79,269.0,5902.0,55.5,54.0,58.5,57.7
20151211,3.9,2383,台光電,1.64,18.56,8.83,54.5,4.4,55.65,1.61,244.0,55.0,0.13,139.0,57.39,37.19,438.0,35.47,64.53,160.0,4361.0,54.5,54.1,57.0,56.0
20151214,5.39,2383,台光電,1.59,18.67,8.54,55.3,4.8,55.65,1.61,0.0,55.06,0.14,30.0,57.37,37.31,394.0,48.03,51.97,109.0,2764.0,55.3,53.5,55.8,54.5
20151215,6.07,2383,台光電,1.54,18.9,8.14,54.3,4.9,55.65,1.61,0.0,54.92,0.16,62.0,57.35,37.09,-910.0,48.13,51.87,241.0,3098.0,54.3,54.3,56.5,55.9
20151216,5.38,2383,台光電,1.38,19.03,7.26,54.1,4.9,55.65,1.61,0.0,54.78,0.17,38.0,57.34,37.13,113.0,40.33,59.67,175.0,2118.0,54.1,53.8,55.2,55.0
20151217,5.13,2383,台光電,1.46,18.89,7.74,56.9,7.9,55.65,1.61,0.0,55.59,0.25,239.0,57.33,37.43,843.0,59.5,40.5,279.0,3355.0,56.9,54.4,56.9,54.8
20151218,3.07,2383,台光電,1.22,19.17,6.38,55.4,6.6,55.65,1.61,0.0,55.58,0.24,-32.0,57.33,37.1,-1131.0,40.11,59.89,178.0,3386.0,55.4,55.4,56.8,56.8
20151221,5.59,2383,台光電,1.15,19.16,6.02,55.7,5.6,55.65,1.64,100.0,55.59,0.24,14.0,57.32,37.11,47.0,49.49,50.51,53.0,1466.0,55.7,54.6,56.0,54.8
20151222,5.4,2383,台光電,1.19,19.29,6.18,55.5,6.1,55.65,1.66,50.0,55.58,0.25,46.0,57.32,37.06,-226.0,44.64,55.36,93.0,1481.0,55.5,55.4,56.4,56.0
20151223,9.83,2383,台光電,1.28,19.53,6.54,57.6,7.0,55.65,1.66,0.0,56.56,0.49,742.0,57.32,37.23,466.0,56.64,43.36,197.0,6908.0,57.6,56.1,58.8,56.3
20151224,7.2,2383,台光電,1.22,20.06,6.06,56.4,5.3,55.65,1.66,0.0,56.54,0.44,-147.0,57.32,37.08,-533.0,41.62,58.38,136.0,3455.0,56.4,56.3,58.3,57.6
20151225,12.42,2383,台光電,1.34,20.3,6.58,57.9,6.5,55.65,1.66,0.0,56.66,0.47,81.0,57.32,37.12,118.0,63.2,36.8,209.0,2101.0,57.9,56.5,58.0,56.6
20151228,5.97,2383,台光電,1.32,20.08,6.57,59.0,8.3,56.26,2.03,1186.0,57.43,0.62,486.0,57.32,36.88,-759.0,54.53,45.47,171.0,6602.0,59.0,58.2,60.2,58.8
20151229,8.69,2383,台光電,1.21,20.08,6.04,58.6,6.9,56.38,2.15,359.0,57.51,0.55,-216.0,57.33,36.86,-106.0,47.49,52.51,243.0,4487.0,58.6,58.1,60.1,59.9
20151230,4.47,2383,台光電,1.19,19.78,6.02,57.0,4.9,56.41,2.25,338.0,57.45,0.5,-167.0,57.33,36.64,-696.0,37.03,62.97,206.0,3803.0,57.0,56.7,59.5,59.0
20151231,6.95,2383,台光電,1.28,19.81,6.44,57.5,5.7,56.42,2.27,40.0,57.45,0.45,-149.0,57.33,36.69,141.0,53.95,46.05,287.0,2201.0,57.5,56.8,57.9,57.2
20160104,6.63,2383,台光電,1.32,19.41,6.79,58.1,7.0,56.43,2.27,5.0,57.58,0.54,291.0,57.34,36.95,841.0,41.12,58.88,123.0,2760.0,58.1,57.3,59.1,57.9
20160105,4.3,2383,台光電,1.28,19.85,6.44,56.4,5.5,56.43,2.31,134.0,57.58,0.46,-279.0,57.33,36.68,-867.0,33.33,66.67,157.0,3419.0,56.4,56.4,58.1,58.1
20160106,7.09,2383,台光電,1.32,19.43,6.8,56.0,4.9,56.43,2.29,-52.0,57.49,0.42,-126.0,57.31,37.11,1271.0,37.48,62.52,135.0,3045.0,56.0,55.4,57.2,56.7
20160107,6.62,2383,台光電,1.11,19.2,5.78,54.1,5.9,56.43,2.27,-59.0,57.29,0.35,-214.0,57.28,37.37,810.0,29.36,70.64,203.0,3627.0,54.1,53.6,56.9,56.0
20160108,5.8,2383,台光電,1.09,19.24,5.64,56.2,6.1,56.43,2.28,19.0,57.14,0.37,64.0,57.27,37.51,955.0,44.03,55.97,108.0,2792.0,56.2,54.1,56.2,54.1
20160111,2.97,2383,台光電,1.06,19.46,5.45,54.3,4.9,56.41,2.3,78.0,56.83,0.36,-38.0,57.26,37.36,-470.0,34.22,65.78,123.0,2285.0,54.3,54.2,55.8,55.8
20160112,11.95,2383,台光電,1.22,18.63,6.54,51.5,5.9,56.41,2.3,0.0,56.07,0.28,-234.0,57.23,37.44,339.0,31.01,68.99,194.0,4318.0,51.5,51.0,55.3,55.3
20160113,6.18,2383,台光電,1.17,18.72,6.27,52.0,5.3,56.41,2.29,-39.0,55.53,0.32,114.0,57.18,37.79,1108.0,41.83,58.17,102.0,2717.0,52.0,51.3,52.9,52.7
20160114,7.79,2383,台光電,1.07,18.57,5.75,51.9,6.6,56.41,2.29,-10.0,55.33,0.33,20.0,57.14,37.87,344.0,49.66,50.34,137.0,2928.0,51.9,50.5,52.6,51.3
20160115,5.87,2383,台光電,0.96,18.66,5.15,50.9,4.9,56.36,2.31,53.0,55.1,0.32,-21.0,57.12,37.79,-67.0,31.59,68.41,150.0,2283.0,50.9,50.8,52.8,52.7
20160118,6.29,2383,台光電,0.86,18.45,4.67,53.0,7.0,56.36,2.3,-9.0,54.9,0.34,80.0,57.1,37.93,459.0,59.74,40.26,75.0,2592.0,53.0,49.8,53.4,49.9
20160119,5.25,2383,台光電,0.8,18.66,4.29,53.0,6.5,56.36,2.3,-1.0,54.88,0.34,-27.0,57.09,37.86,-245.0,46.18,53.82,111.0,1524.0,53.0,52.1,53.5,52.8
20160120,4.42,2383,台光電,0.77,18.65,4.11,52.2,6.1,56.36,2.3,-7.0,54.86,0.33,-31.0,57.07,37.9,123.0,48.34,51.66,81.0,1448.0,52.2,51.9,52.8,52.5
20160121,6.56,2383,台光電,0.78,18.7,4.2,52.4,6.5,56.36,2.3,0.0,54.81,0.33,17.0,57.06,37.87,-102.0,54.83,45.17,81.0,1203.0,52.4,51.9,53.0,52.3
20160122,6.71,2383,台光電,0.79,18.8,4.19,52.2,6.6,56.36,2.3,0.0,54.75,0.34,23.0,57.05,37.57,-264.0,46.99,53.01,119.0,1280.0,52.2,51.7,53.4,53.3
20160125,3.52,2383,台光電,0.75,18.58,4.05,53.2,7.9,56.36,2.3,0.0,54.62,0.37,98.0,57.04,37.61,145.0,56.96,43.04,115.0,1533.0,53.2,52.5,53.4,53.1
20160126,1.75,2383,台光電,0.76,18.63,4.06,52.5,4.8,56.36,2.29,-42.0,54.59,0.37,3.0,57.03,37.54,-248.0,30.04,69.96,31.0,800.0,52.5,52.3,53.0,52.9
20160127,5.11,2383,台光電,0.77,18.73,4.09,52.2,5.3,56.3,2.31,72.0,54.49,0.38,34.0,57.03,37.48,-189.0,35.68,64.32,113.0,1194.0,52.2,52.0,53.0,53.0
20160128,2.62,2383,台光電,0.78,18.74,4.18,52.3,5.2,56.27,2.33,71.0,54.39,0.39,38.0,57.01,37.49,52.0,55.52,44.48,81.0,1144.0,52.3,51.9,52.6,52.2
20160129,12.08,2383,台光電,0.9,18.68,4.81,57.5,8.3,56.36,2.53,629.0,56.18,0.76,1171.0,57.01,37.51,32.0,82.85,17.15,81.0,8494.0,57.5,52.5,57.5,52.6
20160130,8.1,2383,台光電,0.87,18.41,4.74,57.2,7.4,56.42,2.71,576.0,56.34,0.75,-44.0,57.01,37.51,0.0,43.25,56.75,243.0,5310.0,57.2,56.6,58.7,58.5
20160201,4.89,2383,台光電,0.8,18.53,4.32,56.5,6.1,56.42,2.79,243.0,56.34,0.75,-4.0,57.01,37.17,-1083.0,54.86,45.14,264.0,3147.0,56.5,56.5,58.3,57.3
20160202,4.79,2383,台光電,0.8,18.46,4.33,57.1,7.3,56.42,2.79,0.0,56.36,0.75,2.0,57.01,37.14,-98.0,54.85,45.15,118.0,1438.0,57.1,55.7,57.1,56.5
20160203,12.78,2383,台光電,0.76,18.41,4.11,57.4,8.3,56.44,2.86,225.0,56.54,0.61,-441.0,57.01,37.04,-361.0,49.71,50.29,337.0,5814.0,57.4,57.4,58.7,57.6
20160215,8.98,2383,台光電,0.76,18.7,4.09,56.3,4.9,56.44,2.79,-210.0,56.53,0.63,76.0,57.01,36.72,-804.0,42.82,57.18,173.0,3130.0,56.3,55.3,57.4,55.3
20160216,3.77,2383,台光電,0.79,18.48,4.3,56.9,5.2,56.45,2.8,18.0,56.57,0.71,231.0,57.01,36.61,-349.0,45.62,54.38,445.0,2973.0,56.9,56.4,58.0,56.4
20160217,4.05,2383,台光電,0.76,18.43,4.13,56.6,4.4,56.45,2.83,100.0,56.57,0.69,-60.0,57.01,36.6,-38.0,35.0,65.0,93.0,1432.0,56.6,56.5,57.4,57.2
20160218,5.22,2383,台光電,0.76,18.41,4.11,57.0,5.7,56.45,2.83,0.0,56.63,0.79,342.0,57.01,36.43,-553.0,44.57,55.43,140.0,2165.0,57.0,56.6,57.5,57.1
20160219,11.3,2383,台光電,0.79,17.99,4.4,59.2,7.0,56.47,2.85,78.0,57.25,0.9,332.0,57.02,36.29,-482.0,61.33,38.67,294.0,7590.0,59.2,57.0,60.4,57.0
20160222,6.33,2383,台光電,0.77,18.1,4.27,58.3,5.2,56.56,3.01,482.0,57.35,0.82,-248.0,57.02,36.12,-529.0,32.89,67.11,194.0,3158.0,58.3,57.5,59.7,59.0
20160223,3.66,2383,台光電,0.76,18.36,4.14,59.0,5.6,56.56,3.01,0.0,57.42,0.84,61.0,57.03,36.1,-76.0,48.68,51.32,185.0,1828.0,59.0,58.4,59.5,58.9
20160224,6.01,2383,台光電,0.74,18.22,4.08,59.3,6.7,56.77,3.25,776.0,57.67,0.83,-47.0,57.03,35.9,-648.0,48.5,51.5,180.0,4273.0,59.3,58.4,60.9,58.9
20160225,9.95,2383,台光電,0.7,18.37,3.81,59.8,6.0,56.81,3.3,150.0,57.78,0.82,-27.0,57.04,35.72,-531.0,51.32,48.68,120.0,3508.0,59.8,59.0,60.7,59.0
20160226,4.14,2383,台光電,0.66,18.25,3.62,60.5,6.5,56.93,3.41,345.0,57.91,0.78,-112.0,57.05,35.66,-196.0,56.97,43.03,181.0,3383.0,60.5,59.8,60.9,60.4
20160301,3.39,2383,台光電,0.62,17.92,3.44,60.9,6.0,56.97,3.44,100.0,57.94,0.74,-116.0,57.07,35.52,-458.0,52.18,47.82,109.0,2801.0,60.9,60.3,61.3,60.9
20160302,3.15,2383,台光電,0.59,17.33,3.42,61.6,6.2,57.08,3.53,283.0,58.47,0.7,-135.0,57.09,35.51,-10.0,42.03,57.97,288.0,4353.0,61.6,61.6,62.9,61.8
20160303,4.21,2383,台光電,0.6,17.22,3.46,60.6,4.4,57.09,3.53,-7.0,58.49,0.64,-187.0,57.1,35.49,-78.0,38.03,61.97,108.0,2592.0,60.6,60.2,62.3,61.8
20160304,2.92,2383,台光電,0.6,17.16,3.5,60.9,4.8,57.09,3.49,-119.0,58.56,0.63,-30.0,57.13,35.62,415.0,53.75,46.25,82.0,1642.0,60.9,60.3,61.3,60.9
20160307,2.43,2383,台光電,0.55,16.85,3.24,58.8,5.0,57.09,3.41,-257.0,58.56,0.62,-48.0,57.13,35.6,-69.0,28.99,70.89,119.0,3368.0,58.8,58.8,61.2,61.2
20160308,2.11,2383,台光電,0.51,17.31,2.97,57.3,5.0,57.09,3.25,-483.0,58.51,0.62,6.0,57.13,35.54,-175.0,34.38,65.62,122.0,3650.0,57.3,56.6,58.3,58.2
20160309,0.52,2383,台光電,0.4,17.74,2.27,56.5,4.5,57.09,3.22,-98.0,58.45,0.59,-110.0,57.13,35.47,-225.0,41.05,58.95,132.0,2908.0,56.5,56.3,57.2,57.2
20160310,2.95,2383,台光電,0.41,17.99,2.25,57.4,5.8,57.09,3.1,-400.0,58.32,0.63,139.0,57.13,35.43,-160.0,51.56,48.44,126.0,3156.0,57.4,56.3,57.4,56.9
20160311,3.27,2383,台光電,0.39,18.29,2.12,57.0,4.4,57.09,3.0,-306.0,58.28,0.61,-69.0,57.13,35.24,-614.0,43.46,56.54,172.0,2048.0,57.0,56.4,57.4,57.4
20160314,1.74,2383,台光電,0.36,19.07,1.9,56.1,5.0,57.09,2.64,-1140.0,58.21,0.58,-103.0,57.13,34.96,-884.0,31.55,68.45,285.0,4131.0,56.1,55.9,57.4,57.1
20160315,2.69,2383,台光電,0.53,19.28,2.74,55.0,4.1,57.09,2.44,-640.0,58.11,0.53,-155.0,57.12,34.86,-332.0,28.67,71.33,152.0,3384.0,55.0,55.0,56.4,56.4
20160316,2.67,2383,台光電,0.49,19.74,2.47,54.5,4.6,57.09,2.41,-99.0,57.84,0.55,76.0,57.11,34.35,-1638.0,36.96,63.04,240.0,3595.0,54.5,54.2,55.6,55.0
20160317,3.04,2383,台光電,0.49,20.04,2.43,54.5,4.1,57.07,2.42,24.0,57.45,0.6,168.0,57.1,33.72,-1867.0,40.6,59.4,144.0,3583.0,54.5,54.5,55.3,54.5
20160318,3.94,2383,台光電,0.45,20.13,2.24,56.2,6.0,57.07,2.4,-53.0,57.4,0.6,-4.0,57.09,33.71,-29.0,58.52,41.48,323.0,3023.0,56.2,54.6,56.2,54.6
20160321,3.63,2383,台光電,0.41,20.22,2.02,56.3,6.6,57.07,2.4,0.0,57.2,0.69,286.0,57.09,33.15,-1763.0,53.76,46.24,146.0,5207.0,56.3,55.3,57.5,56.3
20160322,2.94,2383,台光電,0.39,20.39,1.93,56.6,5.2,57.07,2.3,-312.0,57.15,0.66,-102.0,57.08,33.12,-98.0,46.8,53.2,101.0,3770.0,56.6,55.6,57.3,56.5
20160323,3.34,2383,台光電,0.41,20.51,2.02,57.7,7.0,57.07,2.3,0.0,57.32,0.92,840.0,57.08,32.86,-825.0,66.41,33.59,148.0,5245.0,57.7,56.6,58.1,56.6
20160324,10.79,2383,台光電,0.42,20.38,2.07,59.0,7.0,57.13,2.39,268.0,57.61,0.79,-432.0,57.11,32.99,348.0,56.15,43.85,422.0,12295.0,59.0,58.6,60.5,59.9
20160325,3.5,2383,台光電,0.4,20.11,1.99,58.2,4.8,57.13,2.37,-38.0,57.62,0.67,-364.0,57.12,33.1,357.0,31.19,68.81,210.0,3226.0,58.2,58.1,59.7,59.6
20160328,3.77,2383,台光電,0.43,19.17,2.27,59.7,6.5,57.14,2.38,3.0,58.12,0.86,582.0,57.15,33.41,1038.0,60.31,39.69,222.0,4887.0,59.7,57.6,59.7,58.5
20160329,7.83,2383,台光電,0.35,19.3,1.8,59.2,6.7,57.2,2.45,230.0,58.23,0.74,-366.0,57.16,33.36,-137.0,41.28,58.72,286.0,6593.0,59.2,59.1,61.1,60.5
20160330,4.13,2383,台光電,0.39,19.21,2.03,60.0,6.5,57.29,2.52,223.0,58.6,0.79,155.0,57.18,33.48,290.0,51.0,49.0,234.0,3899.0,60.0,59.3,60.4,60.2
20160331,9.22,2383,台光電,0.32,19.51,1.63,61.3,7.9,57.32,2.53,62.0,58.76,0.63,-493.0,57.26,34.02,1724.0,51.34,48.66,317.0,6624.0,61.3,60.4,61.8,61.1
20160401,4.03,2383,台光電,0.28,19.89,1.41,60.9,6.5,57.45,2.63,300.0,58.82,0.58,-176.0,57.28,34.03,129.0,45.27,54.73,186.0,3973.0,60.9,60.6,61.8,61.5
20160406,6.29,2383,台光電,0.14,19.54,0.72,61.3,6.9,57.45,2.63,0.0,58.87,0.56,-73.0,57.32,34.19,497.0,48.93,51.07,118.0,2542.0,61.3,59.7,61.4,60.9
20160407,0.0,2383,台光電,0.0,19.62,0.0,60.0,5.8,57.45,2.63,0.0,58.92,0.57,36.0,57.32,33.86,-1030.0,37.54,62.46,265.0,2552.0,60.0,60.0,61.3,61.3
20160408,0.0,2383,台光電,0.0,19.16,0.0,59.1,4.9,57.46,2.64,50.0,58.93,0.51,-174.0,57.33,33.93,222.0,35.4,64.6,147.0,2459.0,59.1,58.7,60.0,59.7
20160411,0.0,2383,台光電,0.0,19.06,0.0,59.2,4.5,57.46,2.59,-180.0,58.93,0.51,-15.0,57.34,34.0,225.0,42.48,57.52,96.0,1460.0,59.2,58.3,59.9,58.8
20160412,0.0,2383,台光電,0.0,18.74,0.0,57.7,4.5,57.46,2.59,0.0,58.93,0.47,-115.0,57.34,33.92,-265.0,27.01,72.99,157.0,1984.0,57.7,57.7,59.6,59.3
20160413,2.56,2383,台光電,0.15,18.79,0.78,59.3,6.6,57.47,2.6,50.0,59.02,0.5,79.0,57.35,34.1,561.0,59.64,40.36,64.0,2426.0,59.3,58.0,60.0,58.0
20160414,4.84,2383,台光電,0.17,18.58,0.94,59.6,6.1,57.47,2.6,0.0,59.04,0.41,-281.0,57.36,34.23,407.0,39.86,60.14,114.0,1570.0,59.6,59.3,59.9,59.9
20160415,5.87,2383,台光電,0.2,18.41,1.1,59.4,5.3,57.47,2.59,-33.0,59.04,0.39,-54.0,57.37,34.19,-104.0,36.1,63.9,312.0,1498.0,59.4,59.0,59.7,59.5
20160418,4.96,2383,台光電,0.25,18.22,1.37,58.5,5.0,57.47,2.59,0.0,59.04,0.38,-27.0,57.37,34.2,8.0,37.7,62.3,160.0,1592.0,58.5,58.5,59.2,59.2
20160419,2.57,2383,台光電,0.78,17.97,4.37,59.8,7.9,57.48,2.6,39.0,59.32,0.55,536.0,57.39,34.32,387.0,60.37,39.63,125.0,2724.0,59.8,58.7,60.4,58.9
20160420,6.79,2383,台光電,0.33,18.08,1.83,58.5,5.0,57.5,2.66,170.0,59.29,0.39,-525.0,57.39,34.16,-505.0,33.47,66.53,107.0,2634.0,58.5,58.2,60.1,59.8
20160421,1.82,2383,台光電,0.37,18.12,2.03,58.6,4.4,57.5,2.66,19.0,59.27,0.36,-84.0,57.4,34.13,-109.0,43.16,56.84,103.0,1041.0,58.6,58.2,59.1,58.8
20160422,1.75,2383,台光電,0.41,18.11,2.28,57.5,4.5,57.5,2.66,0.0,59.26,0.3,-189.0,57.4,34.02,-353.0,25.39,74.61,119.0,1596.0,57.5,57.5,58.8,58.6
20160425,6.4,2383,台光電,0.72,17.8,4.07,57.2,4.5,57.5,2.66,0.0,58.94,0.31,43.0,57.39,34.09,-156.0,38.77,61.23,31.0,1889.0,57.2,56.2,57.6,57.5
20160426,15.93,2383,台光電,0.6,17.4,3.43,,5.3,57.5,2.66,0.0,58.74,0.3,-40.0,57.39,34.01,-240.0,40.46,59.54,108.0,1858.0,57.3,56.8,57.6,57.2
20160427,4.29,2383,台光電,0.65,17.22,3.75,58.2,6.1,57.5,2.65,-45.0,58.71,0.3,-11.0,57.4,34.07,161.0,51.85,48.15,73.0,1700.0,58.2,56.7,58.4,57.5
20160428,1.51,2383,台光電,0.66,17.09,3.83,57.1,4.0,57.5,2.65,0.0,58.66,0.28,-46.0,57.4,33.95,-363.0,31.59,68.41,167.0,1457.0,57.1,57.1,58.5,58.3
20160429,6.89,2383,台光電,1.16,17.49,6.66,57.6,6.6,57.51,2.78,400.0,58.56,0.3,37.0,57.4,33.66,-926.0,46.7,53.3,278.0,3585.0,57.6,57.6,58.9,58.2
20160503,2.99,2383,台光電,1.24,17.44,7.12,57.6,5.6,57.51,2.78,0.0,58.54,0.29,-12.0,57.4,33.58,-261.0,57.3,42.7,40.0,1436.0,57.6,57.1,58.1,58.1
20160504,5.12,2383,台光電,1.33,17.71,7.48,58.9,7.0,57.51,2.78,0.0,58.66,0.39,309.0,57.41,33.73,478.0,60.74,39.26,160.0,2854.0,58.9,57.4,59.5,57.6
20160505,6.27,2383,台光電,1.3,17.75,7.34,58.9,5.6,57.51,2.78,0.0,58.68,0.35,-135.0,57.41,33.68,-187.0,48.68,51.32,145.0,1705.0,58.9,58.2,59.3,59.0
20160506,3.98,2383,台光電,0.99,17.55,5.64,57.6,4.5,57.51,2.78,0.0,58.63,0.33,-66.0,57.41,33.5,-584.0,38.72,61.28,132.0,1760.0,57.6,57.2,58.8,58.8
20160509,12.07,2383,台光電,1.08,17.5,6.17,58.7,7.0,57.63,3.09,1014.0,58.65,0.38,187.0,57.42,33.51,23.0,64.16,35.84,122.0,3429.0,58.7,58.3,60.0,58.6
20160510,10.1,2383,台光電,1.12,18.36,6.11,60.1,7.9,57.75,3.24,479.0,59.17,0.49,328.0,57.42,33.36,-476.0,59.55,40.45,185.0,4466.0,60.1,59.0,60.6,59.6
20160511,5.28,2383,台光電,1.18,17.63,6.71,61.9,7.9,58.22,3.66,1327.0,60.05,0.44,-139.0,57.47,33.59,713.0,63.92,36.08,296.0,6405.0,61.9,59.9,62.1,60.5
20160512,10.79,2383,台光電,1.28,17.25,7.4,61.0,6.7,58.33,3.82,503.0,60.48,0.44,-4.0,57.5,33.73,357.0,46.99,53.01,204.0,9588.0,61.0,60.7,63.8,62.5
20160513,8.25,2383,台光電,1.39,17.34,8.01,63.0,7.4,58.88,4.33,1625.0,61.42,0.41,-96.0,57.54,33.7,-110.0,61.91,38.09,315.0,6192.0,63.0,60.1,63.0,61.5
20160516,7.41,2383,台光電,1.42,17.22,8.24,63.6,6.9,59.36,4.81,1535.0,62.45,0.64,715.0,57.56,33.59,-291.0,55.27,44.73,216.0,6016.0,63.6,62.3,64.8,63.0
20160517,7.53,2383,台光電,1.45,17.23,8.41,63.3,6.1,59.41,4.88,208.0,62.56,0.6,-113.0,57.58,33.4,-616.0,48.27,51.73,322.0,3730.0,63.3,63.0,64.5,63.8
20160518,3.4,2383,台光電,1.34,16.87,7.96,62.0,5.8,59.52,5.09,679.0,62.46,0.68,242.0,57.6,33.32,-277.0,33.68,66.32,368.0,3817.0,62.0,62.0,63.7,63.0
20160519,6.91,2383,台光電,1.34,16.49,8.1,62.3,5.7,59.53,5.09,-20.0,62.46,0.63,-140.0,57.64,33.37,535.0,36.14,63.86,123.0,2359.0,62.3,62.0,63.2,62.6
20160520,3.95,2383,台光電,1.41,16.22,8.72,63.3,7.0,59.57,5.11,67.0,62.53,0.64,23.0,57.67,33.32,-157.0,56.04,43.96,160.0,3241.0,63.3,62.0,63.7,62.3
20160523,4.28,2383,台光電,1.5,15.77,9.54,65.0,7.9,59.85,5.32,672.0,63.4,0.84,647.0,57.72,33.35,157.0,62.7,37.3,187.0,6570.0,65.0,63.5,65.5,63.8
20160524,5.41,2383,台光電,1.6,15.89,10.08,65.7,7.0,60.12,5.53,673.0,63.81,0.81,-122.0,57.8,33.62,866.0,51.25,48.75,156.0,5659.0,65.7,64.3,66.5,65.4
20160525,5.26,2383,台光電,1.51,15.89,9.48,65.1,5.7,60.2,5.6,230.0,63.85,0.71,-312.0,57.81,33.45,-528.0,37.34,62.66,201.0,3402.0,65.1,65.1,66.4,66.4
20160526,2.99,2383,台光電,1.43,15.86,9.04,64.9,5.3,60.38,5.76,510.0,63.9,0.7,-33.0,57.84,33.24,-670.0,40.98,59.02,94.0,3277.0,64.9,64.2,65.5,65.4
20160527,5.29,2383,台光電,1.43,16.08,8.86,65.1,6.1,60.41,5.8,112.0,63.96,0.72,58.0,57.87,33.14,-310.0,47.09,52.91,110.0,2138.0,65.1,64.9,66.0,65.5
20160530,2.37,2383,台光電,1.35,16.03,8.39,65.8,7.4,60.51,5.9,325.0,64.09,0.7,-35.0,57.89,33.04,-329.0,62.26,37.74,84.0,2530.0,65.8,64.5,66.0,65.5
20160531,2.82,2383,台光電,1.34,16.08,8.31,65.7,7.1,60.68,6.11,656.0,64.12,0.67,-103.0,57.99,33.02,-51.0,53.88,46.12,660.0,3055.0,65.7,64.8,65.8,65.8
20160601,4.9,2383,台光電,1.24,15.96,7.74,66.7,7.9,60.76,6.19,251.0,64.78,0.87,638.0,58.03,32.97,-188.0,58.66,41.34,230.0,5692.0,66.7,65.4,67.4,65.7
20160602,1.66,2383,台光電,1.25,15.83,7.92,66.2,5.8,60.83,6.27,278.0,64.83,0.75,-381.0,58.07,32.78,-605.0,57.58,42.42,143.0,3306.0,66.2,66.1,66.8,66.8
20160603,3.05,2383,台光電,1.16,15.95,7.25,64.9,5.9,60.84,6.28,22.0,64.83,0.76,9.0,58.13,32.73,-135.0,35.54,64.46,86.0,3404.0,64.9,64.8,66.7,66.5
20160604,2.78,2383,台光電,1.17,15.99,7.31,64.8,4.9,60.84,6.27,-31.0,64.83,0.76,29.0,58.13,32.73,0.0,29.57,70.43,40.0,791.0,64.8,64.5,65.1,64.9
20160606,3.4,2383,台光電,1.24,15.93,7.76,64.4,5.8,60.84,6.27,0.0,64.81,0.79,86.0,58.16,32.77,130.0,36.66,63.34,118.0,1500.0,64.4,64.3,65.4,64.9
20160607,6.63,2383,台光電,1.26,15.85,7.98,66.1,7.6,60.92,6.36,302.0,64.91,0.8,14.0,58.2,32.63,-458.0,62.38,37.62,99.0,3771.0,66.1,65.2,66.5,65.4
20160608,2.17,2383,台光電,1.24,15.84,7.84,65.7,5.7,60.93,6.38,40.0,64.93,0.79,-10.0,58.26,32.57,-205.0,38.13,61.87,117.0,2307.0,65.7,65.4,66.2,66.1
20160613,2.64,2383,台光電,1.2,15.89,7.54,65.9,6.1,60.94,6.39,38.0,64.96,0.74,-158.0,58.32,32.57,27.0,47.01,52.99,158.0,2044.0,65.9,64.7,65.9,65.5
20160614,6.82,2383,台光電,1.16,15.94,7.3,67.0,7.9,60.94,6.39,0.0,65.27,0.84,321.0,58.4,32.49,-268.0,52.82,47.18,137.0,4075.0,67.0,65.9,67.6,66.0
20160615,4.51,2383,台光電,1.08,16.07,6.74,67.2,6.9,60.94,6.39,0.0,65.34,0.8,-148.0,58.41,32.41,-252.0,54.71,45.29,126.0,2282.0,67.2,66.2,67.3,67.0
20160616,5.59,2383,台光電,1.23,15.35,8.04,68.8,7.5,61.25,6.65,834.0,65.85,0.85,160.0,58.67,33.09,2164.0,55.25,44.75,326.0,7672.0,68.8,67.1,69.5,67.2
20160617,4.93,2383,台光電,1.45,15.24,9.49,71.0,7.9,61.42,6.74,293.0,66.48,0.83,-46.0,58.91,33.62,1687.0,57.39,42.61,318.0,5677.0,71.0,69.5,71.0,69.8
20160620,4.08,2383,台光電,1.41,14.84,9.49,71.2,7.4,61.66,6.91,535.0,66.98,0.87,100.0,59.07,33.98,1045.0,46.82,53.18,195.0,4023.0,71.2,70.5,72.1,71.1
20160621,7.7,2383,台光電,1.49,14.8,10.08,71.7,7.6,61.7,6.92,37.0,67.9,0.94,233.0,59.27,34.46,1546.0,51.75,48.25,165.0,4918.0,71.7,70.9,73.2,71.6
20160622,5.21,2383,台光電,1.51,14.78,10.21,72.6,7.4,61.81,6.99,217.0,68.01,0.82,-362.0,59.48,34.92,1521.0,52.87,47.13,220.0,3356.0,72.6,71.4,72.6,72.0
20160623,4.12,2383,台光電,1.45,14.8,9.78,72.0,6.2,62.13,7.2,665.0,68.14,0.79,-122.0,59.62,35.22,964.0,42.53,57.47,188.0,3249.0,72.0,72.0,73.3,73.0
20160624,6.34,2383,台光電,1.17,14.29,8.19,71.3,6.8,62.33,7.35,472.0,68.49,0.77,-67.0,59.78,35.64,1321.0,33.15,66.85,143.0,5536.0,71.3,70.3,73.6,72.7
20160627,7.57,2383,台光電,1.18,14.75,8.0,71.5,6.2,62.34,7.35,11.0,68.61,0.75,-62.0,59.86,35.78,439.0,41.96,58.04,111.0,2971.0,71.5,70.8,73.0,71.3
20160628,2.93,2383,台光電,1.17,14.88,7.89,71.7,6.7,62.34,7.35,-20.0,68.92,0.74,-9.0,60.01,36.2,1382.0,42.59,57.41,149.0,3583.0,71.7,70.6,71.8,71.0
20160629,8.44,2383,台光電,1.4,14.65,9.57,74.8,8.4,62.88,7.67,1042.0,70.28,0.91,528.0,60.1,36.28,218.0,61.73,38.27,269.0,6092.0,74.8,72.4,74.9,72.6
20160630,5.03,2383,台光電,1.42,14.63,9.7,75.2,7.0,63.08,7.79,402.0,70.43,0.81,-323.0,60.28,36.36,274.0,61.05,38.95,504.0,4135.0,75.2,74.3,75.4,75.2
20160701,5.05,2383,台光電,1.34,14.82,9.04,74.5,5.7,63.17,7.85,210.0,70.47,0.73,-258.0,60.32,36.27,-314.0,33.19,66.81,121.0,2616.0,74.5,74.0,75.3,75.3
20160704,5.31,2383,台光電,1.3,14.8,8.8,75.0,6.9,63.19,7.73,-372.0,70.59,0.71,-58.0,60.43,36.49,716.0,47.4,52.6,150.0,2238.0,75.0,73.2,75.0,74.0
20160705,2.84,2383,台光電,1.25,14.87,8.43,74.0,5.3,63.19,7.73,-10.0,70.64,0.69,-54.0,60.51,36.54,173.0,38.16,61.84,201.0,1903.0,74.0,73.9,75.0,74.9
20160706,6.77,2383,台光電,1.1,14.09,7.8,72.2,5.9,63.19,7.7,-115.0,70.76,0.7,37.0,60.58,36.58,125.0,29.79,70.21,214.0,3117.0,72.2,72.1,73.7,73.6
20160707,10.22,2383,台光電,1.1,13.19,8.34,72.3,5.3,63.19,7.7,0.0,70.82,0.71,21.0,60.65,36.73,468.0,38.25,61.75,121.0,2064.0,72.3,72.1,73.5,72.7
20160711,6.95,2383,台光電,1.17,13.22,8.82,74.5,7.1,63.19,7.68,-50.0,71.23,0.78,218.0,60.78,36.85,359.0,56.3,43.7,225.0,3555.0,74.5,72.8,75.2,73.1
20160712,5.47,2383,台光電,1.13,13.38,8.45,74.0,5.3,63.3,7.74,205.0,71.33,0.73,-162.0,60.85,36.68,-139.0,47.86,52.14,211.0,2359.0,74.0,74.0,75.7,75.0
20160713,5.41,2383,台光電,1.13,13.66,8.3,74.0,5.9,63.3,7.74,0.0,71.61,0.69,-124.0,60.91,36.6,-280.0,46.72,53.28,108.0,2828.0,74.0,73.6,75.5,74.0
20160714,5.2,2383,台光電,1.09,13.98,7.8,73.8,5.3,63.3,7.74,-20.0,71.66,0.66,-104.0,60.98,36.6,21.0,43.11,56.89,118.0,1789.0,73.8,73.7,74.7,74.0
20160715,6.32,2383,台光電,1.07,13.87,7.7,74.0,6.1,63.3,7.71,-100.0,71.67,0.63,-82.0,61.05,36.64,113.0,56.56,43.44,198.0,1660.0,74.0,73.8,74.7,74.0
20160718,6.06,2383,台光電,1.03,14.27,7.23,73.1,4.6,63.3,7.6,-340.0,71.85,0.71,268.0,61.08,36.48,-509.0,41.01,58.99,147.0,2624.0,73.1,73.1,74.6,74.0
20160719,3.59,2383,台光電,1.0,14.77,6.74,71.3,5.0,63.3,7.4,-620.0,71.84,0.39,-1036.0,61.19,36.72,741.0,36.23,63.77,233.0,4868.0,71.3,70.7,73.6,73.1
20160720,5.45,2383,台光電,1.31,14.94,8.78,72.0,4.9,63.3,7.08,-1023.0,71.86,0.38,-37.0,61.3,37.02,949.0,44.0,56.0,103.0,3708.0,72.0,70.5,72.4,71.3
20160721,7.64,2383,台光電,1.31,14.82,8.86,73.7,5.6,63.3,7.05,-97.0,72.24,0.45,226.0,61.37,37.14,371.0,56.77,43.23,114.0,2711.0,73.7,71.7,74.4,72.2
20160722,2.65,2383,台光電,1.29,15.11,8.54,72.8,4.4,63.3,7.02,-113.0,72.25,0.41,-130.0,61.44,37.24,316.0,37.83,62.17,104.0,2266.0,72.8,72.8,74.3,73.7
20160725,1.05,2383,台光電,1.26,14.41,8.77,71.4,4.0,63.3,7.0,-70.0,72.23,0.39,-45.0,61.46,37.21,-121.0,29.59,70.41,102.0,2199.0,71.4,71.1,73.5,73.5
20160726,1.74,2383,台光電,1.22,14.73,8.3,71.7,5.3,63.3,6.73,-833.0,72.22,0.36,-92.0,61.53,37.41,653.0,34.59,65.41,88.0,2240.0,71.7,70.9,71.7,71.4
20160727,2.8,2383,台光電,1.24,14.67,8.48,72.1,6.1,63.3,6.71,-89.0,72.21,0.37,7.0,61.56,37.36,-170.0,51.34,48.66,65.0,1681.0,72.1,71.4,72.7,72.2
20160728,2.3,2383,台光電,1.28,14.59,8.8,73.1,6.2,63.48,6.77,213.0,72.29,0.37,23.0,61.59,37.35,-61.0,60.53,39.47,115.0,2127.0,73.1,72.0,73.4,72.0
20160729,1.9,2383,台光電,1.27,15.0,8.5,72.5,4.9,63.57,6.59,-582.0,72.29,0.36,-37.0,61.62,37.28,-209.0,47.03,52.97,101.0,2106.0,72.5,71.6,73.3,73.1
20160801,3.18,2383,台光電,1.24,15.07,8.24,73.9,7.0,63.57,6.42,-537.0,72.7,0.48,390.0,61.68,37.36,268.0,55.07,44.93,156.0,2297.0,73.9,71.8,74.2,72.7
20160802,2.62,2383,台光電,1.23,15.14,8.14,73.0,4.8,63.57,6.33,-305.0,72.7,0.39,-297.0,61.69,37.22,-462.0,48.69,51.31,155.0,1988.0,73.0,72.9,74.0,74.0
20160803,9.63,2383,台光電,1.4,15.42,9.1,78.9,7.4,64.0,6.51,582.0,75.85,0.75,1133.0,61.92,37.53,970.0,69.82,30.18,525.0,12556.0,78.9,74.2,79.5,74.4
20160804,6.1,2383,台光電,1.14,15.88,7.19,78.3,7.0,64.07,6.53,79.0,76.15,0.58,-517.0,61.99,37.25,-878.0,42.1,57.9,278.0,5620.0,78.3,78.1,80.2,80.1
20160805,7.49,2383,台光電,1.01,15.34,6.61,80.1,8.3,64.52,6.72,600.0,76.58,0.6,53.0,62.12,37.26,85.0,56.26,43.74,240.0,5914.0,80.1,78.3,81.8,79.0
20160808,8.78,2383,台光電,1.17,15.4,7.57,83.1,8.3,65.35,7.02,940.0,78.51,0.66,198.0,62.22,37.23,-104.0,61.12,38.88,263.0,7411.0,83.1,80.1,84.4,80.8
20160809,4.36,2383,台光電,1.12,15.06,7.43,82.3,6.9,65.52,6.98,-130.0,79.03,0.58,-250.0,62.42,37.21,137.0,43.02,56.98,369.0,5760.0,82.3,82.1,84.6,83.4
20160810,11.59,2383,台光電,1.17,14.36,8.18,84.0,7.5,66.63,7.39,1313.0,80.14,0.69,324.0,62.52,37.18,-103.0,58.94,41.06,303.0,7211.0,84.0,82.5,86.9,82.8
20160811,7.81,2383,台光電,0.99,13.9,7.13,81.8,5.3,66.63,7.28,-341.0,80.25,0.54,-461.0,62.67,37.21,104.0,42.84,57.16,208.0,5854.0,81.8,79.8,85.7,84.5
20160812,6.86,2383,台光電,0.98,13.72,7.12,81.8,5.3,66.63,7.25,-101.0,80.31,0.53,-29.0,62.78,37.22,10.0,48.62,51.38,117.0,2916.0,81.8,81.1,83.4,82.8
20160815,4.51,2383,台光電,0.9,13.43,6.72,83.2,5.8,66.67,7.17,-250.0,81.0,0.68,464.0,62.99,37.37,476.0,54.88,45.12,148.0,3217.0,83.2,81.8,84.1,82.0
20160816,3.07,2383,台光電,0.77,13.05,5.86,82.0,5.0,66.68,7.11,-181.0,81.02,0.59,-266.0,63.25,37.17,-620.0,46.02,53.98,276.0,4553.0,82.0,81.9,83.5,83.5
20160817,3.57,2383,台光電,0.61,12.9,4.71,81.1,4.0,66.7,7.1,-34.0,81.03,0.51,-261.0,63.36,37.01,-513.0,41.85,58.15,110.0,3951.0,81.1,79.9,81.8,81.2
20160818,2.68,2383,台光電,0.4,13.07,3.06,80.0,4.4,66.7,7.09,-51.0,80.95,0.5,-49.0,63.47,36.96,-149.0,34.06,65.94,148.0,3580.0,80.0,79.8,81.5,80.9
20160819,0.0,2383,台光電,0.0,13.04,0.01,81.3,5.2,66.7,7.05,-129.0,80.98,0.52,76.0,63.59,37.11,469.0,57.12,42.88,180.0,2397.0,81.3,80.0,81.5,80.8
20160822,0.0,2383,台光電,0.0,13.11,0.0,81.4,4.8,66.83,7.03,-71.0,81.0,0.52,14.0,63.73,37.22,349.0,49.22,50.78,162.0,2132.0,81.4,80.9,81.9,81.3
20160823,0.0,2383,台光電,0.0,12.85,0.0,83.9,7.0,67.1,7.14,361.0,82.23,0.86,1062.0,63.87,37.25,76.0,67.56,32.44,185.0,4712.0,83.9,81.3,84.4,81.4
20160824,0.0,2383,台光電,0.0,12.6,0.0,83.3,7.1,67.63,7.38,776.0,82.58,1.11,790.0,63.98,36.98,-854.0,51.2,48.8,433.0,6178.0,83.3,83.1,84.7,84.4
20160825,3.88,2383,台光電,0.08,12.79,0.63,80.5,7.1,64.51,7.77,1239.0,78.56,0.68,-1367.0,59.99,37.38,1281.0,51.29,48.71,448.0,6697.0,80.5,79.4,81.2,79.9
20160826,7.41,2383,台光電,0.54,12.34,4.38,85.0,7.9,64.89,7.92,469.0,81.32,0.88,645.0,60.15,37.38,2.0,72.06,27.94,374.0,10549.0,85.0,81.8,85.0,81.9
20160829,2.98,2383,台光電,0.4,12.64,3.17,83.5,6.9,65.02,7.92,23.0,81.45,0.69,-590.0,60.27,37.16,-986.0,41.25,58.75,235.0,4561.0,83.5,82.9,84.8,84.7
20160830,9.28,2383,台光電,0.82,12.11,6.74,86.7,7.9,65.56,8.13,643.0,82.61,0.75,170.0,60.57,37.37,644.0,61.85,38.15,303.0,7240.0,86.7,83.8,87.9,84.1
20160831,8.98,2383,台光電,0.76,12.28,6.19,86.6,6.5,65.71,8.12,-12.0,82.83,0.58,-544.0,60.91,37.51,247.0,51.88,48.12,388.0,4866.0,86.6,85.5,88.5,86.9
20160901,2.1,2383,台光電,0.7,12.37,5.66,85.7,5.7,65.79,8.0,-405.0,82.98,0.56,-62.0,61.03,37.62,349.0,34.59,65.41,113.0,2044.0,85.7,85.5,86.5,86.2
20160902,6.55,2383,台光電,0.59,12.07,4.92,84.4,5.4,65.86,8.03,108.0,83.03,0.42,-452.0,61.34,38.04,1338.0,32.87,67.13,206.0,4215.0,84.4,84.0,87.2,86.3
20160905,6.54,2383,台光電,0.72,12.2,5.89,86.7,6.9,65.98,8.07,141.0,83.99,0.54,412.0,61.4,37.98,-229.0,52.04,47.96,150.0,3304.0,86.7,85.3,88.0,86.1
20160906,12.28,2383,台光電,0.77,12.63,6.07,86.8,6.3,65.99,7.84,-752.0,84.73,0.59,155.0,61.51,37.84,-403.0,51.23,48.77,381.0,8709.0,86.8,86.8,92.1,87.5
20160907,5.37,2383,台光電,0.9,12.35,7.29,87.8,5.6,66.17,7.75,-283.0,85.13,0.57,-88.0,61.72,38.0,531.0,48.14,51.86,209.0,4376.0,87.8,86.5,88.3,87.2
20160908,3.89,2383,台光電,0.9,12.47,7.25,87.9,6.1,66.18,7.65,-326.0,85.23,0.55,-36.0,61.82,38.08,234.0,49.32,50.68,144.0,1902.0,87.9,87.3,88.3,88.0
20160909,4.01,2383,台光電,0.85,12.38,6.87,87.1,5.3,66.18,7.6,-155.0,85.3,0.53,-90.0,61.9,38.14,191.0,37.19,62.81,181.0,1694.0,87.1,87.0,88.0,87.9
20160910,4.22,2383,台光電,0.75,12.18,6.13,84.7,4.9,66.42,7.64,145.0,85.26,0.46,-215.0,61.9,38.14,10.0,28.09,71.91,248.0,3149.0,84.7,84.5,86.1,85.0
20160912,5.68,2383,台光電,0.81,12.03,6.73,84.8,4.4,66.42,7.56,-270.0,85.23,0.41,-152.0,61.97,38.1,-147.0,51.31,48.69,133.0,2554.0,84.8,84.8,85.7,85.1
20160913,9.14,2383,台光電,0.79,11.82,6.66,84.1,5.0,66.58,7.61,153.0,85.15,0.31,-313.0,62.1,38.08,-42.0,47.22,52.78,146.0,3053.0,84.1,82.9,85.7,85.4
20160914,9.05,2383,台光電,1.01,11.64,8.69,85.5,6.6,66.75,7.65,136.0,85.19,0.26,-179.0,62.36,38.02,-196.0,52.94,47.06,789.0,5159.0,85.5,84.0,86.5,84.1
20160919,6.04,2383,台光電,1.16,11.38,10.2,88.3,6.9,66.85,7.59,-206.0,86.65,0.31,170.0,62.67,38.33,999.0,58.51,41.49,231.0,4270.0,88.3,86.6,88.7,86.6
20160920,6.09,2383,台光電,1.25,11.04,11.36,89.2,6.4,66.85,7.59,0.0,87.01,0.29,-77.0,62.86,38.27,-139.0,57.05,42.95,241.0,3614.0,89.2,87.7,89.8,88.8
20160921,5.61,2383,台光電,1.23,10.62,11.62,88.5,6.1,66.87,7.59,19.0,87.15,0.29,22.0,62.96,38.33,198.0,42.17,57.83,103.0,1531.0,88.5,88.3,89.7,89.2
20160922,7.57,2383,台光電,1.27,10.55,12.08,88.6,7.5,66.87,7.47,-392.0,87.61,0.34,143.0,63.14,38.41,251.0,47.01,52.99,183.0,3869.0,88.6,88.6,90.7,89.7
20160923,4.16,2383,台光電,1.18,10.87,10.86,88.5,6.1,66.87,7.37,-304.0,87.7,0.29,-139.0,63.19,38.2,-423.0,35.09,64.91,103.0,2115.0,88.5,87.8,89.5,89.2
20160926,2.53,2383,台光電,1.13,10.91,10.38,87.0,4.9,66.95,7.4,84.0,87.69,0.22,-240.0,63.21,38.06,-464.0,24.48,75.52,190.0,1701.0,87.0,87.0,88.1,88.1
20160929,1.98,2383,台光電,1.06,10.87,9.76,86.3,3.6,66.95,7.38,-46.0,87.45,0.24,65.0,63.32,38.07,-97.0,28.99,71.01,115.0,1462.0,86.3,86.2,87.9,87.0
20160930,4.5,2383,台光電,0.96,11.24,8.58,85.5,4.6,66.95,7.1,-914.0,87.06,0.24,13.0,63.41,38.08,48.0,40.74,59.26,200.0,2557.0,85.5,84.3,85.6,85.3
20161003,2.26,2383,台光電,0.88,11.56,7.61,84.4,5.0,66.96,6.68,-1339.0,86.88,0.21,-119.0,63.53,38.26,547.0,29.31,70.69,170.0,2783.0,84.4,83.7,86.2,85.6
20161004,5.61,2383,台光電,0.56,11.5,4.89,84.0,5.0,66.96,5.98,-2229.0,85.76,0.23,77.0,63.66,38.37,355.0,32.33,67.67,218.0,4987.0,84.0,82.3,84.2,84.0
20161005,3.3,2383,台光電,0.57,12.05,4.77,82.6,4.0,66.97,5.72,-823.0,84.89,0.3,210.0,63.71,38.23,-435.0,37.75,62.25,160.0,2694.0,82.6,82.5,84.9,83.5
20161006,2.81,2383,台光電,0.4,12.39,3.19,81.7,5.0,67.05,5.46,-839.0,84.76,0.25,-139.0,63.81,38.32,194.0,38.89,61.11,164.0,3453.0,81.7,81.5,82.6,82.6
20161007,4.8,2383,台光電,0.36,12.43,2.92,81.5,4.0,67.07,5.26,-635.0,84.57,0.26,18.0,63.94,38.54,668.0,40.38,59.62,122.0,2394.0,81.5,81.3,82.8,81.5
20161011,3.63,2383,台光電,0.34,11.69,2.94,79.8,5.4,67.07,5.14,-380.0,84.17,0.14,-373.0,64.29,39.06,985.0,35.83,64.17,278.0,4075.0,79.8,78.1,82.3,82.3
20161012,5.43,2383,台光電,0.59,11.6,5.11,82.0,6.1,67.11,5.14,0.0,83.36,0.2,204.0,64.45,39.1,118.0,58.82,41.18,154.0,3846.0,82.0,78.3,83.1,78.7
20161013,5.31,2383,台光電,0.69,11.51,6.01,82.0,5.2,67.19,5.09,-161.0,83.3,0.14,-194.0,64.48,39.03,-187.0,46.03,53.97,118.0,2032.0,82.0,81.0,82.6,82.0
20161014,4.44,2383,台光電,0.62,11.36,5.45,80.5,4.9,67.21,5.08,-15.0,83.03,0.12,-60.0,64.5,38.93,-322.0,32.78,67.22,50.0,1622.0,80.5,80.1,82.0,81.4
20161017,4.77,2383,台光電,0.79,11.14,7.06,83.3,6.2,67.53,5.19,327.0,83.14,0.2,244.0,64.57,38.99,196.0,73.62,26.38,132.0,2579.0,83.3,80.7,83.4,81.0
20161018,1.67,2383,台光電,0.93,11.11,8.4,82.9,5.7,67.75,5.26,243.0,83.07,0.18,-53.0,64.6,38.83,-498.0,49.3,50.7,69.0,2519.0,82.9,82.7,83.5,83.4
20161019,6.02,2383,台光電,1.1,11.04,9.96,83.4,7.1,68.28,5.45,585.0,83.24,0.2,55.0,64.62,38.69,-476.0,57.33,42.67,115.0,3624.0,83.4,83.2,85.1,83.2
20161020,4.15,2383,台光電,1.29,11.08,11.61,83.5,5.6,68.3,5.46,32.0,83.24,0.18,-81.0,64.69,38.79,320.0,35.05,64.95,103.0,1637.0,83.5,83.0,84.0,83.7
20161021,1.73,2383,台光電,1.27,11.1,11.45,83.9,6.6,68.37,5.48,70.0,83.29,0.16,-45.0,64.83,38.67,-417.0,64.19,35.81,742.0,2371.0,83.9,82.7,84.1,83.6
20161024,3.65,2383,台光電,1.46,10.73,13.63,86.7,7.5,68.4,5.48,20.0,85.79,0.54,1205.0,64.96,38.78,352.0,65.87,34.13,151.0,3804.0,86.7,83.1,87.3,83.9
20161025,6.82,2383,台光電,1.44,10.76,13.38,87.8,7.5,68.51,5.52,100.0,86.42,0.33,-674.0,65.14,38.93,479.0,55.89,44.11,174.0,4106.0,87.8,85.3,88.0,86.0
20161026,4.27,2383,台光電,1.5,10.56,14.24,87.9,7.0,69.07,5.68,525.0,86.75,0.29,-117.0,65.29,39.1,519.0,57.24,42.76,105.0,3768.0,87.9,86.8,88.4,86.8
20161027,5.35,2383,台光電,1.91,9.91,19.23,90.4,7.9,70.31,6.03,1118.0,88.93,0.44,455.0,65.61,39.47,1240.0,61.45,38.55,221.0,6545.0,90.4,89.0,90.9,89.0
20161028,6.21,2383,台光電,1.96,9.62,20.4,89.0,5.3,70.39,6.02,-19.0,88.94,0.27,-518.0,65.72,39.57,317.0,39.6,60.4,274.0,3219.0,89.0,89.0,91.0,90.1
20161031,6.03,2383,台光電,1.96,9.56,20.55,88.1,5.7,70.42,6.03,29.0,88.84,0.27,1.0,65.77,39.47,-328.0,39.32,60.68,168.0,2057.0,88.1,87.4,89.1,89.0
20161101,4.61,2383,台光電,1.75,9.68,18.1,86.9,4.5,70.55,6.08,153.0,88.74,0.26,-43.0,65.82,39.29,-558.0,51.41,48.59,143.0,1777.0,86.9,86.6,88.4,87.8
20161102,1.81,2383,台光電,1.46,9.57,15.2,83.8,4.6,70.58,6.1,48.0,88.24,0.21,-165.0,65.91,39.28,165.0,27.01,72.99,104.0,2824.0,83.8,83.3,86.4,86.0
20161103,6.79,2383,台光電,1.7,9.66,17.63,86.0,6.3,70.7,6.1,5.0,87.64,0.18,-102.0,66.02,39.2,-232.0,57.5,42.5,125.0,3065.0,86.0,83.6,87.1,83.6
20161104,9.43,2383,台光電,1.78,9.75,18.29,85.9,4.9,70.72,6.09,-19.0,87.27,0.16,-66.0,66.04,38.98,-726.0,51.15,48.85,148.0,2472.0,85.9,85.6,87.8,86.8
20161107,2.23,2383,台光電,1.79,9.7,18.49,86.0,5.2,70.73,6.07,-75.0,87.09,0.17,35.0,66.1,38.86,-373.0,45.3,54.7,111.0,1746.0,86.0,85.2,86.5,85.9
20161108,1.91,2383,台光電,1.87,9.59,19.47,85.9,4.4,70.84,6.11,131.0,87.0,0.14,-82.0,66.18,38.87,117.0,56.69,43.31,99.0,1206.0,85.9,85.1,86.5,86.5
20161109,4.13,2383,台光電,1.72,9.4,18.29,83.0,5.0,70.85,6.08,-105.0,86.52,0.09,-172.0,66.31,38.99,363.0,32.05,67.95,124.0,2927.0,83.0,81.8,86.3,85.9
20161110,2.93,2383,台光電,1.74,9.72,17.86,83.7,4.8,70.85,6.01,-200.0,86.41,0.08,-22.0,66.34,38.9,-260.0,38.97,61.03,65.0,1705.0,83.7,83.2,85.6,84.6
20161111,3.25,2383,台光電,1.7,10.07,16.86,79.6,5.0,70.86,5.99,-81.0,85.6,0.05,-85.0,66.4,38.54,-1162.0,31.7,68.3,193.0,3687.0,79.6,79.2,82.5,81.7
20161114,4.35,2383,台光電,1.83,10.04,18.18,81.1,4.5,70.88,5.98,-38.0,84.02,0.07,40.0,66.58,38.58,121.0,53.81,46.19,95.0,3469.0,81.1,78.5,81.9,79.6
20161115,3.81,2383,台光電,1.84,9.98,18.39,82.2,5.6,70.92,5.99,32.0,83.78,0.07,18.0,66.69,38.66,274.0,50.57,49.43,163.0,2047.0,82.2,80.2,82.2,81.1
20161116,2.48,2383,台光電,2.02,9.97,20.3,84.0,6.6,70.92,5.91,-260.0,83.84,0.08,14.0,67.0,38.98,1107.0,55.5,44.5,204.0,3386.0,84.0,83.1,84.2,83.2
20161117,1.07,2383,台光電,1.97,10.05,19.57,82.8,4.0,70.92,5.9,-10.0,83.82,0.06,-52.0,67.15,38.99,26.0,35.25,64.75,138.0,2341.0,82.8,82.6,84.2,84.1
20161118,5.04,2383,台光電,1.83,10.12,18.12,82.5,4.8,70.92,5.85,-160.0,83.66,0.06,2.0,67.21,39.03,133.0,38.53,61.47,142.0,1310.0,82.5,82.3,83.7,82.8
20161121,1.99,2383,台光電,1.86,10.16,18.27,82.9,5.3,70.92,5.84,-37.0,83.52,0.06,3.0,67.29,39.02,-53.0,54.95,45.05,148.0,1207.0,82.9,82.2,83.3,82.5
20161122,2.82,2383,台光電,1.59,10.23,15.56,83.6,6.2,70.93,5.72,-400.0,83.54,0.07,41.0,67.36,39.04,65.0,49.47,50.53,141.0,1594.0,83.6,82.5,83.6,83.1
20161123,3.14,2383,台光電,1.64,9.87,16.59,85.7,7.1,71.2,5.71,-28.0,85.26,0.22,463.0,67.6,39.31,850.0,63.2,36.8,186.0,3700.0,85.7,83.6,87.3,83.6
20161124,2.72,2383,台光電,1.65,9.93,16.58,84.2,4.1,71.2,5.67,-129.0,85.17,0.16,-182.0,67.65,39.31,15.0,30.34,69.66,86.0,1582.0,84.2,84.1,86.3,86.3
20161125,4.78,2383,台光電,1.66,10.04,16.58,83.0,4.6,71.2,5.61,-167.0,85.12,0.07,-296.0,67.72,39.3,-54.0,32.28,67.72,139.0,1738.0,83.0,82.0,85.2,84.2
20161128,3.14,2383,台光電,1.84,10.07,18.31,82.5,3.2,71.2,5.57,-130.0,84.91,0.06,-19.0,67.78,39.25,-150.0,35.12,64.88,171.0,1307.0,82.5,82.5,83.3,82.8
20161129,4.81,2383,台光電,1.83,10.04,18.24,83.8,5.8,71.2,5.57,1.0,84.23,0.11,157.0,67.87,39.23,-12.0,60.44,39.56,70.0,1351.0,83.8,82.3,84.2,82.5
20161130,1.84,2383,台光電,1.86,10.15,18.29,83.8,4.5,71.2,5.57,-19.0,84.15,0.05,-201.0,67.95,39.23,-85.0,50.65,49.35,326.0,1304.0,83.8,82.6,83.8,83.7
20161201,1.66,2383,台光電,1.83,10.27,17.86,83.0,3.6,71.22,5.55,-69.0,84.08,0.05,-12.0,67.99,39.17,-168.0,39.77,60.23,98.0,964.0,83.0,82.7,83.4,83.2
20161202,2.73,2383,台光電,1.88,10.36,18.1,81.6,4.6,71.22,5.35,-610.0,84.06,0.03,-38.0,68.03,39.1,-231.0,22.95,77.05,102.0,1758.0,81.6,81.5,82.8,82.8
20161205,5.49,2383,台光電,1.95,10.55,18.5,83.4,6.6,71.22,5.34,-30.0,83.46,0.21,549.0,68.08,39.06,-131.0,68.29,31.71,109.0,2005.0,83.4,81.4,83.5,81.5
20161206,3.91,2383,台光電,1.76,10.47,16.81,83.5,6.6,71.25,5.25,-292.0,83.47,0.09,-377.0,68.17,38.85,-666.0,44.72,55.28,119.0,3402.0,83.5,82.0,84.7,84.2
20161207,1.92,2383,台光電,1.8,10.25,17.59,84.5,6.1,71.43,5.32,221.0,83.6,0.05,-129.0,68.23,38.81,-135.0,62.53,37.47,72.0,2241.0,84.5,83.3,84.7,83.4
20161208,1.5,2383,台光電,1.82,9.88,18.43,85.6,6.6,71.74,5.36,128.0,84.85,0.08,108.0,68.29,38.86,138.0,67.72,32.28,48.0,2865.0,85.6,84.6,86.3,85.2
20161209,2.2,2383,台光電,1.78,10.05,17.73,84.6,4.4,71.74,5.27,-291.0,84.81,0.04,-130.0,68.39,38.73,-434.0,53.21,46.79,90.0,2186.0,84.6,84.1,85.7,85.6
20161212,2.36,2383,台光電,1.76,10.0,17.56,83.7,4.4,71.75,5.27,-9.0,84.36,0.06,50.0,68.45,38.69,-111.0,41.39,58.61,70.0,1100.0,83.7,83.7,85.0,84.7
20161213,3.13,2383,台光電,1.76,10.03,17.57,83.7,4.0,71.75,5.26,-11.0,84.36,0.05,-31.0,68.5,38.65,-108.0,48.01,51.99,49.0,831.0,83.7,83.3,84.5,83.7
20161214,2.13,2383,台光電,1.75,10.07,17.39,83.5,3.3,71.75,5.25,-21.0,84.31,0.04,-11.0,68.53,38.5,-487.0,44.49,55.51,101.0,1032.0,83.5,83.5,84.1,83.9
20161215,3.57,2383,台光電,1.72,10.17,16.91,84.1,5.8,71.76,5.26,12.0,84.16,0.13,291.0,68.55,38.32,-576.0,55.27,44.73,60.0,1346.0,84.1,83.0,85.0,83.0
20161216,2.81,2383,台光電,2.01,9.65,20.87,86.0,6.6,72.07,5.34,263.0,84.68,0.06,-241.0,68.59,38.26,-232.0,60.89,39.11,136.0,3698.0,86.0,83.7,86.5,84.2
20161219,1.95,2383,台光電,2.0,9.69,20.65,84.3,4.0,72.19,5.39,155.0,84.62,0.05,-11.0,68.61,38.18,-258.0,34.8,65.2,75.0,1228.0,84.3,84.2,86.7,86.0
20161220,9.51,2383,台光電,2.22,9.59,23.16,88.1,6.6,72.57,5.48,287.0,87.53,0.3,788.0,68.68,38.22,77.0,62.48,37.52,212.0,5604.0,88.1,84.4,88.8,84.4
20161221,1.85,2383,台光電,1.98,9.93,19.96,86.4,5.8,72.78,5.54,198.0,87.31,0.23,-241.0,68.74,37.91,-1007.0,28.72,71.28,510.0,3024.0,86.4,86.4,88.3,88.3
20161222,3.9,2383,台光電,2.0,9.86,20.25,86.1,4.0,72.85,5.56,60.0,87.19,0.19,-100.0,68.76,37.82,-308.0,45.95,54.05,96.0,1386.0,86.1,86.0,87.2,86.4
20161223,2.38,2383,台光電,1.99,9.99,19.93,85.3,3.6,72.85,5.56,0.0,86.79,0.17,-76.0,68.77,37.74,-256.0,39.33,60.67,87.0,1136.0,85.3,85.2,86.3,85.8
20161226,4.67,2383,台光電,2.02,10.06,20.12,86.4,5.6,72.88,5.57,30.0,86.75,0.17,-11.0,68.77,37.71,-84.0,57.03,42.97,73.0,621.0,86.4,85.2,86.4,85.3
20161227,5.35,2383,台光電,2.17,9.94,21.85,87.2,6.1,73.15,5.68,337.0,86.86,0.2,109.0,68.79,37.72,1.0,66.13,33.87,45.0,1496.0,87.2,86.5,88.0,86.6
20161228,7.03,2383,台光電,2.36,9.7,24.38,89.2,7.0,73.51,5.79,378.0,88.07,0.35,467.0,68.86,37.74,60.0,65.19,34.81,163.0,3117.0,89.2,87.5,89.7,88.0
20161229,3.45,2383,台光電,2.47,9.59,25.78,89.9,7.0,73.74,5.83,127.0,88.3,0.3,-139.0,68.94,37.8,176.0,61.43,38.57,156.0,2203.0,89.9,88.2,90.0,89.0
20161230,1.22,2383,台光電,2.52,9.5,26.51,90.0,6.1,73.75,5.84,8.0,88.6,0.33,95.0,68.99,37.87,220.0,64.84,35.16,179.0,1396.0,90.0,89.1,90.5,90.1
20170103,1.3,2383,台光電,2.52,9.45,26.64,89.2,5.7,73.78,5.84,16.0,88.63,0.34,24.0,69.03,37.92,163.0,40.38,59.62,64.0,691.0,89.2,89.1,90.2,90.2
20170104,8.31,2383,台光電,2.69,9.12,29.51,95.6,7.5,74.23,5.96,388.0,93.49,0.72,1194.0,69.39,38.2,888.0,72.31,27.69,195.0,7485.0,95.6,89.2,96.5,89.7
20170105,8.69,2383,台光電,2.57,9.33,27.51,98.5,6.6,74.8,6.1,450.0,95.13,0.62,-292.0,69.51,38.04,-250.0,57.63,42.37,194.0,6134.0,98.5,94.5,99.8,96.0
20170106,3.24,2383,台光電,2.5,9.63,26.0,95.4,5.4,75.45,6.19,267.0,95.17,0.49,-415.0,69.59,38.03,-36.0,39.48,60.52,146.0,4016.0,95.4,94.6,98.1,97.5
20170109,3.1,2383,台光電,2.51,9.77,25.74,95.0,5.3,75.68,6.24,152.0,95.14,0.55,168.0,69.76,38.24,633.0,44.21,55.79,130.0,3323.0,95.0,93.8,97.3,95.6
20170110,4.74,2383,台光電,2.51,9.66,26.02,96.5,5.7,75.9,6.29,186.0,95.52,0.68,432.0,69.92,38.43,598.0,57.53,42.47,154.0,2661.0,96.5,95.1,96.8,95.1
20170111,7.27,2383,台光電,2.52,9.66,26.06,95.7,4.9,76.0,6.32,92.0,95.53,0.64,-124.0,70.06,38.52,367.0,43.24,56.76,223.0,1952.0,95.7,95.7,97.3,96.8
20170112,10.47,2383,台光電,2.94,9.43,31.12,101.5,7.5,77.18,6.63,977.0,98.3,0.69,163.0,70.42,38.74,722.0,58.17,41.83,365.0,9471.0,101.5,96.5,103.5,96.5
20170113,8.1,2383,台光電,2.74,9.44,29.02,99.4,5.3,77.79,6.78,492.0,98.43,0.54,-499.0,70.57,38.71,-185.0,45.41,54.59,157.0,3953.0,99.4,99.1,103.0,101.0
20170116,5.2,2383,台光電,2.58,9.36,27.6,98.9,5.3,77.89,6.79,31.0,98.48,0.52,-60.0,70.69,38.73,39.0,38.58,61.42,108.0,2210.0,98.9,97.1,99.2,99.2
20170117,8.29,2383,台光電,2.66,9.47,28.13,99.9,6.2,78.07,6.8,16.0,98.63,0.45,-217.0,71.0,38.9,544.0,45.66,54.34,283.0,3860.0,99.9,99.0,102.0,99.0
20170118,6.68,2383,台光電,2.83,9.78,28.95,101.0,6.1,78.26,6.79,-20.0,99.22,0.46,14.0,71.24,39.15,802.0,52.95,47.05,234.0,3697.0,101.0,99.1,102.5,100.0
20170119,3.31,2383,台光電,2.68,9.94,26.95,99.3,4.5,78.33,6.77,-63.0,99.23,0.37,-289.0,71.49,39.24,286.0,28.68,71.32,264.0,2655.0,99.3,99.0,102.0,101.0
20170120,5.93,2383,台光電,2.84,9.93,28.55,101.5,7.1,79.08,6.98,677.0,99.7,0.29,-249.0,71.81,39.49,1043.0,56.12,43.88,272.0,4168.0,101.5,99.7,102.0,99.8
20170123,7.96,2383,台光電,3.28,8.95,36.62,111.5,7.5,81.14,7.44,1457.0,104.83,0.29,22.0,72.6,40.08,2302.0,71.72,28.28,11.0,10262.0,111.5,103.5,111.5,103.5
20170124,9.13,2383,台光電,3.08,8.16,37.67,109.5,6.2,81.55,7.49,153.0,105.08,0.26,-102.0,73.25,40.61,1699.0,49.55,50.45,444.0,6647.0,109.5,109.0,114.5,113.5
20170202,7.98,2383,台光電,3.36,7.22,46.5,120.0,7.5,82.11,7.56,222.0,113.32,0.43,525.0,74.41,41.09,1567.0,66.7,33.3,121.0,8915.0,120.0,111.0,120.0,112.0
20170203,7.81,2383,台光電,3.03,7.49,40.44,119.0,5.7,82.16,7.49,-219.0,114.77,0.39,-124.0,74.74,41.02,-231.0,52.08,47.92,334.0,5759.0,119.0,115.5,123.0,120.0
20170206,4.09,2383,台光電,2.93,7.48,39.19,116.0,4.9,82.42,7.31,-579.0,114.88,0.35,-106.0,75.25,41.3,726.0,39.32,60.68,330.0,4400.0,116.0,113.0,119.5,119.5
20170207,6.6,2383,台光電,3.04,8.1,37.46,118.5,6.5,82.42,7.29,-68.0,115.54,0.39,118.0,75.34,41.17,-421.0,61.97,38.03,284.0,3242.0,118.5,113.5,119.5,115.5
20170208,4.24,2383,台光電,2.99,8.15,36.69,114.5,5.4,82.42,7.09,-640.0,115.44,0.32,-230.0,75.59,41.3,403.0,31.15,68.85,493.0,4344.0,114.5,113.0,118.0,117.5
20170209,3.54,2383,台光電,2.79,8.53,32.68,113.5,4.5,82.42,6.95,-427.0,115.06,0.34,56.0,75.8,41.29,-19.0,34.98,65.02,230.0,3192.0,113.5,113.5,117.0,115.5
20170210,6.02,2383,台光電,2.78,9.06,30.73,115.5,5.8,82.42,6.85,-326.0,115.23,0.4,205.0,76.01,41.24,-202.0,61.08,38.92,256.0,6349.0,115.5,114.0,119.5,115.5
20170213,7.84,2383,台光電,2.74,9.09,30.17,115.0,4.4,82.9,6.76,-291.0,115.2,0.36,-147.0,76.2,41.34,311.0,43.95,56.05,214.0,2958.0,115.0,114.0,116.5,115.5
20170214,6.71,2383,台光電,2.74,8.9,30.79,113.0,4.0,82.91,6.74,-47.0,115.02,0.32,-126.0,76.38,41.26,-233.0,33.92,66.08,166.0,2473.0,113.0,113.0,116.5,116.0
20170215,3.0,2383,台光電,2.56,9.17,27.88,113.5,5.3,82.91,6.65,-305.0,114.92,0.25,-217.0,76.76,41.37,348.0,34.86,65.14,193.0,3329.0,113.5,111.0,114.0,113.0
20170216,7.54,2383,台光電,2.52,9.45,26.72,113.5,5.8,82.95,6.65,-6.0,114.37,0.33,269.0,76.91,41.08,-921.0,58.99,41.01,306.0,4233.0,113.5,112.0,117.0,113.5
20170217,6.7,2383,台光電,2.47,9.5,26.0,112.5,4.4,82.95,6.59,-190.0,114.16,0.28,-161.0,76.97,40.86,-535.0,42.58,57.42,283.0,2789.0,112.5,111.0,114.5,114.0
20170218,10.88,2383,台光電,2.47,10.85,22.79,115.5,7.0,82.95,6.59,0.0,114.89,0.43,482.0,76.97,40.86,3.0,66.23,33.77,216.0,11423.0,115.5,112.5,123.5,113.0
20170220,4.11,2383,台光電,2.33,10.07,23.15,110.5,4.1,82.97,6.59,0.0,114.27,0.25,-580.0,77.3,40.81,-259.0,37.85,62.15,431.0,6137.0,110.5,110.0,117.0,116.0
20170221,5.98,2383,台光電,2.22,9.6,23.13,109.5,3.6,83.0,6.44,-460.0,112.82,0.17,-274.0,77.92,41.14,1073.0,38.46,61.54,265.0,5137.0,109.5,107.5,112.0,111.0
20170222,9.68,2383,台光電,2.26,9.69,23.29,112.0,4.8,83.02,6.43,-44.0,112.47,0.22,180.0,78.04,41.1,-134.0,53.09,46.91,141.0,2863.0,112.0,111.5,114.0,111.5
20170223,12.13,2383,台光電,2.28,9.66,23.62,112.5,4.8,83.02,6.42,-40.0,112.48,0.23,40.0,78.17,41.05,-136.0,64.71,35.29,120.0,2465.0,112.5,110.5,115.5,112.0
20170224,2.71,2383,台光電,2.27,9.71,23.39,112.5,4.8,83.02,6.42,0.0,112.48,0.22,-37.0,78.25,40.99,-95.0,44.47,55.53,67.0,1216.0,112.5,111.5,113.5,112.5
20170301,1.29,2383,台光電,2.22,9.7,22.89,109.5,4.1,83.02,6.42,0.0,112.37,0.19,-102.0,78.34,40.93,-193.0,33.92,66.08,73.0,1319.0,109.5,109.5,113.0,113.0
20170302,6.22,2383,台光電,2.24,9.81,22.86,110.0,5.9,83.05,6.37,-137.0,112.24,0.16,-97.0,78.55,41.03,324.0,45.05,54.95,109.0,2043.0,110.0,108.0,111.5,111.0
20170303,7.4,2383,台光電,2.19,9.69,22.6,110.5,5.4,83.05,6.37,-10.0,111.81,0.2,127.0,78.73,41.12,293.0,43.54,56.46,264.0,2527.0,110.5,108.5,112.0,108.5
20170306,3.31,2383,台光電,2.17,9.82,22.15,110.0,4.5,83.05,6.35,-51.0,111.47,0.24,128.0,78.79,41.13,26.0,54.4,45.6,55.0,968.0,110.0,109.0,111.0,109.5
20170307,9.25,2383,台光電,2.25,9.31,24.18,117.5,7.1,83.25,6.24,-359.0,115.14,0.48,774.0,79.55,41.84,2247.0,71.94,28.06,353.0,6811.0,117.5,113.5,117.5,113.5
20170308,6.97,2383,台光電,2.22,9.03,24.56,118.5,6.6,84.54,6.47,724.0,116.23,0.58,323.0,79.95,41.98,463.0,53.93,46.07,281.0,5943.0,118.5,115.5,120.5,117.0
20170309,2.62,2383,台光電,2.19,9.63,22.74,116.5,5.3,84.68,6.5,90.0,116.25,0.51,-245.0,80.13,41.89,-316.0,41.06,58.94,237.0,3584.0,116.5,116.0,120.5,118.5
20170310,5.47,2383,台光電,2.23,9.66,23.04,117.5,6.2,84.68,6.5,0.0,116.44,0.48,-77.0,80.61,42.21,1031.0,46.7,53.3,229.0,3783.0,117.5,114.5,118.5,116.0
20170313,11.78,2383,台光電,2.32,8.94,25.95,128.0,7.9,84.93,6.47,-80.0,121.11,0.65,539.0,81.81,43.09,2797.0,65.4,34.6,326.0,10979.0,128.0,121.5,129.0,122.0
20170314,5.51,2383,台光電,2.22,8.71,25.54,127.0,6.5,85.1,6.49,53.0,121.53,0.56,-308.0,82.29,43.32,738.0,46.63,53.37,239.0,3941.0,127.0,124.5,128.0,128.0
20170315,10.64,2383,台光電,2.19,8.55,25.58,126.0,6.1,85.45,6.54,151.0,122.21,0.59,115.0,82.73,43.28,-120.0,46.94,53.06,231.0,4331.0,126.0,124.5,130.0,127.0
20170316,6.35,2383,台光電,2.11,8.58,24.53,125.0,5.7,85.45,6.16,-1187.0,122.56,0.58,-47.0,83.15,43.57,956.0,41.27,58.73,202.0,4125.0,125.0,122.0,128.5,128.5
20170317,5.91,2383,台光電,2.08,8.41,24.78,120.5,5.9,85.59,5.57,-1889.0,122.23,0.28,-931.0,84.3,44.36,2512.0,33.28,66.72,698.0,10654.0,120.5,117.5,123.5,123.5
20170320,4.69,2383,台光電,1.93,8.71,22.2,119.5,,85.63,5.3,-871.0,121.77,0.32,116.0,84.7,44.64,902.0,35.77,64.23,236.0,3922.0,119.5,118.0,120.0,119.0
20170321,1.37,2383,台光電,1.88,8.82,21.36,119.0,4.0,85.69,5.19,-353.0,121.6,0.32,9.0,85.05,44.88,754.0,33.63,66.37,130.0,2633.0,119.0,118.0,120.5,119.5
20170322,2.77,2383,台光電,1.82,9.2,19.84,117.0,4.9,85.84,5.16,-81.0,121.07,0.35,94.0,85.32,44.75,-444.0,52.22,47.78,237.0,3282.0,117.0,115.0,117.5,116.5
20170323,1.18,2383,台光電,1.65,8.74,18.89,117.0,4.5,86.02,5.11,-159.0,120.75,0.36,15.0,85.58,44.81,191.0,40.31,59.69,259.0,2461.0,117.0,116.5,118.5,117.5
20170324,9.9,2383,台光電,1.57,8.7,18.01,118.0,6.7,86.07,5.09,-84.0,120.38,0.38,58.0,85.9,44.87,201.0,53.41,46.59,289.0,4233.0,118.0,117.5,121.5,118.0
20170327,7.37,2383,台光電,1.54,8.28,18.64,119.0,6.7,86.1,4.99,-292.0,120.12,0.37,-8.0,86.55,45.38,1563.0,54.0,46.0,172.0,5981.0,119.0,118.5,124.0,119.5
20170328,2.4,2383,台光電,1.44,8.41,17.17,120.0,6.5,86.1,4.96,-96.0,120.11,0.33,-143.0,86.95,45.7,1009.0,58.08,41.92,170.0,3250.0,120.0,117.5,122.5,122.5
20170329,2.79,2383,台光電,1.41,8.33,16.93,121.5,6.5,86.1,4.94,-64.0,120.17,0.31,-57.0,87.26,45.88,603.0,59.39,40.61,198.0,2294.0,121.5,119.0,121.5,121.0
20170330,0.99,2383,台光電,1.29,8.55,15.06,120.0,6.2,86.1,4.87,-242.0,120.16,0.29,-66.0,87.69,46.12,741.0,36.28,63.72,248.0,3143.0,120.0,119.0,123.0,123.0
20170331,2.06,2383,台光電,1.1,8.61,12.76,118.0,5.4,86.1,4.71,-502.0,119.97,0.29,-10.0,88.11,46.12,18.0,30.92,69.08,653.0,3487.0,118.0,118.0,120.5,120.0
20170405,1.58,2383,台光電,1.08,8.38,12.93,120.0,6.1,86.1,4.66,-156.0,119.98,0.29,3.0,88.4,46.27,471.0,62.28,37.72,313.0,2089.0,120.0,117.0,120.0,118.5
20170406,7.62,2383,台光電,0.87,8.11,10.69,125.0,7.9,86.1,4.66,0.0,121.54,0.35,213.0,88.98,46.64,1185.0,75.19,24.81,222.0,4438.0,125.0,120.0,125.0,120.0
20170407,0.0,2383,台光電,0.0,7.99,0.0,124.0,7.0,86.82,4.72,192.0,121.62,0.24,-351.0,89.37,46.44,-533.0,56.67,43.33,344.0,4059.0,124.0,121.5,125.0,125.0
20170410,0.0,2383,台光電,0.0,8.06,0.0,120.0,4.9,86.92,4.6,-377.0,121.57,0.23,-54.0,89.73,46.59,474.0,22.89,77.11,269.0,3250.0,120.0,119.5,124.0,122.5
20170411,0.0,2383,台光電,0.0,7.92,0.0,117.0,4.5,86.92,4.53,-227.0,121.29,0.19,-105.0,89.98,46.74,456.0,37.21,62.79,156.0,2589.0,117.0,117.0,121.5,119.0
20170412,0.0,2383,台光電,0.0,8.07,0.0,117.0,4.9,86.92,4.51,-71.0,121.25,0.19,-10.0,90.13,46.72,-55.0,37.42,62.58,186.0,1292.0,117.0,115.5,118.0,117.0
20170413,2.0,2383,台光電,0.09,7.96,1.07,117.5,5.7,86.92,4.48,-100.0,120.89,0.19,-6.0,90.26,46.91,612.0,52.93,47.07,22.0,1152.0,117.5,116.5,119.5,116.5
20170414,3.62,2383,台光電,0.34,7.59,4.43,114.0,4.9,86.92,4.4,-246.0,120.75,0.16,-107.0,90.4,47.1,614.0,30.27,69.73,126.0,1932.0,114.0,113.0,117.0,117.0
20170417,1.94,2383,台光電,0.47,7.34,6.41,118.0,6.7,87.61,4.44,127.0,119.7,0.24,255.0,90.62,47.29,578.0,55.16,44.84,64.0,2417.0,118.0,113.0,119.5,114.5
20170418,3.03,2383,台光電,0.54,7.38,7.26,118.0,6.5,87.61,4.44,0.0,119.65,0.2,-108.0,90.78,47.35,153.0,60.7,39.3,142.0,1421.0,118.0,116.5,119.0,118.0
20170419,1.24,2383,台光電,0.55,7.46,7.41,115.5,5.4,87.67,4.36,-275.0,119.51,0.2,-10.0,90.96,47.52,565.0,33.09,66.91,84.0,1614.0,115.5,115.0,117.5,117.5
20170420,2.11,2383,台光電,0.6,7.54,7.92,116.0,6.3,87.67,4.18,-570.0,119.04,0.22,55.0,91.26,47.98,967.0,39.36,60.64,43.0,2084.0,116.0,114.0,117.0,115.5
20170421,2.88,2383,台光電,0.73,7.16,10.21,122.0,7.9,87.81,4.16,-58.0,119.98,0.29,241.0,91.69,48.44,1468.0,67.78,32.22,312.0,3813.0,122.0,116.5,122.0,116.5
20170424,2.93,2383,台光電,0.65,7.6,8.51,116.0,4.9,87.81,4.02,-456.0,119.79,0.24,-174.0,91.74,48.32,-604.0,25.98,74.02,181.0,2147.0,116.0,116.0,121.5,121.0
20170425,3.81,2383,台光電,0.84,7.92,10.62,116.0,5.9,88.43,4.0,-55.0,119.53,0.22,-70.0,91.89,48.07,-798.0,52.82,47.18,388.0,3521.0,116.0,113.0,117.0,116.5
20170426,1.58,2383,台光電,1.06,8.35,12.76,113.0,5.4,88.43,3.64,-1146.0,118.98,0.18,-117.0,92.06,48.09,55.0,28.27,71.73,335.0,5197.0,113.0,111.5,116.0,116.0
20170427,2.3,2383,台光電,1.01,8.55,11.76,111.5,4.4,88.43,3.54,-308.0,117.73,0.18,18.0,92.15,47.87,-862.0,27.69,72.31,203.0,2781.0,111.5,111.0,113.0,112.5
20170428,1.08,2383,台光電,1.12,8.18,13.76,120.5,7.0,90.19,3.69,463.0,119.3,0.36,549.0,92.66,48.29,1337.0,64.36,35.64,299.0,9332.0,120.5,114.0,121.5,114.5
20170502,0.49,2383,台光電,1.08,8.17,13.28,117.5,5.6,90.31,3.66,-77.0,119.15,0.29,-212.0,92.77,47.99,-250.0,45.66,54.34,263.0,4091.0,117.5,117.5,124.5,120.5
20170503,1.08,2383,台光電,1.11,8.25,13.46,119.0,5.6,90.6,3.58,-265.0,119.13,0.3,27.0,92.9,48.08,291.0,57.6,42.4,175.0,2975.0,119.0,118.0,121.5,118.0
20170504,0.21,2383,台光電,1.17,8.3,14.14,121.0,6.5,90.61,3.56,-55.0,119.42,0.32,83.0,93.12,48.28,605.0,60.71,39.29,130.0,2793.0,121.0,118.5,122.5,120.0
20170505,0.11,2383,台光電,1.18,8.35,14.12,121.0,6.1,90.94,3.6,124.0,119.46,0.29,-103.0,93.29,48.45,462.0,58.2,41.8,128.0,1864.0,121.0,120.0,122.5,122.0
20170508,1.17,2383,台光電,1.28,8.28,15.45,124.5,7.9,90.97,3.6,-23.0,120.54,0.35,170.0,93.67,48.85,1328.0,60.75,39.25,201.0,4192.0,124.5,121.5,126.5,122.5
20170509,0.05,2383,台光電,1.53,8.41,18.15,124.0,7.5,91.45,3.64,146.0,120.62,0.28,-213.0,94.18,49.09,615.0,44.45,55.55,161.0,4378.0,124.0,122.0,126.5,125.5
20170510,0.34,2383,台光電,1.59,8.54,18.6,122.5,5.3,91.82,3.67,89.0,120.93,0.3,73.0,94.51,49.19,43.0,44.43,55.57,185.0,2685.0,122.5,122.0,125.0,124.0
20170511,0.15,2383,台光電,1.6,8.86,18.05,123.0,6.6,91.82,3.65,-48.0,121.39,0.36,182.0,94.74,49.08,-299.0,56.35,43.65,273.0,3394.0,123.0,122.5,126.0,124.0
20170512,0.06,2383,台光電,1.6,8.69,18.41,121.5,4.9,91.82,3.62,-100.0,121.39,0.31,-169.0,94.94,49.37,904.0,39.53,60.47,71.0,1766.0,121.5,121.0,123.0,122.5
20170515,0.21,2383,台光電,1.64,8.93,18.39,124.0,6.6,92.2,3.62,-2.0,122.08,0.38,243.0,95.11,49.49,327.0,60.19,39.81,85.0,2907.0,124.0,121.5,126.0,121.5
20170516,0.58,2383,台光電,1.97,8.48,23.25,126.5,7.1,92.44,3.65,82.0,123.03,0.37,-40.0,96.08,50.12,1885.0,56.3,43.7,189.0,9034.0,126.5,124.5,130.0,125.5
20170517,0.65,2383,台光電,2.21,7.62,28.99,132.0,7.4,92.53,3.65,22.0,125.69,0.45,247.0,96.75,50.79,2242.0,59.0,41.0,663.0,6976.0,132.0,126.5,132.5,126.5
20170518,0.37,2383,台光電,2.24,7.99,28.0,132.0,6.5,92.56,3.66,2.0,126.91,0.45,26.0,96.94,50.77,-20.0,63.97,36.03,197.0,4008.0,132.0,129.0,133.0,129.0
20170519,0.33,2383,台光電,2.04,8.24,24.8,125.0,5.8,92.8,3.68,88.0,126.69,0.42,-119.0,97.04,50.58,-819.0,34.55,65.45,390.0,4261.0,125.0,125.0,134.0,132.5
20170522,0.1,2383,台光電,2.01,8.2,24.53,125.0,5.7,92.8,3.68,0.0,126.52,0.42,4.0,97.22,50.63,116.0,41.36,58.64,109.0,2070.0,125.0,123.0,126.0,125.5
20170523,0.04,2383,台光電,1.87,8.07,23.13,122.5,5.4,92.8,3.58,-334.0,126.42,0.4,-59.0,97.34,50.63,-49.0,29.57,70.43,282.0,2713.0,122.5,122.5,126.0,125.5
20170524,0.27,2383,台光電,1.88,8.01,23.47,124.0,5.7,92.8,3.58,0.0,126.24,0.41,36.0,97.53,50.63,298.0,41.25,58.75,157.0,1866.0,124.0,122.5,125.0,122.5
20170525,0.08,2383,台光電,1.83,8.15,22.43,124.0,4.8,92.8,3.54,-116.0,126.23,0.4,-50.0,97.62,50.44,-66.0,44.84,55.16,115.0,1287.0,124.0,123.0,125.5,125.0
20170526,0.0,2383,台光電,1.79,8.17,21.85,124.0,5.4,92.8,3.19,-1118.0,126.19,0.36,-100.0,97.86,50.79,1105.0,23.8,76.2,112.0,2348.0,124.0,121.5,124.0,124.0
20170531,0.04,2383,台光電,1.75,8.5,20.54,125.0,7.0,92.8,3.17,-80.0,126.08,0.4,99.0,98.1,50.93,466.0,62.97,37.03,383.0,2274.0,125.0,123.5,126.0,124.0
20170601,0.06,2383,台光電,1.72,8.81,19.5,123.5,4.9,92.8,3.14,-74.0,126.01,0.36,-103.0,98.23,51.03,302.0,23.8,76.2,128.0,1687.0,123.5,123.0,125.5,125.5
20170602,0.11,2383,台光電,1.71,8.85,19.33,124.0,5.4,92.8,3.12,-59.0,125.8,0.38,68.0,98.41,50.99,-123.0,33.59,66.41,145.0,1795.0,124.0,123.0,125.0,124.0
20170603,0.0,2383,台光電,1.68,9.0,18.64,122.5,4.4,92.8,2.94,-574.0,125.69,0.37,-45.0,98.41,50.99,0.0,22.18,77.82,55.0,1202.0,122.5,121.5,124.5,124.5
20170605,0.49,2383,台光電,1.64,8.88,18.47,126.0,7.9,92.82,2.83,-377.0,125.74,0.43,180.0,98.69,51.29,895.0,54.91,45.09,159.0,3253.0,126.0,122.5,126.5,122.5
20170606,0.11,2383,台光電,1.68,8.49,19.83,131.5,7.9,92.85,2.8,-84.0,127.2,0.49,194.0,99.05,51.68,1241.0,73.5,26.5,288.0,3596.0,131.5,125.5,131.5,127.5
20170607,0.09,2383,台光電,1.63,8.96,18.16,126.0,5.7,92.85,2.76,-138.0,127.18,0.41,-255.0,99.1,51.55,-409.0,36.24,63.76,164.0,2181.0,126.0,126.0,132.5,132.0
20170608,0.38,2383,台光電,1.46,8.57,16.98,131.0,7.9,92.88,2.75,-23.0,128.05,0.46,173.0,99.43,51.92,1089.0,62.8,37.2,186.0,3441.0,131.0,126.0,132.5,126.5
20170609,0.4,2383,台光電,1.48,8.62,17.14,130.0,6.6,93.2,2.75,12.0,128.16,0.33,-422.0,99.69,52.15,751.0,46.87,53.13,120.0,3261.0,130.0,130.0,134.5,130.5
20170612,0.35,2383,台光電,1.38,8.74,15.8,128.0,6.1,93.51,2.76,28.0,128.16,0.31,-66.0,99.79,52.19,-59.0,38.87,61.13,66.0,1152.0,128.0,127.0,129.0,128.5
20170613,0.23,2383,台光電,1.38,8.57,16.14,129.0,6.2,93.51,2.76,0.0,128.24,0.33,58.0,100.0,52.41,634.0,47.66,52.34,117.0,1739.0,129.0,128.0,131.5,128.5
20170614,0.43,2383,台光電,1.4,8.08,17.34,130.0,7.9,93.66,2.77,38.0,128.39,0.28,-140.0,100.53,52.74,1052.0,48.45,51.55,132.0,4201.0,130.0,126.5,133.0,131.0
20170615,0.97,2383,台光電,1.38,8.28,16.66,128.5,5.4,94.07,2.81,104.0,128.41,0.29,8.0,100.76,52.98,580.0,49.94,50.06,110.0,4106.0,128.5,127.0,133.5,130.0
20170616,0.07,2383,台光電,1.19,8.28,14.37,130.5,6.1,94.07,2.74,-220.0,128.74,0.31,76.0,100.87,52.99,193.0,53.08,46.92,166.0,1497.0,130.5,128.0,130.5,129.0
20170619,0.25,2383,台光電,1.18,8.16,14.5,131.0,6.5,94.2,2.73,-8.0,129.04,0.33,59.0,100.95,52.97,179.0,52.6,47.4,66.0,1216.0,131.0,129.5,132.0,130.5
20170620,0.28,2383,台光電,1.15,7.94,14.49,133.0,7.9,94.2,2.73,0.0,129.93,0.38,164.0,101.16,53.17,657.0,56.86,43.14,119.0,3247.0,133.0,132.0,136.0,132.5
20170621,0.43,2383,台光電,1.06,7.83,13.5,134.0,6.9,94.2,2.72,-40.0,130.02,0.34,-127.0,101.28,53.3,341.0,50.44,49.56,173.0,1157.0,134.0,131.5,134.0,133.0
20170622,0.2,2383,台光電,1.18,7.7,15.27,136.5,7.9,94.2,2.72,0.0,131.51,0.42,251.0,101.53,53.48,615.0,64.68,35.32,154.0,3042.0,136.5,134.0,137.5,134.5
20170623,0.2,2383,台光電,1.19,7.67,15.46,136.0,6.5,94.32,2.73,25.0,131.69,0.35,-233.0,101.69,53.62,302.0,55.42,44.58,116.0,1505.0,136.0,135.5,139.0,137.5
20170626,0.09,2383,台光電,1.16,7.64,15.16,138.0,7.4,94.57,2.73,-5.0,133.11,0.43,265.0,101.84,53.72,519.0,61.71,38.29,138.0,2172.0,138.0,136.0,139.5,136.0
20170627,0.14,2383,台光電,1.14,7.68,14.8,137.0,6.1,94.84,2.74,54.0,133.19,0.39,-137.0,101.95,53.77,145.0,39.78,60.22,41.0,1384.0,137.0,136.0,139.0,138.5
20170628,0.07,2383,台光電,1.06,7.8,13.53,134.5,6.3,95.13,2.71,-108.0,133.22,0.28,-336.0,102.11,53.79,60.0,28.07,71.93,117.0,2750.0,134.5,132.5,137.5,137.5
20170629,0.53,2383,台光電,1.32,7.65,17.24,141.5,7.9,95.66,2.74,101.0,136.98,0.42,460.0,102.56,54.26,1543.0,57.44,42.56,162.0,6578.0,141.5,137.0,144.5,137.5
20170630,0.92,2383,台光電,1.57,7.5,20.98,147.5,7.4,97.28,2.83,281.0,139.65,0.38,-149.0,103.05,54.59,969.0,56.8,43.2,350.0,5737.0,147.5,139.5,147.5,140.5
20170703,0.05,2383,台光電,1.48,6.89,21.5,143.5,6.1,97.28,2.8,-101.0,140.47,0.44,208.0,103.17,54.4,-508.0,29.79,70.21,192.0,2192.0,143.5,143.5,146.5,146.5
20170704,0.05,2383,台光電,1.27,6.97,18.22,141.0,5.3,97.49,2.79,-40.0,140.5,0.45,39.0,103.29,54.28,-386.0,44.63,55.37,152.0,2091.0,141.0,140.5,143.5,142.5
20170705,0.29,2383,台光電,1.25,6.91,18.15,143.0,6.1,97.54,2.74,-138.0,140.73,0.45,-20.0,103.47,54.3,189.0,60.26,39.74,237.0,2074.0,143.0,138.0,143.0,140.5
20170706,0.09,2383,台光電,1.19,6.95,17.18,142.5,6.2,98.01,2.76,63.0,140.82,0.45,14.0,103.75,54.23,-351.0,44.92,55.08,135.0,2136.0,142.5,140.0,143.5,143.0
20170707,0.05,2383,台光電,1.19,6.24,19.1,141.0,4.4,98.01,2.76,-3.0,140.83,0.47,42.0,103.99,54.19,45.0,34.24,65.76,119.0,1946.0,141.0,141.0,144.0,142.0
20170710,0.34,2383,台光電,1.18,6.29,18.69,142.5,5.2,98.01,2.75,-42.0,140.99,0.49,88.0,104.11,54.16,-78.0,57.4,42.6,60.0,1171.0,142.5,140.0,142.5,141.0
20170711,0.05,2383,台光電,1.03,6.31,16.32,140.0,5.4,98.15,2.74,-44.0,140.96,0.48,-37.0,104.25,54.2,118.0,28.11,71.89,191.0,1885.0,140.0,140.0,143.5,142.5
20170712,0.11,2383,台光電,1.06,6.28,16.86,143.5,7.0,98.15,2.72,-64.0,141.21,0.51,93.0,104.5,54.38,614.0,47.16,52.84,117.0,1896.0,143.5,140.5,143.5,140.5
20170713,0.32,2383,台光電,1.2,6.19,19.35,149.0,7.1,98.15,2.71,-26.0,142.46,0.56,169.0,105.0,54.63,801.0,51.33,48.67,202.0,4984.0,149.0,144.5,154.0,144.5
20170714,0.04,2383,台光電,1.07,6.38,16.84,148.5,6.5,98.15,2.7,-19.0,142.56,0.5,-210.0,105.29,54.67,121.0,45.94,54.06,191.0,2446.0,148.5,147.5,152.0,150.0
20170717,0.07,2383,台光電,1.0,6.35,15.79,147.0,5.3,98.24,2.71,15.0,142.64,0.5,0.0,105.65,54.51,-536.0,48.71,51.29,140.0,2785.0,147.0,146.0,150.0,150.0
20170718,0.16,2383,台光電,1.01,6.15,16.42,150.0,6.9,98.24,2.7,-10.0,143.57,0.56,200.0,105.92,54.56,157.0,63.76,36.24,268.0,2496.0,150.0,147.5,151.0,148.0
20170719,0.09,2383,台光電,0.98,5.99,16.42,152.0,7.9,98.24,2.7,0.0,144.3,0.55,-28.0,106.21,54.41,-518.0,58.22,41.78,163.0,3329.0,152.0,149.0,154.0,150.5
20170720,0.05,2383,台光電,0.93,6.09,15.3,149.0,5.3,98.24,2.69,-48.0,144.35,0.51,-131.0,106.36,54.27,-454.0,23.49,76.51,252.0,1906.0,149.0,149.0,153.0,153.0
20170721,0.03,2383,台光電,0.88,6.23,14.13,146.5,4.9,98.24,2.69,0.0,144.39,0.5,-40.0,106.67,54.11,-482.0,26.31,73.69,130.0,2895.0,146.5,146.0,148.5,148.0
20170724,0.08,2383,台光電,0.86,6.28,13.68,146.5,4.4,98.24,2.68,-39.0,144.48,0.52,60.0,106.79,54.09,-70.0,40.24,59.76,99.0,1189.0,146.5,145.5,148.0,146.5
20170725,0.04,2383,台光電,0.83,6.54,12.65,147.5,5.7,98.24,2.67,-30.0,144.75,0.55,116.0,107.09,54.03,-273.0,44.05,55.95,67.0,2540.0,147.5,146.0,150.5,147.5
20170726,0.04,2383,台光電,0.78,6.63,11.84,145.5,4.4,98.24,2.63,-101.0,144.78,0.54,-55.0,107.44,53.94,-247.0,40.13,59.87,129.0,2496.0,145.5,145.5,148.0,148.0
20170727,0.07,2383,台光電,0.77,6.81,11.27,146.5,5.2,98.24,2.58,-164.0,144.89,0.57,98.0,107.83,53.78,-434.0,50.58,49.42,78.0,2878.0,146.5,144.0,146.5,146.0
20170728,0.27,2383,台光電,0.65,6.68,9.7,150.0,7.4,98.24,2.58,0.0,145.64,0.59,81.0,108.48,53.97,624.0,61.74,38.26,257.0,5538.0,150.0,147.0,151.5,147.5
20170731,0.12,2383,台光電,0.6,6.76,8.88,149.5,6.4,98.24,2.57,-49.0,145.83,0.57,-84.0,108.66,53.94,-104.0,38.41,61.59,138.0,1733.0,149.5,148.0,151.5,151.0
20170801,0.26,2383,台光電,0.51,6.85,7.5,150.0,6.9,98.24,2.57,-3.0,146.3,0.61,151.0,108.85,53.85,-328.0,67.1,32.9,214.0,2314.0,150.0,149.5,152.5,150.0
20170802,0.1,2383,台光電,0.47,6.8,6.95,152.0,6.4,98.4,2.56,-19.0,146.75,0.51,-347.0,109.06,53.92,386.0,47.83,52.17,146.0,2015.0,152.0,149.5,152.0,151.0
20170803,0.0,2383,台光電,0.42,6.42,6.6,153.5,7.7,98.4,2.55,-30.0,147.75,0.52,59.0,109.38,54.07,462.0,67.88,32.12,150.0,2534.0,153.5,150.5,155.0,152.0
20170804,0.0,2383,台光電,0.03,6.27,0.44,153.0,7.3,99.81,2.6,159.0,148.01,0.47,-165.0,109.46,54.0,-203.0,41.16,58.84,123.0,1912.0,153.0,152.0,155.0,155.0
20170807,0.0,2383,台光電,0.0,5.89,0.0,154.5,8.7,100.87,2.64,113.0,148.84,0.5,102.0,109.69,54.07,230.0,59.13,40.87,97.0,2512.0,154.5,153.0,157.5,154.0
20170808,0.0,2383,台光電,0.0,6.19,0.0,152.0,6.5,100.93,2.64,4.0,148.91,0.45,-180.0,109.81,53.93,-377.0,45.3,54.7,171.0,2062.0,152.0,152.0,156.0,155.0
20170809,0.0,2383,台光電,0.0,6.56,0.0,143.5,5.9,101.43,2.64,5.0,147.76,0.49,120.0,110.01,53.58,-1099.0,31.72,68.28,440.0,4594.0,143.5,142.0,150.0,150.0
20170810,1.2,2383,台光電,0.16,6.97,2.35,133.0,5.3,96.97,2.63,-25.0,142.27,0.33,-489.0,105.59,53.33,-811.0,40.67,59.28,188.0,4487.0,133.0,133.0,140.5,140.0
20170811,1.94,2383,台光電,0.37,6.91,5.41,138.5,5.6,98.55,2.7,231.0,141.23,0.41,240.0,105.84,53.35,79.0,61.36,38.52,161.0,3348.0,138.5,131.5,141.0,133.0
20170814,0.1,2383,台光電,0.52,6.64,7.89,140.0,5.2,98.91,2.73,73.0,141.06,0.36,-146.0,106.19,53.65,950.0,51.4,48.6,96.0,3015.0,140.0,138.5,142.0,139.0
20170815,0.95,2383,台光電,0.56,6.79,8.27,140.0,5.2,99.17,2.7,-92.0,141.04,0.33,-107.0,106.35,53.77,362.0,45.73,54.27,87.0,1580.0,140.0,138.5,142.5,141.5
20170816,0.37,2383,台光電,0.6,6.78,8.8,139.5,5.3,99.35,2.71,39.0,140.91,0.34,53.0,106.51,53.9,226.0,48.66,51.34,44.0,1345.0,139.5,138.0,142.0,140.5
20170817,0.12,2383,台光電,0.84,6.64,12.6,148.5,7.9,102.34,2.89,560.0,143.45,0.44,312.0,107.16,54.19,804.0,73.67,26.33,212.0,4829.0,148.5,141.5,148.5,141.5
20170818,0.17,2383,台光電,1.1,6.21,17.66,153.0,8.3,103.06,2.85,-116.0,146.1,0.38,-214.0,108.13,54.97,2378.0,51.97,48.03,167.0,5409.0,153.0,143.5,154.0,147.0
20170821,0.41,2383,台光電,1.44,5.88,24.51,164.5,7.9,104.07,2.89,128.0,152.6,0.42,149.0,109.18,55.54,1816.0,66.72,33.28,170.0,6361.0,164.5,152.5,167.5,154.5
20170822,0.1,2383,台光電,1.33,6.04,21.97,158.5,5.3,104.09,2.87,-54.0,152.94,0.31,-370.0,109.6,55.42,-271.0,44.71,55.29,168.0,3898.0,158.5,158.5,165.0,163.5
20170823,0.3,2383,台光電,1.22,5.84,20.95,159.0,6.5,104.22,2.87,-12.0,153.39,0.28,-86.0,109.97,55.52,322.0,61.76,38.24,78.0,2710.0,159.0,158.0,163.5,159.5
20170824,0.27,2383,台光電,1.23,5.91,20.84,160.0,6.5,104.29,2.87,-4.0,154.04,0.28,-5.0,110.13,55.44,-229.0,54.29,45.71,145.0,1861.0,160.0,157.5,161.0,159.0
20170825,0.46,2383,台光電,0.94,5.62,16.66,156.5,6.3,104.64,2.87,12.0,154.11,0.25,-100.0,110.47,55.63,686.0,38.48,61.52,125.0,4127.0,156.5,153.5,158.0,157.5
20170828,0.22,2383,台光電,0.87,5.7,15.34,155.5,4.0,105.51,2.92,159.0,154.4,0.28,109.0,110.55,55.49,-441.0,58.27,41.73,78.0,1821.0,155.5,155.5,160.5,156.5
20170829,0.05,2383,台光電,0.86,5.83,14.68,154.5,4.9,105.51,2.92,0.0,154.4,0.25,-102.0,110.83,55.5,22.0,45.98,54.02,118.0,1834.0,154.5,153.5,156.5,156.5
20170830,0.0,2383,台光電,0.74,6.04,12.27,153.0,4.9,105.51,2.9,-62.0,154.26,0.25,15.0,111.0,55.31,-553.0,34.11,65.89,101.0,1896.0,153.0,152.5,155.5,155.0
20170831,0.16,2383,台光電,0.74,6.22,11.93,152.0,5.3,105.51,2.9,0.0,154.06,0.24,-50.0,111.18,55.26,-175.0,36.76,63.24,222.0,1930.0,152.0,151.5,154.5,154.0
20170901,0.91,2383,台光電,0.71,6.43,11.08,149.0,5.4,105.53,2.56,-1087.0,153.23,0.27,98.0,111.67,55.21,-63.0,47.37,52.63,148.0,4525.0,149.0,146.5,150.5,148.0
20170904,0.09,2383,台光電,0.52,7.48,7.01,137.5,5.4,105.85,2.48,-256.0,149.11,0.32,168.0,112.07,53.8,-4581.0,33.61,66.39,341.0,10200.0,137.5,136.0,147.0,146.5
20170905,0.7,2383,台光電,0.58,7.84,7.34,142.0,5.7,105.85,2.41,-232.0,146.75,0.43,339.0,112.34,53.43,-1272.0,52.65,47.35,274.0,5739.0,142.0,133.0,142.0,136.5
20170906,0.16,2383,台光電,0.57,8.11,6.97,141.5,5.2,106.15,2.37,-113.0,146.65,0.39,-115.0,112.59,53.44,14.0,54.48,45.52,377.0,3088.0,141.5,138.5,141.5,141.0
20170907,0.28,2383,台光電,0.56,8.22,6.8,136.5,4.9,106.53,2.3,-213.0,146.48,0.36,-84.0,112.77,53.33,-346.0,30.23,69.77,183.0,3213.0,136.5,136.0,141.0,141.0
20170908,0.49,2383,台光電,0.45,8.35,5.34,135.0,4.4,106.72,2.28,-54.0,145.86,0.37,26.0,112.89,53.03,-862.0,48.37,51.63,210.0,2848.0,135.0,134.0,138.0,134.5
20170911,0.2,2383,台光電,0.43,8.51,5.09,135.5,5.3,107.43,2.3,67.0,144.72,0.4,76.0,113.05,52.87,-507.0,47.49,52.51,163.0,3024.0,135.5,135.5,139.0,137.5
20170912,0.1,2383,台光電,0.45,8.32,5.36,139.5,6.6,108.88,2.4,315.0,143.67,0.46,223.0,113.17,52.7,-734.0,70.79,29.21,65.0,3074.0,139.5,137.0,140.5,138.0
20170913,0.19,2383,台光電,0.5,8.1,6.2,139.5,5.6,109.26,2.43,93.0,143.37,0.45,-52.0,113.31,52.75,217.0,62.72,37.28,139.0,2104.0,139.5,139.0,142.5,141.0
20170914,0.07,2383,台光電,0.48,8.11,5.97,139.0,6.0,109.43,2.45,44.0,143.11,0.43,-75.0,113.47,52.81,-15.0,52.61,47.39,100.0,1476.0,139.0,138.5,141.0,140.5
20170915,0.0,2383,台光電,0.44,7.95,5.59,142.0,6.5,109.88,2.48,110.0,143.0,0.45,70.0,113.76,52.99,525.0,73.07,26.93,695.0,2504.0,142.0,139.0,142.0,140.0
20170918,0.76,2383,台光電,0.43,8.04,5.34,140.5,6.1,109.88,2.47,-31.0,142.73,0.47,74.0,113.93,52.98,-117.0,41.18,58.82,167.0,1973.0,140.5,140.5,143.5,142.5
20170919,0.27,2383,台光電,0.42,7.96,5.27,138.5,5.3,110.02,2.48,39.0,142.52,0.47,-8.0,114.09,53.18,605.0,46.49,53.51,91.0,1855.0,138.5,138.5,142.0,141.0
20170920,0.04,2383,台光電,0.44,7.84,5.55,139.5,7.1,110.13,2.48,0.0,142.19,0.47,11.0,114.34,53.5,1131.0,52.09,47.91,93.0,2323.0,139.5,137.5,141.5,139.0
20170921,0.13,2383,台光電,0.49,7.76,6.37,145.5,7.9,110.61,2.52,109.0,143.12,0.6,413.0,114.57,53.65,428.0,76.58,23.42,301.0,3965.0,145.5,140.5,145.5,140.5
20170922,0.05,2383,台光電,0.5,7.75,6.49,141.5,4.9,110.7,2.52,25.0,143.02,0.52,-260.0,114.74,53.84,588.0,32.73,67.27,180.0,2204.0,141.5,141.5,145.5,145.5
20170925,0.05,2383,台光電,0.5,7.54,6.65,137.5,4.5,110.72,2.47,-176.0,142.72,0.45,-234.0,114.86,53.93,291.0,24.84,75.16,148.0,2203.0,137.5,137.5,142.0,142.0
20170926,0.11,2383,台光電,0.52,7.59,6.82,136.5,4.9,111.27,2.51,130.0,142.33,0.38,-220.0,114.96,53.99,215.0,49.53,50.47,106.0,1814.0,136.5,136.5,141.0,139.0
20170927,0.4,2383,台光電,0.51,7.41,6.88,139.5,6.1,111.57,2.54,85.0,141.95,0.42,133.0,115.05,54.1,161.0,62.82,37.18,72.0,1236.0,139.5,137.0,141.0,138.0
20170928,0.0,2383,台光電,0.49,7.34,6.67,141.5,7.0,111.59,2.54,5.0,141.87,0.46,131.0,115.18,54.2,304.0,59.06,40.94,78.0,1778.0,141.5,140.0,143.0,140.0
20170929,0.45,2383,台光電,0.53,7.32,7.19,144.0,8.3,111.62,2.54,9.0,142.26,0.48,80.0,115.32,54.31,441.0,60.51,39.49,262.0,2214.0,144.0,142.0,146.0,142.0
20170930,0.34,2383,台光電,0.52,7.42,7.0,144.0,6.9,111.73,2.55,27.0,142.28,0.45,-117.0,115.34,54.32,-58.0,52.77,47.23,50.0,582.0,144.0,143.5,146.0,146.0
20171002,0.26,2383,台光電,0.67,7.17,9.28,149.0,7.9,112.87,2.63,258.0,145.35,0.74,946.0,115.55,54.3,-79.0,68.54,31.46,165.0,4179.0,149.0,144.0,151.0,144.5
20171003,0.0,2383,台光電,0.66,7.13,9.22,147.0,6.9,112.9,2.62,-23.0,145.41,0.67,-238.0,115.69,54.43,138.0,36.33,63.67,69.0,1300.0,147.0,147.0,150.5,150.0
20171005,0.0,2383,台光電,0.59,7.68,7.69,141.5,5.9,112.95,2.45,-539.0,145.08,0.54,-426.0,115.82,54.31,-352.0,22.71,77.29,292.0,3514.0,141.5,141.5,146.0,146.0
20171006,0.16,2383,台光電,0.51,8.01,6.36,134.5,5.0,113.0,2.21,-767.0,143.75,0.37,-544.0,116.02,54.09,-813.0,18.73,81.27,220.0,7460.0,134.5,132.5,138.5,138.5
20171011,0.17,2383,台光電,0.63,8.26,7.59,133.0,4.4,113.01,2.21,-13.0,143.15,0.32,-137.0,116.23,54.25,605.0,37.43,62.57,312.0,3617.0,133.0,132.0,136.5,134.5
20171012,0.09,2383,台光電,0.55,8.4,6.51,135.0,5.2,113.02,2.2,-19.0,142.34,0.34,57.0,116.33,53.95,-443.0,49.09,50.91,135.0,2321.0,135.0,132.5,135.5,133.5
20171013,0.1,2383,台光電,0.54,8.28,6.47,137.5,5.6,113.03,2.2,-3.0,142.31,0.32,-70.0,116.5,54.04,544.0,56.52,43.48,215.0,1978.0,137.5,134.0,137.5,134.5
20171016,0.05,2383,台光電,0.59,8.37,7.04,137.5,6.2,113.05,2.14,-201.0,141.76,0.34,65.0,116.83,54.27,782.0,44.29,55.71,204.0,4384.0,137.5,133.5,139.5,137.0
20171017,0.05,2383,台光電,0.65,8.71,7.52,133.0,4.9,113.06,2.0,-450.0,140.54,0.31,-107.0,116.86,54.2,-261.0,29.93,70.07,161.0,2162.0,133.0,132.5,138.5,137.5
20171018,0.44,2383,台光電,0.59,8.62,6.9,132.5,4.9,113.07,1.99,-38.0,140.09,0.31,13.0,116.91,54.13,-224.0,35.58,64.42,127.0,1605.0,132.5,132.0,134.5,133.0
20171019,0.62,2383,台光電,0.64,8.75,7.3,130.0,6.2,113.1,1.91,-239.0,139.73,0.27,-123.0,116.99,54.2,207.0,34.34,65.66,190.0,3230.0,130.0,127.0,132.0,132.0
20171020,0.15,2383,台光電,0.55,8.82,6.27,125.0,5.4,113.18,1.8,-353.0,138.27,0.19,-264.0,117.09,54.24,29.0,23.74,76.26,589.0,5247.0,125.0,124.5,129.5,128.5
20171023,0.26,2383,台光電,0.54,8.84,6.1,124.5,4.9,113.32,1.77,-91.0,135.53,0.22,84.0,117.14,54.03,-668.0,41.03,58.97,182.0,3399.0,124.5,124.0,129.0,126.0
20171024,0.08,2383,台光電,0.5,8.77,5.68,128.0,5.6,113.68,1.82,142.0,134.17,0.24,81.0,117.19,53.98,-108.0,61.81,38.19,153.0,2515.0,128.0,125.0,129.0,125.0
20171025,0.21,2383,台光電,0.4,9.12,4.34,125.0,4.4,113.72,1.81,-15.0,133.09,0.24,6.0,117.2,53.68,-955.0,36.0,64.0,223.0,1880.0,125.0,125.0,129.0,127.0
20171026,0.39,2383,台光電,0.38,9.03,4.16,128.0,6.0,113.72,1.81,0.0,132.9,0.24,-20.0,117.22,53.54,-526.0,75.91,24.09,115.0,1546.0,128.0,124.5,128.5,125.0
20171027,0.0,2383,台光電,0.46,9.0,5.11,125.0,4.9,113.72,1.8,-36.0,132.64,0.22,-60.0,117.23,53.44,-360.0,43.54,56.46,80.0,1706.0,125.0,125.0,128.0,127.0
20171030,0.33,2383,台光電,0.53,9.14,5.79,117.5,6.6,113.74,1.72,-267.0,121.4,0.06,-519.0,117.24,53.97,1688.0,28.94,71.06,174.0,7617.0,117.5,112.5,126.5,125.0
20171031,0.13,2383,台光電,0.56,9.15,6.17,120.0,5.6,113.74,1.67,-173.0,120.36,0.11,172.0,117.26,54.06,341.0,45.61,54.39,155.0,2968.0,120.0,119.0,123.0,119.5
20171101,0.3,2383,台光電,0.66,9.26,7.13,120.0,6.1,113.74,1.65,-49.0,120.19,0.1,-16.0,117.28,54.04,-64.0,45.64,54.36,146.0,3337.0,120.0,116.5,122.0,119.5
20171102,0.07,2383,台光電,0.73,9.89,7.34,114.0,5.8,113.74,1.55,-333.0,117.74,0.08,-90.0,117.26,53.6,-1416.0,25.97,74.03,190.0,4590.0,114.0,113.0,119.0,119.0
20171103,0.08,2383,台光電,0.57,10.04,5.71,115.0,4.8,113.74,1.49,-179.0,116.33,0.11,125.0,117.24,53.6,79.0,36.22,63.78,143.0,3554.0,115.0,113.0,117.0,114.5
20171106,0.18,2383,台光電,0.53,9.98,5.33,117.0,6.0,113.82,1.52,89.0,116.64,0.2,258.0,117.23,53.77,546.0,48.91,51.09,70.0,2704.0,117.0,115.0,118.0,115.0
20171107,0.09,2383,台光電,0.45,10.07,4.46,117.0,5.6,113.86,1.49,-84.0,116.67,0.2,12.0,117.23,53.65,-328.0,31.24,68.76,172.0,2163.0,117.0,116.5,119.0,119.0
20171108,0.06,2383,台光電,0.5,10.61,4.72,113.0,5.4,113.86,1.45,-120.0,115.95,0.23,103.0,117.21,53.19,-1477.0,31.93,68.07,291.0,3597.0,113.0,113.0,117.5,117.0
20171109,0.04,2383,台光電,0.51,10.5,4.88,115.0,5.6,113.86,1.44,-34.0,115.77,0.25,64.0,117.19,53.33,449.0,43.09,56.91,215.0,2424.0,115.0,113.0,115.5,113.0
20171110,0.09,2383,台光電,0.46,10.72,4.27,113.5,4.4,113.86,1.45,30.0,115.59,0.27,51.0,117.18,53.2,-414.0,35.47,64.53,92.0,1053.0,113.5,113.0,115.0,114.5
20171113,0.15,2383,台光電,0.41,10.23,3.98,110.0,5.0,113.82,1.42,-93.0,114.67,0.27,21.0,117.11,53.15,146.0,32.42,67.58,127.0,3267.0,110.0,109.0,114.0,113.5
20171114,0.15,2383,台光電,0.47,10.23,4.58,115.0,6.6,113.84,1.44,51.0,114.82,0.45,548.0,117.1,53.02,-426.0,64.41,35.59,224.0,3392.0,115.0,109.5,116.0,109.5
20171115,0.06,2383,台光電,0.42,10.33,4.07,113.5,5.6,113.82,1.48,124.0,114.76,0.42,-83.0,117.09,52.9,-378.0,47.94,52.06,116.0,1705.0,113.5,112.0,114.5,114.0
20171116,0.44,2383,台光電,0.35,10.29,3.39,113.0,5.3,113.82,1.48,1.0,114.71,0.42,-3.0,117.08,52.84,-243.0,42.51,57.49,142.0,1142.0,113.0,112.5,114.5,112.5
20171117,0.06,2383,台光電,0.39,10.3,3.76,117.5,6.6,113.82,1.47,-21.0,115.76,0.59,561.0,117.08,52.94,205.0,62.27,37.73,149.0,3242.0,117.5,113.5,118.0,113.5
20171120,0.19,2383,台光電,0.4,10.33,3.83,119.5,6.9,113.87,1.45,-71.0,116.3,0.62,96.0,117.09,52.91,-126.0,59.1,40.9,107.0,2154.0,119.5,118.0,120.5,118.0
20171121,0.17,2383,台光電,0.4,10.45,3.83,116.5,6.3,114.03,1.53,253.0,116.31,0.6,-77.0,117.09,52.62,-1085.0,45.59,54.41,170.0,2412.0,116.5,116.0,120.0,120.0
20171122,0.14,2383,台光電,0.38,10.24,3.74,116.5,4.8,114.04,1.51,-72.0,116.32,0.61,31.0,117.09,52.64,64.0,44.43,55.57,132.0,1410.0,116.5,116.0,119.0,117.0
20171123,0.08,2383,台光電,0.4,10.17,3.94,119.0,6.4,114.06,1.5,-7.0,116.49,0.64,106.0,117.09,52.66,-27.0,67.75,32.25,62.0,1326.0,119.0,116.5,119.5,116.5
20171124,0.25,2383,台光電,0.43,10.62,4.03,113.5,4.6,114.06,1.43,-232.0,116.33,0.56,-251.0,117.08,52.06,-2065.0,31.02,68.98,207.0,3971.0,113.5,112.5,118.5,118.0
20171127,0.24,2383,台光電,0.42,10.38,4.0,114.5,4.0,114.06,1.42,-29.0,116.26,0.56,-28.0,117.07,52.14,266.0,60.7,39.3,75.0,1267.0,114.5,112.5,115.0,113.5
20171128,0.0,2383,台光電,0.42,9.42,4.45,115.5,5.3,114.06,1.42,0.0,116.23,0.57,39.0,117.06,52.29,504.0,54.26,45.74,64.0,1843.0,115.5,113.5,116.5,114.5
20171129,0.03,2383,台光電,0.42,9.23,4.52,117.5,6.5,114.1,1.44,47.0,116.39,0.57,11.0,117.07,52.41,367.0,58.96,41.04,89.0,2995.0,117.5,115.5,118.0,116.5
20171130,0.03,2383,台光電,0.37,9.4,3.94,114.0,4.1,114.1,1.32,-385.0,116.24,0.55,-84.0,117.04,52.5,94.0,30.64,69.36,493.0,3017.0,114.0,113.5,118.0,117.5
20171201,0.0,2383,台光電,0.34,9.63,3.5,109.0,5.0,114.1,1.32,0.0,115.83,0.42,-413.0,116.95,52.22,-967.0,37.62,62.38,434.0,4824.0,109.0,109.0,115.5,115.0
20171204,0.03,2383,台光電,0.38,9.18,4.1,111.0,4.4,114.1,1.24,-253.0,115.38,0.44,71.0,116.84,52.34,364.0,53.02,46.91,84.0,3644.0,111.0,108.0,111.5,109.5
20171205,0.04,2383,台光電,0.39,9.18,4.25,108.5,4.0,114.02,1.15,-292.0,115.06,0.41,-74.0,116.78,52.39,89.0,34.85,65.15,67.0,2315.0,108.5,108.0,112.5,111.0
20171206,0.15,2383,台光電,0.81,9.26,8.74,97.7,5.0,114.02,1.11,-104.0,112.81,0.34,-240.0,116.58,52.25,-551.0,20.51,79.49,11.0,7344.0,97.7,97.7,106.0,106.0
20171207,0.03,2383,台光電,0.46,8.49,5.38,98.3,5.3,113.88,0.98,-436.0,111.38,0.34,-14.0,116.07,52.61,1287.0,47.52,52.48,175.0,6962.0,98.3,95.0,98.8,96.5
20171208,0.27,2383,台光電,0.37,8.9,4.2,96.2,4.5,113.88,0.92,-193.0,110.24,0.27,-194.0,115.61,52.65,157.0,39.07,60.93,186.0,6711.0,96.2,94.5,98.5,98.5
20171211,0.08,2383,台光電,0.4,9.42,4.28,94.0,4.0,113.85,0.87,-161.0,108.69,0.27,-26.0,115.19,52.08,-1836.0,49.31,50.67,486.0,6525.0,94.0,94.0,96.3,96.2
20171212,0.25,2383,台光電,0.37,9.88,3.75,91.5,4.0,113.71,0.79,-252.0,105.98,0.27,-5.0,114.87,51.55,-1695.0,41.27,58.57,376.0,6334.0,91.5,91.5,95.7,93.4
20171213,0.45,2383,台光電,0.37,9.8,3.82,92.7,4.4,113.44,0.77,-69.0,105.45,0.25,-44.0,114.62,51.47,-270.0,51.77,48.23,174.0,4671.0,92.7,91.5,95.2,91.5
20171214,0.11,2383,台光電,0.31,9.84,3.18,94.0,5.2,113.18,0.78,34.0,103.02,0.29,122.0,114.18,51.34,-431.0,57.34,42.66,284.0,5465.0,94.0,92.0,94.9,93.3
20171215,0.1,2383,台光電,0.32,9.35,3.4,94.3,5.6,112.95,0.79,30.0,102.65,0.25,-125.0,113.91,51.27,-62.0,49.82,50.18,212.0,3817.0,94.3,93.0,95.3,94.7
20171218,0.2,2383,台光電,0.31,9.72,3.19,94.5,6.0,112.51,0.81,61.0,101.91,0.26,15.0,113.72,50.94,-1040.0,50.04,49.96,184.0,3476.0,94.5,94.3,96.0,94.4
20171219,0.1,2383,台光電,0.33,9.69,3.42,94.5,5.6,112.51,0.81,0.0,101.82,0.22,-111.0,113.55,51.02,249.0,38.51,61.49,78.0,2877.0,94.5,94.2,95.3,95.0
20171220,0.2,2383,台光電,0.5,8.67,5.79,103.5,7.0,112.51,0.81,0.0,102.71,0.39,554.0,113.35,51.62,1983.0,64.89,35.11,70.0,9467.0,103.5,95.2,103.5,95.3
20171221,0.06,2383,台光電,0.38,9.09,4.21,100.5,6.6,112.51,0.81,0.0,102.28,0.43,122.0,113.26,50.7,-2962.0,53.63,46.37,361.0,7991.0,100.5,99.5,103.5,103.5
20171222,0.23,2383,台光電,0.34,9.22,3.69,98.1,4.8,112.46,0.81,8.0,102.25,0.41,-60.0,113.19,50.28,-1086.0,38.8,61.2,226.0,3429.0,98.1,98.0,100.5,100.5
20171225,0.05,2383,台光電,0.34,9.26,3.65,96.6,5.2,112.07,0.83,66.0,102.23,0.4,-28.0,113.17,50.08,-632.0,26.63,73.37,68.0,1909.0,96.6,96.1,99.3,97.3
20171226,0.21,2383,台光電,0.34,9.12,3.76,92.4,4.5,111.97,0.83,13.0,101.62,0.36,-150.0,113.12,50.09,-69.0,16.57,83.43,180.0,2862.0,92.4,92.4,96.9,96.6
20171227,0.1,2383,台光電,0.37,8.73,4.26,94.9,5.2,111.97,0.83,0.0,101.37,0.35,-19.0,113.0,50.35,834.0,36.71,63.29,57.0,2063.0,94.9,92.7,95.4,92.7
20171228,0.08,2383,台光電,0.36,8.97,4.05,97.0,6.6,111.78,0.84,34.0,100.42,0.4,163.0,112.93,50.13,-285.0,41.22,58.78,139.0,3777.0,97.0,96.4,101.5,97.0
20171229,0.2,2383,台光電,0.43,8.83,4.82,101.5,7.4,111.41,0.88,100.0,100.68,0.42,44.0,112.83,50.4,860.0,63.53,36.47,166.0,4001.0,101.5,97.3,101.5,97.3
20180102,0.09,2383,台光電,0.43,8.95,4.75,104.0,6.9,111.27,0.89,55.0,101.12,0.44,91.0,112.81,50.34,-213.0,58.25,41.75,135.0,2321.0,104.0,100.5,104.0,102.5
20180103,0.34,2383,台光電,0.44,8.91,4.94,104.5,7.9,111.22,0.9,20.0,101.48,0.47,82.0,112.75,50.27,-249.0,58.06,41.94,202.0,3790.0,104.5,104.0,107.0,105.0
20180104,0.2,2383,台光電,0.43,8.73,4.92,105.5,6.9,111.22,0.89,-24.0,101.65,0.42,-174.0,112.73,50.16,-379.0,57.32,42.68,160.0,2528.0,105.5,102.5,106.0,105.0
20180105,0.1,2383,台光電,0.39,8.73,4.44,102.5,6.2,111.22,0.87,-68.0,101.75,0.45,122.0,112.66,49.96,-583.0,32.41,67.59,159.0,2914.0,102.5,102.0,105.5,105.5
20180108,0.0,2383,台光電,0.39,8.69,4.54,103.0,5.6,111.22,0.87,0.0,101.86,0.48,95.0,112.59,49.99,294.0,50.88,49.12,112.0,1887.0,103.0,103.0,104.5,103.0
20180109,0.07,2383,台光電,0.46,8.52,5.35,103.5,6.0,111.22,0.87,0.0,101.88,0.46,-63.0,112.54,50.19,607.0,50.07,49.93,112.0,1525.0,103.5,100.5,103.5,102.0
20180110,0.0,2383,台光電,0.45,8.52,5.33,102.0,4.4,111.22,0.87,0.0,101.88,0.41,-166.0,112.48,50.3,234.0,36.06,63.94,115.0,1323.0,102.0,100.5,104.5,104.0
20180111,0.36,2383,台光電,0.45,8.5,5.32,103.5,5.2,111.22,0.87,0.0,101.91,0.4,-29.0,112.45,50.37,251.0,60.94,39.06,146.0,827.0,103.5,101.5,103.5,102.0
20180112,0.25,2383,台光電,0.51,8.49,5.96,109.0,7.9,110.96,0.98,368.0,103.82,0.52,373.0,112.41,50.56,416.0,65.11,34.89,153.0,4850.0,109.0,104.0,110.5,104.0
20180115,0.14,2383,台光電,0.54,8.73,6.18,113.0,7.5,111.41,1.26,880.0,106.26,0.61,292.0,112.42,50.18,-1447.0,68.4,31.6,186.0,5674.0,113.0,109.5,115.5,109.5
20180116,0.06,2383,台光電,0.53,8.9,5.96,110.0,5.4,111.3,1.36,332.0,106.35,0.54,-214.0,112.4,49.91,-883.0,45.95,54.05,318.0,3418.0,110.0,109.5,113.0,112.0
20180117,0.22,2383,台光電,0.55,10.07,5.45,103.0,6.3,111.09,1.37,13.0,106.03,0.41,-432.0,112.38,48.95,-2967.0,39.79,60.21,236.0,6269.0,103.0,101.5,109.0,109.0
20180118,0.38,2383,台光電,0.53,9.82,5.37,103.5,4.8,111.09,1.37,0.0,105.67,0.43,61.0,112.3,48.78,-532.0,49.85,50.15,218.0,4420.0,103.5,103.0,106.0,104.5
20180119,0.22,2383,台光電,0.62,10.1,6.12,99.1,5.4,111.09,1.37,0.0,105.17,0.32,-332.0,112.2,47.99,-2421.0,39.79,60.21,222.0,6043.0,99.1,98.2,103.5,103.5
20180122,0.0,2383,台光電,0.58,10.15,5.72,101.5,5.2,111.09,1.37,0.0,104.79,0.34,59.0,112.11,48.09,325.0,47.65,52.35,85.0,2811.0,101.5,99.3,101.5,99.5
20180123,0.09,2383,台光電,0.54,10.09,5.33,100.5,4.8,110.95,1.36,-25.0,104.7,0.27,-234.0,112.04,48.16,215.0,35.27,64.73,83.0,2113.0,100.5,99.6,102.0,102.0
20180124,0.0,2383,台光電,0.51,10.21,5.04,101.5,5.2,110.95,1.36,-14.0,104.6,0.26,-39.0,112.0,48.19,129.0,44.24,55.76,80.0,1319.0,101.5,99.8,101.5,101.0
20180125,0.0,2383,台光電,0.47,10.13,4.62,99.5,4.9,110.95,1.18,-571.0,104.19,0.27,51.0,111.95,48.1,-180.0,25.93,74.07,111.0,1904.0,99.5,99.5,102.0,101.5
20180126,0.0,2383,台光電,0.46,9.97,4.58,99.7,5.2,110.95,1.1,-254.0,103.91,0.28,19.0,111.88,48.26,543.0,34.21,65.79,63.0,1487.0,99.7,99.5,100.5,100.0
20180129,0.05,2383,台光電,0.47,10.04,4.66,106.5,7.9,110.95,1.1,0.0,104.94,0.41,414.0,111.83,48.53,881.0,68.71,31.29,126.0,4254.0,106.5,100.5,108.5,100.5
20180130,0.16,2383,台光電,0.43,10.13,4.29,103.0,6.6,110.91,1.09,-17.0,104.81,0.32,-291.0,111.77,48.45,-255.0,38.26,61.74,107.0,3097.0,103.0,103.0,106.5,106.5
20180131,0.17,2383,台光電,0.43,10.21,4.2,102.5,6.1,110.91,1.09,0.0,104.67,0.31,-39.0,111.71,48.59,-234.0,56.24,43.76,103.0,1165.0,102.5,101.0,102.5,102.0
20180201,0.34,2383,台光電,0.49,9.97,4.96,107.5,8.0,110.89,1.1,18.0,105.57,0.39,264.0,111.67,48.67,956.0,72.97,27.03,293.0,3280.0,107.5,102.5,108.0,103.0
20180202,0.1,2383,台光電,0.48,10.07,4.76,105.0,6.2,110.86,1.1,17.0,105.55,0.32,-211.0,111.63,48.66,-348.0,49.23,50.77,142.0,2017.0,105.0,104.5,107.0,106.0
20180205,0.13,2383,台光電,0.4,10.35,3.89,100.5,5.5,110.86,1.1,0.0,105.4,0.29,-87.0,111.61,48.39,-940.0,53.18,46.82,115.0,2284.0,100.5,99.6,101.5,101.0
20180206,0.33,2383,台光電,0.55,10.13,5.43,95.4,5.9,110.42,1.14,103.0,104.85,0.24,-182.0,111.4,48.43,248.0,31.1,68.87,115.0,4869.0,95.4,93.4,100.0,98.0
20180207,0.15,2383,台光電,0.56,10.01,5.62,98.1,5.7,109.56,1.22,275.0,103.68,0.27,94.0,111.29,48.45,-21.0,50.92,47.95,90.0,2663.0,98.1,98.1,100.5,98.4
20180208,0.4,2383,台光電,0.59,10.1,5.84,99.3,7.1,108.67,1.34,367.0,102.82,0.32,161.0,111.25,48.29,-363.0,55.93,44.07,54.0,2751.0,99.3,98.0,101.5,98.0
20180209,0.62,2383,台光電,0.63,9.78,6.47,101.0,6.1,108.67,1.34,1.0,102.75,0.22,-327.0,111.19,48.45,548.0,52.87,47.13,62.0,2438.0,101.0,94.8,101.5,96.5
20180212,0.06,2383,台光電,0.65,9.64,6.7,102.0,7.0,108.27,1.42,277.0,102.68,0.22,20.0,111.16,48.16,-898.0,61.32,38.68,89.0,3159.0,102.0,100.0,103.5,101.5
20180221,0.36,2383,台光電,0.67,9.47,7.08,106.5,8.0,108.27,1.42,0.0,104.13,0.33,332.0,111.13,48.29,368.0,64.3,35.7,108.0,3331.0,106.5,102.5,108.0,104.0
20180222,0.26,2383,台光電,0.68,9.54,7.08,107.0,7.0,108.24,1.42,1.0,104.28,0.3,-84.0,111.11,48.3,72.0,52.47,47.53,124.0,1925.0,107.0,104.5,108.0,106.0
20180223,0.12,2383,台光電,0.78,9.43,8.32,111.0,8.0,108.24,1.41,-28.0,107.06,0.46,508.0,111.11,48.4,445.0,69.05,30.95,187.0,4843.0,111.0,107.0,112.5,107.5
20180226,0.07,2383,台光電,0.76,9.59,7.94,109.5,7.0,108.26,1.44,66.0,107.37,0.4,-175.0,111.11,48.25,-550.0,42.64,57.36,186.0,2864.0,109.5,108.5,112.5,112.0
20180227,0.0,2383,台光電,0.77,9.4,8.22,109.5,6.2,108.28,1.45,47.0,107.45,0.38,-89.0,111.1,48.25,32.0,42.52,57.48,170.0,1936.0,109.5,108.5,111.0,110.0
20180301,0.35,2383,台光電,0.77,9.39,8.25,109.5,6.2,108.28,1.45,-10.0,107.77,0.44,212.0,111.1,48.14,-371.0,41.72,58.28,76.0,2028.0,109.5,107.5,111.0,108.0
20180302,0.03,2383,台光電,0.49,9.82,5.02,104.0,5.5,108.13,1.5,158.0,107.56,0.32,-383.0,111.09,47.8,-1111.0,35.66,64.32,192.0,3791.0,104.0,103.5,109.0,108.0
20180305,0.23,2383,台光電,0.53,9.61,5.47,105.5,4.4,108.09,1.52,73.0,107.4,0.33,31.0,111.06,47.78,-86.0,45.82,54.18,154.0,2167.0,105.5,104.5,106.5,105.0
20180306,0.35,2383,台光電,0.7,9.68,7.2,104.0,4.6,108.03,1.47,-170.0,107.2,0.32,-44.0,110.98,47.51,-833.0,40.7,59.3,105.0,4045.0,104.0,103.0,106.5,106.0
20180307,0.23,2383,台光電,0.69,9.7,7.16,102.0,4.0,108.01,1.42,-146.0,106.72,0.31,-39.0,110.96,47.49,25.0,31.41,68.59,88.0,1723.0,102.0,102.0,104.5,103.5
20180308,0.08,2383,台光電,0.7,9.68,7.24,102.5,4.4,108.0,1.42,-17.0,106.46,0.32,33.0,110.93,47.59,306.0,38.79,61.21,78.0,1236.0,102.5,102.0,104.0,102.0
20180309,0.36,2383,台光電,0.68,9.75,6.99,103.0,4.8,108.0,1.41,-3.0,106.34,0.3,-57.0,110.92,47.53,-213.0,52.79,47.21,131.0,842.0,103.0,102.0,103.5,103.0
20180312,0.16,2383,台光電,0.68,9.91,6.83,102.0,4.5,108.0,1.41,-9.0,106.01,0.29,-15.0,110.91,47.36,-549.0,41.05,58.95,77.0,1843.0,102.0,101.5,104.0,103.5
20180313,0.06,2383,台光電,0.63,9.93,6.35,105.0,6.9,108.0,1.41,-9.0,105.76,0.39,303.0,110.9,47.28,-253.0,68.58,31.42,176.0,1613.0,105.0,102.0,105.0,102.5
20180314,0.38,2383,台光電,0.63,10.34,6.1,103.0,4.8,108.0,1.34,-214.0,105.61,0.39,18.0,110.9,47.19,-261.0,20.82,79.18,101.0,1055.0,103.0,103.0,105.0,105.0
20180315,0.64,2383,台光電,0.5,9.77,5.07,108.0,7.4,108.0,1.37,83.0,106.42,0.48,266.0,110.85,47.57,1070.0,67.0,33.0,120.0,5179.0,108.0,101.0,108.5,103.0
20180316,2.39,2383,台光電,0.49,9.75,5.02,110.0,7.4,108.01,1.36,-13.0,106.82,0.42,-195.0,110.84,47.54,-72.0,65.71,34.29,950.0,4055.0,110.0,105.0,110.0,108.0
20180319,0.0,2383,台光電,0.48,9.93,4.88,106.0,6.1,108.0,1.37,19.0,106.81,0.4,-66.0,110.83,47.41,-422.0,40.81,59.19,140.0,2087.0,106.0,106.0,109.5,108.0
20180320,0.0,2383,台光電,0.63,10.11,6.27,105.0,4.9,107.93,1.4,84.0,106.61,0.44,149.0,110.82,47.26,-382.0,58.45,41.55,111.0,1738.0,105.0,104.0,107.0,105.0
20180321,0.26,2383,台光電,0.59,10.14,5.78,101.5,5.5,107.88,1.4,17.0,105.86,0.38,-205.0,110.77,46.61,-2110.0,42.44,57.56,163.0,5667.0,101.5,100.0,104.0,103.5
20180322,0.21,2383,台光電,0.56,9.83,5.73,98.1,3.7,107.66,1.41,43.0,104.86,0.36,-69.0,110.69,46.13,-2108.0,35.34,64.66,178.0,5181.0,98.1,98.1,102.5,101.5
20180323,0.09,2383,台光電,0.55,9.91,5.51,95.1,3.2,107.61,1.41,-26.0,104.15,0.3,-194.0,110.66,45.8,-1085.0,40.89,59.11,117.0,3368.0,95.1,93.8,96.3,95.8
20180326,0.12,2383,台光電,0.51,10.05,5.09,95.6,3.2,107.55,1.4,-9.0,103.51,0.29,-30.0,110.61,45.5,-950.0,56.0,44.0,77.0,2550.0,95.6,93.8,96.6,94.0
20180327,0.4,2383,台光電,0.45,10.18,4.46,96.6,4.0,107.53,1.37,-110.0,102.79,0.32,100.0,110.56,45.2,-591.0,52.75,47.25,177.0,2277.0,96.6,96.1,99.1,96.1
20180328,0.21,2383,台光電,0.47,10.27,4.59,94.1,3.7,107.53,1.37,-9.0,101.88,0.34,73.0,110.54,44.84,-1205.0,33.31,66.69,113.0,2356.0,94.1,94.1,95.9,95.8
20180329,0.27,2383,台光電,0.46,10.25,4.5,95.7,4.5,107.5,1.37,8.0,101.58,0.34,2.0,110.42,44.96,377.0,48.55,51.45,99.0,2590.0,95.7,94.0,96.0,94.0
20180330,0.2,2383,台光電,0.31,10.32,2.98,94.4,3.6,107.5,1.37,0.0,100.78,0.36,75.0,110.38,44.84,-185.0,41.94,58.06,98.0,1968.0,94.4,94.4,97.5,96.0
20180331,0.17,2383,台光電,0.13,10.41,1.23,93.8,3.6,107.47,1.37,10.0,100.42,0.37,11.0,110.38,44.83,-5.0,28.53,71.47,133.0,1154.0,93.8,93.6,94.8,94.8
20180402,0.0,2383,台光電,0.06,10.45,0.59,93.2,3.7,107.45,1.37,-15.0,100.17,0.32,-138.0,110.34,44.85,48.0,36.93,63.07,57.0,1191.0,93.2,93.2,94.8,93.8
20180403,0.0,2383,台光電,0.0,10.48,0.01,91.7,5.0,107.36,1.35,-68.0,100.15,0.31,-41.0,110.29,44.75,-287.0,36.89,63.11,76.0,2543.0,91.7,90.5,93.0,93.0
20180409,0.0,2383,台光電,0.0,10.66,0.0,87.5,4.2,107.3,1.26,-274.0,99.99,0.28,-112.0,110.09,44.91,518.0,25.33,74.67,332.0,4141.0,87.5,87.4,91.8,91.0
20180410,0.0,2383,台光電,0.0,10.6,0.0,91.0,5.8,107.27,1.23,-93.0,99.37,0.28,23.0,109.85,45.1,615.0,54.22,45.78,116.0,3366.0,91.0,87.3,92.3,87.5
20180411,0.0,2383,台光電,0.0,10.59,0.0,89.5,4.9,107.25,1.23,3.0,99.37,0.28,-24.0,109.8,45.09,-14.0,33.09,66.91,64.0,972.0,89.5,89.5,92.0,91.3
20180412,0.36,2383,台光電,0.16,10.75,1.46,89.8,5.9,107.24,1.23,-1.0,98.68,0.29,53.0,109.5,45.06,-140.0,67.12,32.88,76.0,3095.0,89.8,89.1,90.8,89.4
20180413,1.54,2383,台光電,0.2,10.86,1.88,90.5,5.3,107.23,1.23,1.0,98.36,0.29,-26.0,109.45,45.12,151.0,54.51,45.49,53.0,972.0,90.5,89.5,91.1,90.1
20180416,0.07,2383,台光電,0.26,10.84,2.38,88.5,5.5,107.23,1.01,-720.0,98.32,0.26,-90.0,109.23,45.42,845.0,30.64,69.36,151.0,2969.0,88.5,87.4,90.4,90.4
20180417,0.05,2383,台光電,0.3,10.84,2.77,88.9,4.9,107.23,1.01,1.0,97.82,0.25,-8.0,109.07,45.52,426.0,46.58,53.42,102.0,1873.0,88.9,87.6,89.8,88.5
20180418,0.16,2383,台光電,0.26,10.91,2.41,87.6,3.7,107.21,1.01,-7.0,97.82,0.24,-53.0,108.93,45.6,28.0,40.31,59.69,128.0,1870.0,87.6,87.5,89.4,88.9
20180419,0.28,2383,台光電,0.46,11.14,4.16,84.5,4.6,107.21,0.93,-244.0,97.33,0.24,0.0,108.38,45.49,-531.0,43.34,56.66,207.0,7493.0,84.5,83.7,88.0,87.3
20180420,0.16,2383,台光電,0.45,11.41,3.92,84.1,3.2,107.21,0.91,-55.0,96.87,0.24,10.0,108.16,45.42,-204.0,43.41,56.59,190.0,3158.0,84.1,83.7,85.9,83.9
20180423,0.37,2383,台光電,0.83,11.17,7.42,78.0,4.2,107.21,0.89,-57.0,96.42,0.21,-104.0,107.69,45.13,-916.0,33.14,66.86,379.0,6779.0,78.0,77.9,84.4,83.6
20180424,0.46,2383,台光電,0.56,11.23,5.01,76.8,4.5,107.16,0.71,-591.0,93.55,0.23,60.0,107.26,44.94,-561.0,56.0,44.0,409.0,6471.0,76.8,73.5,78.7,77.6
20180425,0.21,2383,台光電,0.52,11.56,4.5,75.5,3.6,106.8,0.72,22.0,91.14,0.25,87.0,106.88,45.01,234.0,49.74,50.26,281.0,5291.0,75.5,73.5,76.8,75.2
20180426,0.3,2383,台光電,0.59,11.35,5.17,74.7,3.2,106.71,0.7,-42.0,90.76,0.23,-67.0,106.5,45.16,637.0,51.25,48.75,247.0,4021.0,74.7,73.9,77.3,76.0
20180427,0.26,2383,台光電,0.79,11.5,6.9,72.0,4.2,106.52,0.68,-85.0,89.6,0.22,-35.0,105.47,45.37,790.0,41.86,58.14,451.0,9406.0,72.0,71.7,75.3,72.0
20180430,0.58,2383,台光電,0.53,11.26,4.73,73.0,4.1,106.35,0.67,-31.0,89.5,0.2,-65.0,104.93,45.41,147.0,55.09,44.91,455.0,4497.0,73.0,72.1,74.1,72.7
20180502,0.49,2383,台光電,0.51,11.33,4.54,73.0,4.5,106.35,0.67,0.0,89.5,0.2,0.0,104.75,45.31,-255.0,51.43,48.57,168.0,2028.0,73.0,72.3,73.9,73.2
20180503,0.59,2383,台光電,0.5,11.4,4.4,73.3,5.8,105.49,0.68,57.0,87.88,0.22,43.0,104.53,45.09,-704.0,56.9,43.1,262.0,3709.0,73.3,72.6,75.4,73.8
20180504,0.17,2383,台光電,0.59,11.68,5.07,70.5,3.2,105.28,0.69,13.0,87.88,0.2,-56.0,104.29,44.79,-1024.0,32.89,67.11,387.0,3445.0,70.5,70.5,72.9,72.9
20180507,0.36,2383,台光電,0.53,11.65,4.51,69.5,5.0,105.25,0.67,-56.0,86.14,0.21,33.0,103.76,44.95,482.0,44.77,55.23,309.0,5602.0,69.5,68.2,71.0,70.2
20180508,0.25,2383,台光電,0.46,11.88,3.86,71.1,5.3,105.09,0.67,10.0,83.84,0.25,119.0,103.46,44.82,-396.0,57.45,42.55,288.0,4722.0,71.1,69.8,71.4,70.0
20180509,0.28,2383,台光電,0.41,12.06,3.39,72.2,4.8,105.09,0.67,0.0,80.89,0.32,238.0,103.09,44.64,-487.0,62.77,37.23,203.0,4292.0,72.2,71.3,72.6,72.2
20180510,0.3,2383,台光電,0.55,12.54,4.42,79.4,6.7,104.94,0.68,13.0,80.68,0.32,-16.0,102.73,45.2,1783.0,70.39,29.61,47.0,6624.0,79.4,74.5,79.4,75.0
20180511,0.35,2383,台光電,0.64,10.5,6.12,83.6,7.1,100.96,0.83,497.0,81.68,0.33,55.0,102.21,45.58,948.0,59.46,40.54,552.0,14554.0,83.6,79.9,84.8,81.5
20180514,0.39,2383,台光電,0.65,10.27,6.37,83.6,6.1,99.99,0.88,157.0,81.77,0.25,-263.0,101.96,45.73,205.0,50.59,49.41,316.0,5337.0,83.6,82.4,85.4,84.4
20180515,0.39,2383,台光電,0.65,10.11,6.43,83.5,6.1,99.99,0.88,-2.0,81.8,0.25,2.0,101.79,45.95,639.0,51.06,48.94,205.0,2849.0,83.5,83.4,85.8,83.8
20180516,0.35,2383,台光電,0.62,9.91,6.21,83.5,6.1,99.99,0.87,-31.0,81.99,0.28,90.0,101.66,46.11,511.0,56.95,43.05,165.0,2261.0,83.5,82.7,85.0,83.5
20180517,0.06,2383,台光電,0.59,9.88,5.96,84.7,6.9,99.99,0.87,-15.0,82.16,0.29,23.0,101.59,46.13,49.0,59.64,40.36,170.0,1795.0,84.7,83.4,85.3,83.8
20180518,0.35,2383,台光電,0.54,9.64,5.58,85.1,7.9,99.99,0.87,-7.0,82.42,0.26,-84.0,101.44,46.29,514.0,55.35,44.65,263.0,3112.0,85.1,84.5,86.2,85.7
20180521,0.0,2383,台光電,0.51,9.63,5.28,84.1,6.1,99.99,0.86,-8.0,82.45,0.26,10.0,101.33,46.31,-53.0,39.39,60.61,107.0,1779.0,84.1,84.1,85.8,85.6
20180522,0.07,2383,台光電,0.49,9.6,5.11,85.8,7.9,99.99,0.86,-8.0,82.94,0.3,105.0,101.26,46.45,427.0,63.24,36.76,86.0,2813.0,85.8,83.9,86.9,83.9
20180523,0.0,2383,台光電,0.47,9.36,4.99,83.9,5.3,99.94,0.84,-52.0,83.0,0.27,-87.0,101.21,46.36,-252.0,26.55,73.45,116.0,1795.0,83.9,83.2,86.1,85.9
20180524,0.25,2383,台光電,0.47,9.29,5.08,82.5,4.9,99.94,0.84,0.0,82.98,0.26,-17.0,101.15,46.3,-56.0,41.24,58.76,126.0,1601.0,82.5,82.2,84.8,83.9
20180525,0.42,2383,台光電,0.47,9.2,5.09,83.4,5.7,99.94,0.84,0.0,82.98,0.26,-10.0,101.04,46.42,364.0,50.6,49.4,43.0,1418.0,83.4,80.8,83.8,82.2
20180528,0.15,2383,台光電,0.46,9.32,4.89,85.1,7.1,99.94,0.84,0.0,83.29,0.28,68.0,100.99,46.32,-229.0,60.75,39.25,110.0,2020.0,85.1,82.6,86.3,83.5
20180529,0.36,2383,台光電,0.45,9.51,4.74,82.8,4.0,99.94,0.84,0.0,83.28,0.26,-62.0,100.97,46.13,-569.0,29.34,70.66,109.0,1381.0,82.8,82.8,85.5,85.2
20180530,0.12,2383,台光電,0.41,9.57,4.3,80.7,5.8,99.94,0.84,0.0,83.25,0.21,-162.0,100.92,46.05,-254.0,35.68,64.32,179.0,1666.0,80.7,80.3,82.4,82.0
20180531,0.15,2383,台光電,0.42,9.53,4.4,80.2,4.4,99.94,0.84,0.0,83.12,0.17,-142.0,100.85,46.03,-72.0,34.6,65.4,166.0,1350.0,80.2,80.2,81.8,81.2
20180601,0.06,2383,台光電,0.42,9.32,4.48,84.4,7.0,99.94,0.84,0.0,83.28,0.18,52.0,100.4,46.35,887.0,65.9,34.1,159.0,5268.0,84.4,80.1,84.8,80.2
20180604,0.04,2383,台光電,0.42,9.35,4.46,84.8,6.1,99.87,0.85,12.0,83.3,0.18,-25.0,100.21,46.34,-57.0,46.97,53.03,103.0,2783.0,84.8,84.5,85.6,85.1
20180605,0.2,2383,台光電,0.42,9.3,4.48,87.1,7.5,99.74,0.85,-7.0,84.06,0.22,137.0,100.09,46.49,912.0,57.19,42.81,175.0,3973.0,87.1,85.3,88.8,85.9
20180606,0.12,2383,台光電,0.42,9.23,4.56,87.9,6.5,98.4,0.95,323.0,84.53,0.22,12.0,100.03,46.46,-277.0,61.27,38.73,190.0,3274.0,87.9,87.1,89.5,87.1
20180607,0.08,2383,台光電,0.39,9.18,4.2,87.0,5.7,97.93,0.99,131.0,84.57,0.2,-82.0,100.0,46.42,-189.0,42.89,57.11,94.0,1243.0,87.0,86.5,88.6,88.3
20180608,0.43,2383,台光電,0.37,8.98,4.13,88.6,7.5,97.2,1.07,268.0,85.74,0.26,196.0,99.93,46.49,99.0,55.97,44.03,135.0,4152.0,88.6,87.8,91.2,87.8
20180611,0.35,2383,台光電,0.37,9.09,4.1,89.2,6.5,97.17,1.07,10.0,85.87,0.23,-102.0,99.92,46.41,-292.0,49.3,50.49,77.0,1433.0,89.2,87.3,90.6,89.1
20180612,0.08,2383,台光電,0.29,9.05,3.19,87.6,4.8,97.15,1.08,10.0,85.99,0.24,38.0,99.91,46.31,-401.0,38.25,61.75,116.0,1261.0,87.6,87.6,90.2,88.8
20180613,0.25,2383,台光電,0.3,8.88,3.34,88.5,6.0,97.12,1.08,10.0,86.04,0.23,-29.0,99.88,46.39,219.0,53.74,46.26,82.0,1179.0,88.5,87.3,89.7,87.6
20180614,0.21,2383,台光電,0.29,8.8,3.27,87.5,4.9,97.09,1.08,10.0,86.05,0.21,-50.0,99.83,46.33,-294.0,44.34,55.66,101.0,1397.0,87.5,87.4,89.4,87.8
20180615,0.02,2383,台光電,0.26,8.83,2.95,84.5,4.6,97.03,1.09,18.0,85.86,0.21,-6.0,99.49,45.94,-1150.0,31.04,68.96,529.0,5219.0,84.5,84.5,87.8,87.5
20180619,0.16,2383,台光電,0.29,8.77,3.25,84.1,4.4,97.03,0.98,-350.0,85.71,0.22,28.0,99.37,46.02,279.0,52.78,47.22,92.0,1851.0,84.1,83.8,86.0,84.0
20180620,0.06,2383,台光電,0.28,8.94,3.14,81.0,4.0,97.03,0.95,-96.0,85.37,0.21,-18.0,99.32,45.8,-451.0,29.86,70.14,140.0,1605.0,81.0,81.0,84.6,84.5
20180621,0.28,2383,台光電,0.25,8.94,2.81,81.5,4.4,97.03,0.95,0.0,85.37,0.21,-6.0,99.29,45.8,-35.0,39.3,60.7,44.0,711.0,81.5,81.5,82.6,82.3
20180622,0.08,2383,台光電,0.28,8.91,3.19,78.8,4.5,97.03,0.95,0.0,85.31,0.21,-17.0,99.27,45.58,-565.0,24.83,75.17,99.0,1307.0,78.8,78.6,81.8,81.2
20180625,0.1,2383,台光電,0.29,8.96,3.2,78.3,4.0,97.03,0.92,-87.0,85.19,0.21,-5.0,99.21,45.58,13.0,36.01,63.99,116.0,986.0,78.3,78.2,80.3,79.5
20180626,0.66,2383,台光電,0.28,8.93,3.13,79.4,5.2,96.91,0.93,20.0,84.68,0.21,19.0,99.17,45.58,-3.0,61.35,38.65,44.0,903.0,79.4,78.0,80.9,78.2
20180627,0.34,2383,台光電,0.25,9.01,2.82,78.1,4.0,96.91,0.93,0.0,84.49,0.19,-57.0,99.14,45.5,-313.0,27.54,72.46,54.0,889.0,78.1,78.1,80.0,79.5
20180628,0.67,2383,台光電,0.26,8.99,2.88,77.8,4.5,96.91,0.93,0.0,83.82,0.21,64.0,99.08,45.47,-147.0,41.57,58.43,64.0,892.0,77.8,77.3,79.3,78.2
20180629,0.52,2383,台光電,0.23,8.95,2.56,79.8,7.0,96.91,0.93,0.0,83.68,0.21,-23.0,98.93,45.5,52.0,74.89,25.11,718.0,1526.0,79.8,78.2,80.2,78.2
20180702,0.55,2383,台光電,0.25,9.04,2.76,79.2,5.6,96.91,0.93,0.0,83.43,0.19,-51.0,98.88,45.48,-149.0,49.59,50.41,41.0,732.0,79.2,78.6,80.4,80.3
20180703,0.53,2383,台光電,0.25,9.02,2.76,77.6,4.5,96.91,0.93,0.0,83.3,0.19,5.0,98.83,45.49,11.0,18.4,81.6,59.0,752.0,77.6,77.6,79.6,79.4
20180704,0.0,2383,台光電,0.24,9.17,2.65,78.5,6.0,96.54,0.94,30.0,83.12,0.19,6.0,98.82,45.45,-65.0,62.23,37.77,123.0,567.0,78.5,77.3,78.5,77.6
20180705,0.48,2383,台光電,0.23,8.79,2.58,78.9,7.0,95.22,1.01,243.0,83.12,0.19,-8.0,98.77,45.32,-519.0,51.75,48.25,129.0,1875.0,78.9,77.5,81.0,79.8
20180706,0.53,2383,台光電,0.37,8.7,4.2,73.0,5.0,95.22,1.01,0.0,82.88,0.18,-35.0,98.63,45.03,-904.0,29.12,70.88,278.0,3581.0,73.0,72.6,78.8,78.5
20180709,0.05,2383,台光電,0.4,8.52,4.67,75.5,5.3,95.22,1.01,0.0,82.51,0.17,-26.0,98.4,45.24,677.0,52.78,47.22,86.0,1958.0,75.5,73.6,76.3,73.7
20180710,0.36,2383,台光電,0.39,8.49,4.54,75.8,5.6,95.22,1.01,0.0,82.19,0.18,9.0,98.33,45.11,-229.0,43.27,56.73,44.0,1108.0,75.8,74.6,76.6,74.6
20180711,0.0,2383,台光電,0.35,8.59,4.06,74.0,4.9,95.22,0.97,-133.0,81.97,0.17,-29.0,98.24,45.02,-289.0,33.33,66.67,100.0,1455.0,74.0,73.5,75.8,75.8
20180712,0.68,2383,台光電,0.35,8.57,4.03,75.2,5.6,95.22,0.93,-140.0,81.9,0.17,-2.0,98.17,45.07,160.0,56.93,43.07,33.0,738.0,75.2,73.9,75.3,74.0
20180713,0.11,2383,台光電,0.28,8.63,3.28,77.0,7.0,95.22,0.91,-62.0,81.04,0.2,102.0,97.96,44.95,-314.0,67.64,32.36,48.0,2639.0,77.0,75.0,77.8,76.0
20180716,0.05,2383,台光電,0.28,8.44,3.26,78.6,6.1,95.22,0.88,-82.0,80.87,0.18,-45.0,97.81,44.91,-101.0,49.89,50.11,49.0,2060.0,78.6,77.0,79.4,77.0
20180717,0.14,2383,台光電,0.28,8.45,3.29,78.2,5.6,95.22,0.88,-20.0,80.82,0.17,-30.0,97.68,44.88,-87.0,27.39,72.61,48.0,1443.0,78.2,75.5,78.8,78.6
20180718,0.06,2383,台光電,0.27,8.33,3.2,79.0,6.9,95.22,0.88,0.0,80.49,0.2,93.0,97.57,44.86,-85.0,50.85,49.15,50.0,1584.0,79.0,78.0,80.3,78.2
20180719,0.23,2383,台光電,0.27,8.2,3.24,80.0,6.4,95.22,0.87,-20.0,80.44,0.21,36.0,97.51,44.95,300.0,48.07,51.93,38.0,857.0,80.0,79.0,81.0,79.0
20180720,0.15,2383,台光電,0.29,8.16,3.53,84.8,7.9,95.16,0.87,-3.0,81.83,0.29,259.0,97.35,45.35,1322.0,71.09,28.91,174.0,3273.0,84.8,80.0,85.4,80.0
20180723,0.12,2383,台光電,0.25,8.12,3.13,84.9,7.4,95.1,0.87,-9.0,81.91,0.27,-69.0,97.22,45.4,-103.0,54.18,45.82,103.0,2586.0,84.9,83.3,85.9,84.5
20180724,0.13,2383,台光電,0.53,8.37,6.37,83.6,6.7,95.09,0.86,-29.0,81.99,0.28,19.0,97.07,45.42,-40.0,42.03,57.97,252.0,3021.0,83.6,81.2,83.6,82.3
20180725,0.14,2383,台光電,0.35,8.28,4.28,83.9,6.1,95.09,0.86,1.0,82.07,0.28,8.0,96.95,45.49,109.0,45.85,54.15,160.0,2118.0,83.9,81.8,84.0,82.8
20180726,0.16,2383,台光電,0.3,8.28,3.67,84.2,6.9,95.01,0.86,19.0,82.24,0.3,59.0,96.87,45.57,56.0,60.29,39.71,73.0,1252.0,84.2,83.2,84.7,83.8
20180727,0.1,2383,台光電,0.29,8.19,3.51,86.0,7.4,95.0,0.87,3.0,82.95,0.37,211.0,96.78,45.8,742.0,70.42,29.58,90.0,2077.0,86.0,83.8,86.8,83.8
20180730,0.32,2383,台光電,0.28,8.19,3.46,85.6,6.5,95.0,0.87,0.0,83.02,0.3,-206.0,96.73,45.75,-144.0,47.31,52.69,58.0,1882.0,85.6,84.5,87.5,86.1
20180731,0.12,2383,台光電,0.29,7.96,3.66,88.0,7.9,93.29,1.14,869.0,84.14,0.37,233.0,96.65,45.81,162.0,65.95,34.05,113.0,4193.0,88.0,85.0,89.5,85.0
20180801,0.27,2383,台光電,0.51,7.82,6.57,96.0,7.5,93.96,1.5,1143.0,88.36,0.49,354.0,96.65,46.05,740.0,67.47,32.53,189.0,8925.0,96.0,88.0,96.8,88.0
20180802,0.71,2383,台光電,0.57,7.55,7.61,98.5,6.6,94.66,1.77,879.0,91.15,0.39,-302.0,96.67,46.09,224.0,54.32,45.68,342.0,8833.0,98.5,92.7,99.7,95.1
20180803,0.18,2383,台光電,0.4,8.19,4.83,94.1,5.4,94.58,2.05,906.0,92.03,0.45,189.0,96.66,45.08,-3252.0,43.56,56.44,297.0,6603.0,94.1,94.1,98.3,97.1
20180806,0.16,2383,台光電,0.42,7.97,5.32,94.9,5.3,94.6,2.15,295.0,92.32,0.48,103.0,96.65,45.09,183.0,53.05,46.95,111.0,3071.0,94.9,94.1,96.7,94.4
20180807,0.29,2383,台光電,0.42,8.1,5.2,94.3,5.4,94.59,2.22,238.0,92.56,0.46,-73.0,96.64,44.92,-401.0,50.72,49.28,154.0,4176.0,94.3,94.2,97.9,95.4
20180808,0.29,2383,台光電,0.59,7.91,7.5,98.0,6.6,94.71,2.3,251.0,93.97,0.52,180.0,96.65,45.33,1311.0,68.31,31.69,184.0,4853.0,98.0,94.4,98.3,94.4
20180809,0.41,2383,台光電,0.6,8.31,7.17,99.2,5.6,94.88,2.39,291.0,94.82,0.5,-43.0,96.67,45.2,-392.0,61.41,38.59,180.0,3633.0,99.2,96.1,99.6,97.1
20180810,0.35,2383,台光電,0.62,8.4,7.33,99.0,6.7,95.05,2.49,328.0,95.49,0.54,126.0,96.68,45.32,368.0,51.22,48.78,116.0,4323.0,99.0,98.1,101.0,99.2
20180813,0.27,2383,台光電,0.41,8.34,4.94,93.6,4.9,95.05,2.49,0.0,95.46,0.36,-585.0,96.66,45.3,-80.0,42.77,57.23,119.0,3765.0,93.6,90.3,98.0,98.0
20180814,0.25,2383,台光電,0.43,8.41,5.11,95.5,4.9,95.05,2.5,10.0,95.46,0.31,-141.0,96.65,45.45,421.0,44.02,55.98,107.0,2803.0,95.5,94.0,96.7,94.0
20180815,0.13,2383,台光電,0.37,8.2,4.49,92.9,4.1,95.02,2.53,110.0,95.38,0.29,-63.0,96.63,45.4,-122.0,32.08,67.92,63.0,1524.0,92.9,92.4,95.3,95.0
20180816,0.13,2383,台光電,0.35,8.25,4.22,91.7,4.5,95.01,2.53,15.0,94.79,0.35,172.0,96.61,45.2,-646.0,49.96,50.04,150.0,2275.0,91.7,89.9,95.4,91.0
20180817,0.1,2383,台光電,0.17,8.33,2.09,91.1,3.6,94.99,2.55,50.0,94.78,0.32,-83.0,96.59,44.94,-817.0,16.2,83.8,76.0,2084.0,91.1,91.1,93.8,92.1
20180820,0.38,2383,台光電,0.13,7.85,1.67,88.5,4.6,94.84,2.61,183.0,94.12,0.33,8.0,96.52,45.03,300.0,43.38,56.62,287.0,3714.0,88.5,86.8,92.0,91.1
20180821,0.04,2383,台光電,0.13,7.94,1.61,91.2,5.3,94.83,2.61,22.0,93.89,0.35,64.0,96.46,45.03,-26.0,42.1,57.9,125.0,2783.0,91.2,88.9,92.5,89.0
20180822,0.23,2383,台光電,0.11,7.91,1.33,89.9,4.0,94.82,2.62,17.0,93.58,0.34,-15.0,96.44,44.64,-1129.0,39.27,60.73,137.0,2187.0,89.9,89.8,92.4,90.5
20180823,0.63,2383,台光電,0.08,7.85,1.05,91.8,5.2,94.81,2.63,45.0,93.47,0.35,44.0,96.42,44.53,-332.0,59.76,40.24,115.0,2070.0,91.8,89.9,92.4,89.9
20180824,0.0,2383,台光電,0.0,7.74,0.0,89.5,4.1,94.69,2.69,191.0,93.42,0.33,-88.0,96.42,44.07,-986.0,29.01,70.99,108.0,2419.0,89.5,87.5,91.8,91.7
20180827,0.0,2383,台光電,0.0,7.73,0.0,93.0,6.2,94.65,2.76,203.0,93.31,0.42,297.0,96.4,43.63,-1429.0,81.07,18.93,171.0,3841.0,93.0,90.2,93.5,90.3
20180828,0.0,2383,台光電,0.0,7.86,0.0,92.5,5.3,94.65,2.76,0.0,93.29,0.37,-158.0,96.4,43.03,-1712.0,49.68,50.32,199.0,3760.0,92.5,91.6,94.5,93.5
20180829,0.0,2383,台光電,0.0,7.44,0.0,94.4,6.6,94.65,2.76,0.0,93.68,0.56,604.0,96.38,42.97,-779.0,41.29,51.31,316.0,4127.0,94.4,92.4,94.5,92.5
20180830,1.28,2383,台光電,0.09,7.93,1.15,88.4,4.6,89.84,2.78,59.0,88.87,0.34,-714.0,91.5,43.43,2086.0,49.45,50.55,139.0,6664.0,88.4,87.5,90.9,90.0
20180831,0.87,2383,台光電,0.1,8.09,1.24,88.8,4.4,89.84,2.79,47.0,88.86,0.32,-48.0,91.49,43.51,264.0,51.81,48.19,217.0,2076.0,88.8,88.1,89.6,88.8
20180903,0.19,2383,台光電,0.09,7.98,1.14,86.6,3.2,89.81,2.81,79.0,88.8,0.27,-157.0,91.47,43.52,-327.0,44.04,55.96,89.0,1564.0,86.6,86.0,89.2,88.8
20180904,0.02,2383,台光電,0.11,8.61,1.22,90.6,6.3,89.83,2.91,296.0,89.29,0.35,265.0,91.46,43.4,-407.0,54.65,45.35,167.0,4000.0,90.6,86.7,91.0,86.7
20180905,0.03,2383,台光電,0.14,8.7,1.65,90.3,4.9,89.88,3.25,1104.0,89.37,0.31,-144.0,91.46,43.25,-587.0,52.91,47.09,168.0,2859.0,90.3,89.3,91.0,90.6
20180906,0.64,2383,台光電,0.14,8.36,1.62,88.6,4.1,89.86,3.32,220.0,89.35,0.26,-151.0,91.46,43.2,-149.0,27.19,72.81,81.0,1562.0,88.6,88.6,90.7,90.2
20180907,0.72,2383,台光電,0.12,8.27,1.48,84.4,2.9,89.84,3.33,30.0,89.22,0.24,-83.0,91.43,43.16,-174.0,27.15,72.85,151.0,1954.0,84.4,84.0,89.4,88.4
20180910,0.3,2383,台光電,0.27,8.18,3.25,78.0,4.3,89.84,3.13,-643.0,88.16,0.2,-111.0,91.3,43.4,630.0,29.0,71.0,207.0,3969.0,78.0,76.0,84.8,84.0
20180911,0.09,2383,台光電,0.28,8.06,3.46,77.4,3.8,89.83,2.97,-507.0,86.02,0.22,70.0,91.16,43.27,-404.0,41.69,58.31,131.0,4457.0,77.4,74.3,79.8,78.4
20180912,0.12,2383,台光電,0.43,7.91,5.44,78.5,3.6,89.81,2.97,10.0,85.65,0.21,-44.0,91.09,43.39,357.0,41.88,58.12,69.0,1670.0,78.5,77.0,78.7,78.0
20180913,0.11,2383,台光電,0.48,7.93,6.0,81.0,4.5,89.64,3.03,190.0,85.25,0.22,17.0,91.05,43.33,-195.0,50.2,49.8,114.0,1791.0,81.0,78.3,81.8,78.7
20180914,0.22,2383,台光電,0.41,7.88,5.2,84.4,4.9,89.49,3.13,297.0,85.17,0.23,51.0,91.03,43.25,-409.0,55.83,44.17,108.0,1838.0,84.4,81.2,84.7,82.0
20180917,0.17,2383,台光電,0.33,7.92,4.14,82.0,4.0,89.44,3.15,63.0,85.11,0.21,-58.0,91.02,43.12,-504.0,46.95,53.05,119.0,1756.0,82.0,81.8,84.0,83.0
20180918,0.0,2383,台光電,0.31,7.85,3.89,81.5,4.0,89.44,3.15,0.0,84.97,0.21,-7.0,91.0,43.1,-81.0,34.63,65.37,48.0,874.0,81.5,81.1,82.8,82.0
20180919,0.21,2383,台光電,0.3,7.86,3.79,80.7,4.1,89.42,3.1,-153.0,84.77,0.21,-13.0,90.98,43.14,103.0,36.94,63.06,109.0,964.0,80.7,80.4,83.0,82.4
20180920,0.08,2383,台光電,0.54,7.86,6.84,79.0,4.6,89.41,2.94,-500.0,84.53,0.21,-2.0,90.89,43.27,406.0,36.48,63.52,95.0,2406.0,79.0,78.0,81.4,81.1
20180921,0.54,2383,台光電,0.57,7.81,7.32,82.4,4.4,89.39,2.95,20.0,84.52,0.19,-48.0,90.83,43.49,689.0,65.83,34.17,139.0,1468.0,82.4,79.0,82.7,80.0
20180925,0.22,2383,台光電,0.5,7.76,6.43,83.7,4.9,89.39,2.95,0.0,84.5,0.19,-8.0,90.79,43.58,151.0,71.12,28.88,140.0,919.0,83.7,81.4,84.1,81.4
20180926,0.07,2383,台光電,0.62,7.73,8.04,83.4,5.4,89.39,2.93,-71.0,84.45,0.19,20.0,90.73,43.69,203.0,49.25,50.75,47.0,1385.0,83.4,82.1,84.5,84.2
20180927,0.2,2383,台光電,0.62,7.35,8.46,83.0,5.0,89.39,2.93,0.0,84.45,0.19,-22.0,90.67,43.89,669.0,32.64,67.36,136.0,1498.0,83.0,82.5,84.0,83.0
20180928,0.34,2383,台光電,0.76,7.26,10.47,86.0,6.7,89.39,2.93,0.0,84.8,0.24,161.0,90.61,44.14,789.0,64.78,35.22,569.0,2382.0,86.0,83.5,86.9,83.5
20181001,0.24,2383,台光電,0.87,7.33,11.93,88.1,6.2,89.38,2.95,80.0,85.49,0.26,68.0,90.6,44.2,177.0,61.62,38.38,73.0,2057.0,88.1,85.0,89.0,86.0
20181002,0.59,2383,台光電,0.97,7.42,13.07,85.4,5.5,89.37,2.9,-173.0,85.49,0.2,-187.0,90.58,44.12,162.0,37.48,62.52,155.0,2199.0,85.4,84.7,87.9,87.9
20181003,0.0,2383,台光電,1.01,7.4,13.6,85.3,4.1,89.37,2.9,0.0,85.48,0.19,-27.0,90.56,44.16,231.0,36.27,63.73,56.0,869.0,85.3,84.6,85.8,84.7
20181004,0.12,2383,台光電,1.0,7.39,13.49,86.7,5.7,89.33,2.94,125.0,85.6,0.21,44.0,90.55,44.21,35.0,63.24,36.76,52.0,817.0,86.7,84.8,87.2,85.3
20181005,0.42,2383,台光電,0.94,7.33,12.76,81.6,4.3,89.33,2.93,-22.0,85.2,0.19,-45.0,90.5,44.25,114.0,33.19,66.81,80.0,1888.0,81.6,81.6,85.5,85.5
20181008,0.48,2383,台光電,0.97,7.29,13.36,82.6,3.7,89.33,2.93,0.0,84.86,0.2,32.0,90.48,44.33,230.0,59.71,40.29,61.0,1041.0,82.6,79.8,83.9,79.8
20181009,0.26,2383,台光電,1.09,6.93,15.76,78.0,4.7,89.33,2.77,-507.0,84.3,0.19,-30.0,90.34,44.47,418.0,36.61,63.39,254.0,4577.0,78.0,74.4,82.5,82.5
20181011,0.07,2383,台光電,0.97,6.42,15.19,70.2,4.2,89.33,2.46,-991.0,83.98,0.19,-2.0,90.07,44.73,821.0,27.25,72.75,27.0,4177.0,70.2,70.2,73.0,73.0
20181012,0.0,2383,台光電,0.62,6.24,9.88,69.5,4.6,89.14,2.38,-273.0,83.08,0.19,-19.0,89.83,44.66,-204.0,41.9,58.1,138.0,5575.0,69.5,64.2,70.3,64.2
20181015,0.34,2383,台光電,0.79,6.05,13.07,70.4,4.5,89.14,2.37,-14.0,82.65,0.18,-5.0,89.66,44.92,824.0,51.45,48.55,139.0,2038.0,70.4,68.8,71.5,69.4
20181016,0.09,2383,台光電,0.96,5.97,16.06,74.0,5.4,88.63,2.45,261.0,81.78,0.2,55.0,89.51,45.23,853.0,48.39,51.61,76.0,2211.0,74.0,70.8,74.3,70.8
20181017,0.33,2383,台光電,1.06,5.8,18.25,73.2,4.9,88.63,2.44,-27.0,81.48,0.19,-40.0,89.48,45.23,12.0,33.14,66.86,70.0,1199.0,73.2,73.2,77.2,76.0
20181018,0.14,2383,台光電,1.23,5.68,21.55,75.5,6.2,88.63,2.44,1.0,81.12,0.18,-18.0,89.39,45.48,771.0,58.13,41.87,115.0,1390.0,75.5,72.8,75.5,73.9
20181019,0.37,2383,台光電,1.03,5.84,17.67,74.6,5.9,88.63,2.31,-419.0,80.79,0.18,-3.0,89.27,45.43,-142.0,55.58,44.42,965.0,3268.0,74.6,70.2,74.8,74.7
20181022,0.43,2383,台光電,0.87,5.92,14.72,72.5,4.5,88.49,2.33,47.0,80.56,0.19,10.0,89.23,45.37,-213.0,31.89,68.11,154.0,1641.0,72.5,71.9,73.7,73.5
20181023,0.17,2383,台光電,1.1,6.1,18.11,67.5,4.2,88.48,2.19,-443.0,79.57,0.17,-50.0,89.16,45.13,-767.0,24.15,75.85,222.0,3474.0,67.5,67.5,72.3,72.3
20181024,0.2,2383,台光電,0.76,6.19,12.28,65.7,4.2,88.41,2.12,-230.0,78.0,0.18,30.0,88.87,45.3,626.0,26.26,73.74,222.0,4585.0,65.7,65.0,69.0,67.2
20181025,0.19,2383,台光電,0.86,5.48,15.7,59.2,4.2,88.41,1.77,-1096.0,77.93,0.17,-36.0,88.41,45.52,682.0,25.49,74.51,79.0,6346.0,59.2,59.2,63.0,61.0
20181026,0.03,2383,台光電,0.62,5.45,11.43,56.2,4.1,88.4,1.6,-559.0,74.35,0.19,68.0,87.85,46.09,1841.0,33.26,66.74,249.0,6023.0,56.2,54.1,60.8,60.4
20181029,0.59,2383,台光電,0.64,5.36,11.87,57.1,3.7,88.4,1.44,-521.0,72.57,0.2,43.0,87.53,46.36,854.0,42.86,57.14,142.0,3200.0,57.1,56.5,59.0,57.0
20181030,0.18,2383,台光電,0.7,5.36,13.15,57.9,4.9,88.39,1.4,-117.0,72.4,0.19,-36.0,87.37,46.42,225.0,47.03,52.97,147.0,1655.0,57.9,56.9,58.1,57.2
20181031,0.37,2383,台光電,0.62,5.31,11.7,61.9,5.8,85.39,1.58,572.0,71.56,0.2,10.0,87.14,46.3,-451.0,66.78,33.22,183.0,4016.0,61.9,59.0,62.5,59.3
20181101,0.57,2383,台光電,0.53,4.96,10.71,66.0,6.7,82.92,1.81,736.0,70.74,0.21,50.0,86.92,46.38,192.0,61.32,38.68,81.0,4209.0,66.0,61.1,67.9,62.0
20181102,0.19,2383,台光電,0.66,4.78,13.79,68.9,6.3,80.1,2.27,1461.0,70.14,0.24,100.0,86.81,46.38,-56.0,61.4,38.6,154.0,4731.0,68.9,67.3,71.0,67.8
20181105,0.61,2383,台光電,0.76,4.54,16.77,72.0,6.1,79.63,2.4,438.0,70.38,0.19,-164.0,86.67,46.66,894.0,66.31,33.69,268.0,3426.0,72.0,66.9,72.0,68.5
20181106,0.28,2383,台光電,0.88,4.62,19.03,70.0,5.4,79.42,2.44,129.0,70.34,0.19,-3.0,86.59,46.49,-590.0,45.18,54.82,231.0,3562.0,70.0,69.3,74.4,72.1
20181107,0.69,2383,台光電,0.86,4.44,19.29,72.4,6.1,79.42,2.44,0.0,70.36,0.16,-94.0,86.56,46.47,3.0,55.7,44.3,87.0,1590.0,72.4,69.5,72.4,70.0
20181108,0.06,2383,台光電,0.86,4.27,20.11,71.6,6.2,79.42,2.44,0.0,70.37,0.15,-25.0,86.52,46.44,-153.0,55.68,44.32,133.0,1745.0,71.6,71.1,74.8,74.4
20181109,1.02,2383,台光電,0.74,4.29,17.35,69.7,4.5,79.42,2.4,-125.0,70.34,0.15,2.0,86.48,46.45,28.0,41.5,58.5,119.0,1177.0,69.7,69.2,71.9,70.7
20181112,1.9,2383,台光電,1.07,4.29,24.84,70.4,4.9,79.41,2.32,-267.0,70.34,0.15,0.0,86.39,46.67,728.0,48.43,51.57,69.0,1367.0,70.4,68.6,70.4,68.6
20181113,0.28,2383,台光電,1.06,4.33,24.41,69.0,4.6,79.41,2.3,-61.0,70.24,0.16,11.0,86.31,46.56,-352.0,47.27,52.73,107.0,1802.0,69.0,67.0,69.0,67.0
20181114,0.0,2383,台光電,1.11,4.32,25.66,70.0,4.0,79.41,2.3,0.0,70.23,0.16,3.0,86.25,46.59,87.0,48.15,51.85,112.0,1138.0,70.0,68.4,70.0,68.5
20181115,0.44,2383,台光電,1.08,4.29,25.19,70.1,4.5,79.41,2.3,0.0,70.22,0.17,34.0,86.23,46.58,-38.0,47.87,52.13,63.0,683.0,70.1,68.7,70.3,70.0
20181116,0.72,2383,台光電,1.11,4.24,26.14,70.6,5.4,79.41,2.3,0.0,70.23,0.17,12.0,86.19,46.67,277.0,46.1,53.9,54.0,692.0,70.6,70.5,71.5,70.6
20181119,0.65,2383,台光電,1.13,4.19,26.9,72.3,5.4,79.41,2.3,0.0,70.24,0.17,-17.0,86.14,46.83,519.0,62.01,37.99,65.0,925.0,72.3,71.0,72.6,71.0
20181120,0.99,2383,台光電,1.14,4.17,27.29,71.9,4.9,79.41,2.3,0.0,70.24,0.17,0.0,86.1,46.9,218.0,61.45,38.55,45.0,608.0,71.9,71.4,72.5,71.9
20181121,0.0,2383,台光電,1.08,4.21,25.74,71.5,5.5,79.41,2.3,0.0,70.24,0.17,-1.0,86.07,46.85,-162.0,51.53,48.47,48.0,853.0,71.5,70.2,72.0,70.6
20181122,0.15,2383,台光電,1.08,4.24,25.41,70.2,4.1,79.41,2.3,0.0,70.24,0.17,2.0,86.04,46.81,-54.0,39.26,60.74,61.0,677.0,70.2,70.2,72.4,71.6
20181123,0.3,2383,台光電,1.05,4.19,25.17,69.0,3.3,79.41,2.3,0.0,70.17,0.18,26.0,86.03,46.75,-204.0,29.05,70.95,88.0,663.0,69.0,69.0,70.8,70.1
20181126,0.13,2383,台光電,1.06,4.18,25.44,69.0,3.8,79.41,2.3,-12.0,70.17,0.18,1.0,85.98,46.72,-88.0,53.16,46.84,56.0,794.0,69.0,68.9,70.8,68.9
20181127,0.17,2383,台光電,1.02,4.27,24.0,72.6,5.9,79.39,2.31,25.0,70.57,0.21,96.0,85.87,46.88,553.0,63.99,36.01,158.0,2422.0,72.6,69.5,74.2,69.5
20181128,0.14,2383,台光電,1.02,4.01,25.5,73.8,5.8,79.37,2.32,33.0,70.92,0.21,10.0,85.82,46.81,-167.0,57.64,42.36,88.0,2175.0,73.8,72.4,74.8,73.0
20181129,0.33,2383,台光電,1.06,3.91,27.12,75.0,6.3,79.32,2.34,79.0,71.33,0.22,33.0,85.77,46.84,103.0,64.66,35.34,109.0,3034.0,75.0,74.6,78.0,74.8
20181130,0.0,2383,台光電,1.16,4.27,27.17,72.9,3.7,79.32,2.34,0.0,71.44,0.21,-34.0,85.73,46.38,-1478.0,44.34,55.66,332.0,3015.0,72.9,72.6,76.0,75.3
20181203,0.17,2383,台光電,1.05,4.25,24.69,80.1,6.3,79.41,2.63,927.0,73.93,0.28,244.0,85.62,46.51,514.0,76.46,23.54,6.0,6413.0,80.1,74.3,80.1,74.8
20181204,0.18,2383,台光電,1.7,4.1,41.45,88.1,6.7,79.41,2.63,0.0,78.26,0.3,54.0,85.7,47.49,3036.0,72.76,27.24,55.0,9484.0,88.1,80.1,88.1,82.8
20181205,0.11,2383,台光電,1.61,4.95,32.43,82.9,5.0,79.41,2.63,0.0,80.49,0.4,314.0,85.67,46.78,-2262.0,40.8,59.2,306.0,9257.0,82.9,82.1,88.1,88.1
20181206,0.14,2383,台光電,1.49,4.77,31.3,76.3,3.7,79.41,2.57,-196.0,79.92,0.43,94.0,85.56,46.59,-671.0,40.33,59.67,158.0,5856.0,76.3,75.4,82.4,80.9
20181207,0.26,2383,台光電,1.32,5.82,22.69,76.2,3.7,79.41,2.4,-550.0,79.63,0.45,76.0,85.48,46.22,-1158.0,44.23,55.77,227.0,5724.0,76.2,75.5,80.3,80.0
20181210,0.73,2383,台光電,1.47,5.67,25.87,77.5,3.6,79.41,2.4,1.0,79.55,0.45,0.0,85.43,46.36,462.0,46.77,53.23,134.0,3134.0,77.5,74.1,79.4,75.0
20181211,0.85,2383,台光電,1.52,5.66,26.88,81.0,4.5,79.41,2.4,5.0,79.69,0.49,118.0,85.42,46.3,-168.0,61.76,38.24,184.0,3534.0,81.0,78.4,82.4,78.5
20181212,0.05,2383,台光電,1.56,5.61,27.72,81.2,4.0,79.41,2.4,-1.0,79.72,0.47,-48.0,85.41,46.33,228.0,44.71,55.29,186.0,1934.0,81.2,80.3,81.6,80.8
20181213,0.34,2383,台光電,1.39,5.54,25.1,78.4,3.7,79.39,2.4,9.0,79.7,0.48,3.0,85.39,46.13,-640.0,33.46,66.54,221.0,2661.0,78.4,78.2,82.2,81.4
20181214,0.39,2383,台光電,1.36,5.58,24.31,77.3,3.6,79.39,2.39,-51.0,79.63,0.46,-54.0,85.35,46.07,-201.0,35.14,64.86,194.0,2033.0,77.3,77.0,79.6,78.1
20181217,0.95,2383,台光電,1.41,5.77,24.45,75.7,3.7,79.39,2.29,-304.0,79.61,0.46,2.0,85.31,45.93,-437.0,37.69,62.31,237.0,2414.0,75.7,75.0,78.3,77.0
20181218,0.11,2383,台光電,1.38,6.48,21.34,68.9,3.8,79.07,1.92,-1193.0,79.39,0.45,-30.0,85.21,45.29,-2097.0,28.09,71.91,377.0,7591.0,68.9,68.5,75.0,74.7
20181219,0.29,2383,台光電,1.39,7.06,19.65,67.4,3.3,78.64,1.6,-1023.0,78.85,0.45,9.0,85.06,44.85,-1352.0,45.44,54.56,354.0,7556.0,67.4,65.7,71.2,69.9
20181220,0.62,2383,台光電,0.93,6.71,13.84,64.2,2.4,78.64,1.56,-115.0,77.72,0.48,88.0,84.94,44.36,-1572.0,33.33,66.67,389.0,4853.0,64.2,64.0,68.1,66.9
20181221,0.29,2383,台光電,1.1,6.69,16.47,67.5,4.5,78.13,1.61,166.0,77.05,0.5,56.0,84.77,44.37,-156.0,64.14,35.86,428.0,5135.0,67.5,64.5,67.8,64.6
20181222,0.27,2383,台光電,1.11,6.65,16.73,66.8,3.6,78.13,1.49,-384.0,77.02,0.47,-75.0,84.77,44.37,2.0,48.44,51.56,66.0,1477.0,66.8,66.1,67.7,66.8
20181224,0.0,2383,台光電,0.97,6.89,14.08,67.5,3.7,78.04,1.44,-162.0,76.52,0.5,68.0,84.74,44.12,-887.0,54.25,45.75,119.0,2490.0,67.5,66.1,68.0,67.2
20181225,0.07,2383,台光電,0.93,6.68,13.87,66.4,2.4,77.59,1.47,84.0,76.46,0.49,-30.0,84.73,44.03,-285.0,40.26,59.74,82.0,1519.0,66.4,65.0,66.5,66.0
20181226,0.0,2383,台光電,0.98,6.78,14.48,64.5,3.3,77.59,1.45,-72.0,76.41,0.48,-34.0,84.72,43.81,-745.0,25.75,74.25,139.0,1663.0,64.5,64.5,67.2,66.5
20181227,0.0,2383,台光電,0.97,6.63,14.64,65.4,3.2,77.11,1.47,69.0,76.36,0.47,-17.0,84.69,43.81,13.0,54.93,45.07,105.0,1658.0,65.4,65.4,67.0,66.7
20181228,0.42,2383,台光電,0.93,6.74,13.87,65.7,5.0,76.64,1.52,172.0,76.07,0.48,35.0,84.58,43.57,-343.0,25.89,74.11,1114.0,2155.0,65.7,65.5,66.9,65.5
20190102,0.71,2383,台光電,0.94,6.81,13.83,66.5,4.4,76.29,1.58,173.0,75.66,0.49,12.0,84.52,43.55,-264.0,48.48,51.52,97.0,1680.0,66.5,66.3,67.7,66.4
20190103,0.08,2383,台光電,0.99,6.69,14.8,66.6,4.8,76.09,1.61,107.0,75.43,0.49,16.0,84.46,43.57,86.0,46.81,53.19,122.0,1181.0,66.6,66.0,67.3,66.6
20190104,0.61,2383,台光電,1.25,6.55,19.1,65.3,5.5,76.0,1.59,-58.0,75.09,0.48,-44.0,84.4,43.62,135.0,38.08,61.92,80.0,1974.0,65.3,63.3,65.7,65.7
20190107,0.21,2383,台光電,1.35,6.62,20.34,68.6,5.9,76.0,1.53,-200.0,74.37,0.53,161.0,84.27,43.7,255.0,51.01,48.99,187.0,3884.0,68.6,66.8,70.4,67.4
20190108,0.4,2383,台光電,1.32,6.6,19.93,69.0,4.8,75.96,1.52,-42.0,74.31,0.5,-80.0,84.25,43.54,-532.0,55.15,44.85,86.0,2006.0,69.0,67.4,69.7,68.3
20190109,0.05,2383,台光電,1.25,6.37,19.63,68.5,4.0,75.96,1.52,0.0,74.15,0.51,24.0,84.23,43.38,-510.0,40.69,59.31,104.0,1823.0,68.5,68.3,69.4,69.0
20190110,0.07,2383,台光電,1.18,6.53,18.11,68.4,4.0,75.96,1.52,0.0,74.07,0.51,-1.0,84.21,43.15,-719.0,52.63,47.37,142.0,1430.0,68.4,67.9,68.8,68.5
20190111,0.0,2383,台光電,1.16,6.38,18.21,68.7,5.7,75.96,1.52,0.0,73.8,0.53,76.0,84.19,43.08,13.0,49.22,50.78,39.0,1468.0,68.7,68.6,69.8,69.0
20190114,0.0,2383,台光電,1.12,6.29,17.8,68.0,3.6,75.96,1.52,0.0,73.7,0.53,-6.0,84.16,43.08,-44.0,46.49,53.51,50.0,740.0,68.0,67.7,69.3,68.8
20190115,0.08,2383,台光電,1.07,6.21,17.2,68.9,5.3,75.95,1.49,-73.0,73.4,0.56,82.0,84.1,42.93,-64.0,64.59,35.41,156.0,1294.0,68.9,67.5,69.0,68.0
20190116,0.23,2383,台光電,1.41,7.22,19.5,75.7,7.1,75.87,2.2,2257.0,73.64,0.59,94.0,83.97,42.68,-838.0,78.36,21.64,137.0,14658.0,75.7,69.3,75.7,69.3
20190117,0.37,2383,台光電,0.98,6.92,14.15,74.3,5.8,75.81,2.24,132.0,73.66,0.53,-188.0,83.65,43.29,1867.0,44.87,55.13,615.0,13085.0,74.3,74.3,78.0,78.0
20190118,0.43,2383,台光電,1.01,6.65,15.12,76.6,6.2,75.88,2.47,739.0,74.23,0.61,270.0,83.52,43.45,469.0,50.01,49.99,355.0,11474.0,76.6,75.3,79.6,75.9
20190121,0.12,2383,台光電,1.21,6.22,19.37,80.4,6.6,76.12,2.61,429.0,74.95,0.62,23.0,83.44,43.61,542.0,55.16,44.84,357.0,10309.0,80.4,76.8,80.7,78.0
20190122,0.13,2383,台光電,1.39,6.08,22.89,79.5,6.2,76.46,2.68,237.0,75.46,0.62,5.0,83.29,43.96,916.0,39.47,60.53,478.0,12064.0,79.5,77.9,80.7,78.1
20190123,0.37,2383,台光電,1.39,5.63,24.73,81.5,7.1,77.67,3.3,1990.0,76.19,0.58,-138.0,83.26,43.2,-2649.0,43.96,56.04,947.0,15605.0,81.5,79.4,83.5,79.5
20190124,0.06,2383,台光電,1.29,5.99,21.55,80.1,4.9,77.73,3.38,254.0,76.43,0.57,-14.0,83.23,42.87,-1254.0,31.62,68.38,640.0,5276.0,80.1,79.7,81.5,81.0
20190125,0.22,2383,台光電,1.08,6.01,17.91,78.7,4.5,77.78,3.56,562.0,76.53,0.58,39.0,83.16,42.42,-1234.0,41.96,58.04,335.0,5984.0,78.7,78.3,80.0,79.3
20190128,0.23,2383,台光電,0.96,5.77,16.56,77.5,4.0,77.78,3.4,-518.0,76.56,0.57,-37.0,83.11,42.5,306.0,29.82,70.18,209.0,3512.0,77.5,77.5,79.9,79.0
20190129,0.25,2383,台光電,0.91,5.84,15.54,77.4,3.6,77.78,3.39,-4.0,76.61,0.6,75.0,83.07,42.44,-203.0,41.7,58.3,309.0,3165.0,77.4,76.7,79.0,77.2
20190130,0.13,2383,台光電,1.0,5.54,18.02,80.0,5.4,77.78,3.39,-4.0,77.03,0.64,137.0,82.99,42.5,133.0,54.75,45.25,837.0,8664.0,80.0,79.7,80.8,80.1
20190211,0.07,2383,台光電,0.97,5.73,16.98,80.4,4.8,77.82,3.44,150.0,77.2,0.62,-59.0,82.97,42.42,-258.0,46.72,53.28,302.0,2925.0,80.4,79.4,81.1,81.0
20190212,0.68,2383,台光電,1.0,6.18,16.18,82.0,5.8,78.23,3.76,1024.0,78.05,0.68,188.0,82.96,41.91,-1421.0,58.99,41.01,207.0,8540.0,82.0,80.9,85.4,81.5
20190213,0.23,2383,台光電,1.1,6.7,16.47,84.5,6.1,78.31,3.81,168.0,79.07,0.7,60.0,82.98,41.72,-664.0,49.58,50.42,229.0,8302.0,84.5,83.0,86.5,83.1
20190214,0.57,2383,台光電,1.34,6.53,20.47,87.0,6.2,78.78,4.03,693.0,80.27,0.74,142.0,83.01,41.12,-1876.0,57.63,42.37,445.0,11106.0,87.0,84.4,89.5,84.8
20190215,0.8,2383,台光電,1.42,6.44,21.99,88.2,6.1,79.19,4.21,590.0,81.17,0.67,-231.0,83.09,41.1,-25.0,53.84,46.16,388.0,8834.0,88.2,85.9,90.2,87.0
20190218,0.13,2383,台光電,1.41,6.73,20.96,87.7,5.6,79.26,4.24,70.0,81.46,0.65,-76.0,83.09,40.89,-732.0,36.5,63.5,232.0,3141.0,87.7,87.0,89.5,88.2
20190219,0.08,2383,台光電,1.59,6.07,26.14,90.0,6.1,80.02,4.56,1026.0,82.49,0.69,151.0,83.14,40.98,242.0,62.9,37.1,267.0,5892.0,90.0,87.8,90.6,88.0
20190220,1.25,2383,台光電,1.62,6.07,26.65,90.2,5.3,80.55,4.79,758.0,83.7,0.69,-22.0,83.2,41.02,40.0,40.5,59.5,307.0,5608.0,90.2,90.2,93.5,91.7
20190221,0.24,2383,台光電,1.68,5.55,30.32,92.3,7.1,81.32,5.12,1048.0,84.77,0.77,267.0,83.41,41.16,460.0,43.72,56.28,403.0,9275.0,92.3,91.9,94.2,92.0
20190222,0.19,2383,台光電,1.96,5.46,35.86,93.5,6.6,81.76,5.31,606.0,86.04,0.81,126.0,83.62,41.35,643.0,48.12,51.88,306.0,7273.0,93.5,92.5,95.4,93.2
20190225,0.09,2383,台光電,2.08,5.41,38.51,96.5,7.1,81.8,5.33,53.0,86.38,0.79,-79.0,83.84,41.46,428.0,50.61,49.39,301.0,7370.0,96.5,94.2,96.5,95.7
20190226,0.05,2383,台光電,1.98,5.23,37.81,94.1,4.9,82.2,5.46,418.0,86.58,0.78,-20.0,83.91,41.17,-916.0,39.08,60.92,415.0,5757.0,94.1,94.1,96.5,96.5
20190227,0.09,2383,台光電,1.98,5.33,37.22,95.2,6.2,82.98,5.48,57.0,86.8,0.63,-493.0,84.08,41.21,144.0,36.95,63.05,292.0,6460.0,95.2,94.4,96.3,94.4
20190304,0.28,2383,台光電,2.17,5.36,40.51,93.0,5.9,83.06,5.22,-815.0,87.84,0.65,71.0,84.34,41.68,1501.0,38.12,61.88,312.0,8701.0,93.0,90.5,94.2,92.8
20190305,0.13,2383,台光電,2.26,5.08,44.58,94.9,5.7,83.08,5.14,-259.0,88.23,0.66,26.0,84.49,42.16,1545.0,48.85,51.15,187.0,5422.0,94.9,90.7,95.6,90.9
20190306,0.46,2383,台光電,2.14,5.59,38.31,93.0,4.6,83.1,4.7,-1405.0,88.64,0.63,-68.0,84.57,41.72,-1265.0,39.04,60.96,259.0,8959.0,93.0,90.7,93.7,93.0
20190307,0.07,2383,台光電,2.17,5.18,41.78,93.3,4.5,83.12,4.58,-382.0,88.66,0.59,-134.0,84.71,42.18,1483.0,38.09,61.91,223.0,4130.0,93.3,91.5,93.6,92.0
20190308,0.13,2383,台光電,1.97,5.16,38.2,93.8,4.4,83.13,4.57,-25.0,88.73,0.59,6.0,84.76,42.09,-298.0,50.41,49.59,141.0,3177.0,93.8,91.4,94.0,93.3
20190311,0.04,2383,台光電,1.94,5.24,37.04,91.6,3.6,83.13,4.53,-133.0,88.77,0.6,11.0,84.79,41.94,-442.0,39.52,60.48,216.0,2225.0,91.6,91.6,94.4,93.8
20190312,0.05,2383,台光電,2.01,5.14,39.12,93.5,5.3,83.15,4.47,-190.0,89.1,0.61,39.0,84.9,42.0,169.0,46.51,53.49,202.0,4018.0,93.5,92.7,94.2,93.0
20190313,0.06,2383,台光電,1.95,5.31,36.67,92.0,4.0,83.17,4.44,-115.0,89.11,0.59,-64.0,84.94,41.71,-866.0,28.53,71.47,175.0,3112.0,92.0,91.9,93.5,92.7
20190314,0.12,2383,台光電,2.06,5.26,39.19,96.3,6.6,83.89,4.69,817.0,89.78,0.61,68.0,85.13,42.03,1021.0,62.75,37.25,216.0,6616.0,96.3,92.8,97.4,92.8
20190315,0.19,2383,台光電,1.96,5.36,36.5,98.0,6.7,85.61,5.26,1827.0,90.99,0.3,-995.0,85.35,42.0,-179.0,57.5,42.5,579.0,10600.0,98.0,96.8,100.5,97.0
20190318,0.18,2383,台光電,1.91,5.16,37.0,97.3,6.1,85.86,5.38,372.0,91.52,0.3,1.0,85.46,41.76,-803.0,42.98,57.02,288.0,3912.0,97.3,96.9,99.5,98.5
20190319,0.0,2383,台光電,1.9,5.21,36.53,97.0,4.9,85.86,5.38,0.0,91.65,0.3,-11.0,85.52,41.65,-322.0,42.27,57.73,232.0,2295.0,97.0,97.0,99.1,98.0
20190320,0.0,2383,台光電,1.87,5.13,36.49,96.6,4.9,85.87,5.39,15.0,91.99,0.3,-1.0,85.58,41.64,100.0,39.45,60.55,160.0,2093.0,96.6,96.6,98.6,97.5
20190321,0.3,2383,台光電,1.9,5.32,35.79,98.0,6.6,85.91,5.4,55.0,92.66,0.32,76.0,85.69,41.65,37.0,57.38,42.62,163.0,3330.0,98.0,97.1,99.6,97.1
20190322,0.2,2383,台光電,1.7,5.19,32.79,96.1,4.6,86.06,5.39,-46.0,92.88,0.28,-117.0,85.72,41.57,-264.0,37.22,62.78,220.0,3428.0,96.1,95.0,100.0,99.0
20190325,0.0,2383,台光電,1.42,4.79,29.6,93.5,3.2,86.08,5.4,50.0,92.92,0.29,35.0,85.76,41.56,-29.0,43.14,56.86,115.0,2087.0,93.5,92.3,94.3,93.7
20190326,0.21,2383,台光電,1.33,4.83,27.49,98.4,6.2,86.31,5.45,133.0,94.17,0.34,161.0,86.05,42.3,2372.0,56.72,43.28,311.0,8933.0,98.4,95.0,100.5,95.0
20190327,0.21,2383,台光電,0.95,4.77,19.98,99.6,6.2,86.46,5.48,110.0,95.29,0.37,91.0,86.24,42.53,806.0,55.56,44.44,346.0,8892.0,99.6,99.3,103.0,99.3
20190328,0.16,2383,台光電,0.82,4.82,17.06,97.0,4.1,86.47,5.49,28.0,95.34,0.34,-111.0,86.28,42.51,-24.0,27.7,72.3,318.0,3161.0,97.0,97.0,101.5,100.5
20190329,0.04,2383,台光電,1.05,5.86,17.95,106.5,7.1,86.53,5.5,50.0,98.85,0.44,323.0,87.04,43.32,2603.0,79.64,20.36,379.0,15703.0,106.5,99.0,106.5,99.5
20190401,0.09,2383,台光電,0.4,5.13,7.76,102.5,5.8,86.68,5.55,162.0,99.59,0.51,223.0,87.22,43.22,-309.0,51.31,48.69,534.0,12647.0,102.5,101.5,108.0,107.5
20190402,0.0,2383,台光電,0.02,4.87,0.41,104.5,5.7,86.72,5.57,47.0,100.03,0.48,-107.0,87.35,43.39,541.0,57.12,42.88,337.0,4374.0,104.5,103.5,105.5,104.0
20190403,0.0,2383,台光電,0.0,5.32,0.0,100.5,5.0,87.01,5.5,-233.0,100.1,0.4,-239.0,87.38,43.07,-1046.0,33.13,66.87,258.0,5722.0,100.5,99.9,104.5,104.5
20190408,0.0,2383,台光電,0.0,6.57,0.0,99.4,4.6,87.04,5.49,-21.0,100.05,0.42,71.0,87.48,42.65,-1356.0,46.8,53.2,218.0,6131.0,99.4,99.0,102.0,101.5
20190409,0.0,2383,台光電,0.0,6.97,0.0,99.7,5.1,87.19,5.53,125.0,100.0,0.44,52.0,87.81,42.79,474.0,60.06,39.94,386.0,8639.0,99.7,99.6,103.5,101.5
20190410,0.49,2383,台光電,0.65,6.87,9.47,103.5,5.7,87.41,5.59,196.0,100.17,0.4,-132.0,88.15,43.63,2659.0,54.4,45.6,243.0,6542.0,103.5,99.5,104.5,99.7
20190411,3.85,2383,台光電,0.67,7.37,9.11,101.5,3.7,87.7,5.71,368.0,100.44,0.38,-45.0,88.28,43.56,-253.0,40.96,59.04,344.0,6316.0,101.5,100.0,107.5,105.0
20190412,0.07,2383,台光電,0.79,7.39,10.74,100.5,4.1,87.73,5.7,-9.0,100.44,0.37,-38.0,88.36,43.61,184.0,41.81,58.19,230.0,2984.0,100.5,100.0,103.5,102.0
20190415,0.02,2383,台光電,0.76,7.73,9.85,102.0,5.9,87.74,5.7,6.0,100.76,0.42,136.0,88.45,43.57,-405.0,43.79,56.21,326.0,6538.0,102.0,101.0,106.5,105.0
20190416,0.15,2383,台光電,1.25,6.81,18.35,109.0,6.7,87.98,5.77,212.0,103.95,0.59,571.0,89.01,44.5,2904.0,66.83,33.17,441.0,14942.0,109.0,103.0,109.5,104.5
20190417,0.13,2383,台光電,1.45,7.12,20.38,111.5,5.8,88.36,5.87,304.0,104.93,0.57,-86.0,89.27,44.74,692.0,58.52,41.48,334.0,8394.0,111.5,108.0,113.0,110.0
20190418,0.09,2383,台光電,1.32,7.73,17.13,107.5,4.5,88.41,5.88,41.0,105.14,0.55,-57.0,89.49,44.46,-938.0,40.72,59.28,402.0,7011.0,107.5,106.0,113.5,112.0
20190419,0.08,2383,台光電,1.33,8.32,15.98,107.0,4.5,88.85,5.69,-598.0,105.29,0.46,-280.0,89.61,44.5,119.0,51.35,48.65,260.0,5311.0,107.0,106.0,111.0,110.0
20190422,0.24,2383,台光電,1.23,8.21,14.96,107.5,5.4,89.02,5.65,-137.0,105.43,0.46,-5.0,89.81,44.78,910.0,49.39,50.61,213.0,5791.0,107.5,106.5,111.0,111.0
20190423,0.13,2383,台光電,0.84,8.33,10.05,103.5,4.2,89.09,5.66,51.0,105.29,0.41,-153.0,89.89,44.34,-1389.0,45.19,54.81,298.0,6386.0,103.5,103.0,109.5,109.0
20190424,0.17,2383,台光電,0.56,8.6,6.52,103.5,3.2,89.15,5.67,12.0,105.13,0.39,-64.0,90.0,44.21,-416.0,52.67,47.33,207.0,4756.0,103.5,101.5,104.5,104.5
20190425,0.0,2383,台光電,0.56,8.67,6.5,102.0,3.2,89.2,5.65,-73.0,104.64,0.46,211.0,90.06,44.18,-117.0,42.98,57.02,172.0,3113.0,102.0,101.0,104.5,103.5
20190426,0.08,2383,台光電,0.58,8.45,6.92,100.0,3.7,89.36,5.54,-343.0,104.35,0.46,-8.0,90.16,44.31,435.0,36.21,63.79,210.0,3877.0,100.0,99.3,101.0,100.5
20190429,0.12,2383,台光電,0.37,8.22,4.51,97.5,4.2,89.44,5.48,-192.0,103.29,0.46,16.0,90.3,44.04,-846.0,53.49,46.51,329.0,7492.0,97.5,95.2,103.0,101.0
20190430,0.05,2383,台光電,0.24,8.2,2.96,99.2,4.4,89.5,5.38,-299.0,103.1,0.47,21.0,90.42,43.95,-294.0,62.08,37.92,266.0,3817.0,99.2,97.7,99.6,98.5
20190502,0.24,2383,台光電,0.25,8.37,2.96,98.8,4.0,89.5,5.32,-200.0,102.91,0.48,51.0,90.47,43.84,-303.0,44.54,55.46,169.0,2109.0,98.8,98.0,99.4,99.1
20190503,0.07,2383,台光電,0.24,9.21,2.58,100.5,5.8,89.76,5.36,125.0,102.55,0.56,236.0,90.56,43.22,-1862.0,55.6,44.4,187.0,5752.0,100.5,98.0,102.0,98.5
20190506,0.12,2383,台光電,0.3,8.61,3.52,93.4,4.2,89.76,5.11,-788.0,100.37,0.38,-567.0,90.59,43.0,-776.0,32.03,67.97,362.0,9403.0,93.4,92.2,97.4,96.5
20190507,0.09,2383,台光電,0.3,8.93,3.39,94.6,4.0,89.77,5.0,-372.0,99.19,0.45,236.0,90.63,42.94,-264.0,50.45,49.55,229.0,4581.0,94.6,94.5,95.8,94.6
20190508,0.21,2383,台光電,0.41,8.47,4.89,97.9,5.3,89.81,5.01,51.0,98.78,0.58,405.0,90.72,43.39,1447.0,61.82,38.18,255.0,5175.0,97.9,92.4,97.9,93.1
20190509,0.22,2383,台光電,0.49,8.18,5.98,98.6,5.8,90.06,5.12,338.0,98.77,0.5,-268.0,90.9,43.67,860.0,41.6,58.4,507.0,8304.0,98.6,97.2,101.0,99.0
20190510,0.16,2383,台光電,0.44,8.43,5.23,97.5,3.6,90.24,5.24,398.0,98.53,0.54,128.0,90.93,43.1,-1710.0,48.02,51.98,279.0,5510.0,97.5,96.7,101.0,99.6
20190513,0.46,2383,台光電,0.47,8.51,5.49,92.8,4.6,90.36,5.34,317.0,97.77,0.5,-118.0,90.94,42.85,-826.0,36.2,63.8,246.0,5622.0,92.8,92.1,98.1,97.5
20190514,0.48,2383,台光電,0.42,8.37,4.97,94.2,5.3,90.43,5.43,291.0,97.39,0.51,46.0,90.96,42.81,-22.0,61.47,38.53,157.0,3769.0,94.2,88.6,94.6,90.9
20190515,0.35,2383,台光電,0.56,8.23,6.77,97.9,6.2,90.72,5.61,553.0,97.51,0.51,-21.0,91.0,42.86,192.0,61.91,38.09,189.0,4610.0,97.9,94.7,98.3,94.7
20190516,0.45,2383,台光電,0.63,8.74,7.22,92.7,5.4,90.74,5.65,149.0,97.12,0.48,-71.0,91.01,41.99,-2676.0,34.59,65.41,355.0,5334.0,92.7,92.7,97.5,97.2
20190517,0.43,2383,台光電,0.75,8.18,9.18,89.9,5.4,90.74,5.57,-279.0,96.78,0.41,-229.0,90.98,42.33,1008.0,39.92,60.08,256.0,7241.0,89.9,87.1,94.7,93.7
20190520,0.54,2383,台光電,0.81,8.22,9.91,87.6,4.5,90.74,5.18,-1248.0,95.48,0.42,10.0,90.93,42.45,400.0,44.3,55.7,303.0,5716.0,87.6,85.2,90.5,89.7
20190521,0.53,2383,台光電,1.0,8.13,12.29,90.6,5.6,90.73,5.28,330.0,94.55,0.46,149.0,90.93,42.4,3.0,57.74,42.26,182.0,4878.0,90.6,86.1,90.8,87.1
20190522,0.54,2383,台光電,1.16,8.22,14.14,88.3,4.0,90.69,5.33,171.0,93.99,0.44,-75.0,90.9,42.32,-264.0,38.34,61.66,236.0,4599.0,88.3,88.3,92.9,91.0
20190523,0.5,2383,台光電,1.03,8.25,12.55,86.0,4.0,90.68,5.31,-60.0,93.75,0.41,-87.0,90.85,42.29,-98.0,40.91,59.09,233.0,3963.0,86.0,85.7,88.9,86.6
20190524,0.17,2383,台光電,1.27,9.4,13.51,84.7,5.0,90.52,5.28,-96.0,93.67,0.39,-78.0,90.78,41.97,-1494.0,41.82,58.18,260.0,5202.0,84.7,84.7,87.4,86.1
20190527,0.29,2383,台光電,1.51,8.2,18.46,81.7,5.0,90.31,4.91,-1196.0,92.32,0.39,14.0,90.53,42.43,1413.0,43.42,56.58,180.0,8271.0,81.7,79.5,85.0,84.8
20190528,0.14,2383,台光電,1.23,8.73,14.08,80.0,4.5,89.89,4.88,-91.0,91.1,0.4,33.0,90.42,42.02,-1291.0,38.04,61.96,921.0,5523.0,80.0,80.0,83.4,82.3
20190529,0.3,2383,台光電,1.2,8.57,14.05,80.0,4.8,89.74,4.57,-985.0,90.39,0.4,-4.0,90.26,42.26,746.0,37.77,62.23,295.0,5049.0,80.0,77.8,80.8,79.5
20190530,0.45,2383,台光電,1.16,8.48,13.71,82.9,5.6,89.61,4.64,220.0,89.81,0.39,-22.0,90.22,42.06,-630.0,69.41,30.59,171.0,3991.0,82.9,80.6,83.3,80.6
20190531,0.17,2383,台光電,1.14,8.2,13.92,85.9,6.0,89.54,4.72,249.0,89.54,0.39,-12.0,90.16,42.12,188.0,54.09,45.91,307.0,4099.0,85.9,82.1,85.9,82.1
20190603,0.44,2383,台光電,1.17,7.87,14.82,85.9,6.1,89.52,4.76,123.0,89.13,0.39,-3.0,90.11,42.19,317.0,42.0,58.0,141.0,4112.0,85.9,83.5,86.9,85.3
20190604,0.29,2383,台光電,1.21,8.62,13.99,83.4,5.8,89.35,4.83,226.0,87.53,0.51,392.0,90.08,41.22,-3284.0,32.35,67.65,344.0,6114.0,83.4,83.1,86.8,86.3
20190605,0.25,2383,台光電,1.29,8.64,14.91,84.2,5.7,89.29,4.89,182.0,87.01,0.58,211.0,90.03,41.03,-626.0,54.06,45.94,255.0,4767.0,84.2,84.2,85.5,84.9
20190606,0.07,2383,台光電,1.28,8.89,14.36,82.0,4.0,89.26,4.75,-445.0,86.88,0.5,-259.0,89.97,40.83,-742.0,32.73,67.27,244.0,4362.0,82.0,81.7,84.9,84.2
20190610,0.46,2383,台光電,1.27,8.93,14.27,87.0,7.0,89.24,4.79,150.0,86.89,0.55,156.0,89.95,40.68,-478.0,64.85,35.15,189.0,6317.0,87.0,82.7,87.4,83.2
20190611,0.59,2383,台光電,1.16,7.65,15.14,88.3,7.0,89.18,5.12,1045.0,87.6,0.8,803.0,89.93,40.21,-1575.0,60.83,39.17,307.0,11603.0,88.3,86.8,92.0,86.8
20190612,0.34,2383,台光電,1.24,7.16,17.27,91.7,6.5,89.21,5.16,112.0,88.22,0.81,33.0,89.96,40.36,322.0,58.15,41.85,319.0,6860.0,91.7,88.3,92.5,88.3
20190613,0.25,2383,台光電,1.21,7.48,16.15,90.1,5.2,89.21,5.16,0.0,88.44,0.7,-355.0,89.96,40.13,-713.0,36.47,63.53,310.0,5639.0,90.1,89.6,93.5,91.1
20190614,0.24,2383,台光電,1.09,7.68,14.2,88.5,4.8,89.21,5.14,-46.0,88.44,0.62,-243.0,89.95,40.16,7.0,39.21,60.79,295.0,4204.0,88.5,88.3,91.6,90.4
20190617,0.24,2383,台光電,1.06,7.61,13.89,90.1,6.0,89.21,5.14,0.0,88.7,0.71,280.0,89.95,39.89,-864.0,62.74,37.26,172.0,3383.0,90.1,88.9,91.7,89.1
20190618,0.52,2383,台光電,1.08,7.63,14.13,91.4,6.9,89.21,5.13,-54.0,88.81,0.7,-17.0,89.96,40.11,738.0,68.02,31.98,391.0,3471.0,91.4,89.5,91.8,90.7
20190619,0.22,2383,台光電,1.07,8.15,13.08,95.7,7.4,89.28,5.17,138.0,91.29,0.97,866.0,90.02,39.88,-717.0,65.64,34.36,409.0,9937.0,95.7,92.5,96.5,93.1
20190620,0.19,2383,台光電,1.17,7.88,14.85,98.5,7.8,89.5,5.29,389.0,94.42,1.09,383.0,90.15,39.65,-33.0,64.41,35.59,531.0,11587.0,98.5,96.0,98.5,96.5
20190621,0.14,2383,台光電,1.08,8.08,13.34,95.1,6.1,89.5,5.07,-698.0,94.52,1.17,236.0,90.22,39.27,-1318.0,31.7,68.3,751.0,10521.0,95.1,94.5,99.9,99.5
20190624,0.35,2383,台光電,1.08,8.53,12.66,94.7,4.8,89.5,4.83,-788.0,94.53,1.14,-88.0,90.24,39.2,-37.0,38.03,61.97,278.0,3398.0,94.7,94.2,96.4,95.4
20190625,0.08,2383,台光電,1.08,8.54,12.63,94.8,5.3,89.5,4.79,-99.0,94.55,1.16,60.0,90.27,39.08,-340.0,45.12,54.88,297.0,3769.0,94.8,94.1,96.1,95.5
20190626,0.22,2383,台光電,1.06,9.01,11.73,94.8,4.9,89.51,4.79,-4.0,94.59,1.36,642.0,90.3,38.87,-717.0,58.08,41.92,288.0,4111.0,94.8,93.8,95.9,95.3
20190627,0.94,2383,台光電,1.03,10.07,10.19,95.6,5.8,89.7,4.95,499.0,94.83,1.6,777.0,90.32,37.93,-3016.0,56.46,43.54,562.0,11145.0,95.6,95.2,98.0,95.2
20190628,0.2,2383,台光電,1.1,10.03,11.01,93.7,4.5,89.72,4.96,45.0,94.73,1.33,-884.0,90.35,37.85,-308.0,32.26,67.74,914.0,6485.0,93.7,92.9,95.7,95.4
20190701,0.14,2383,台光電,1.32,8.97,14.69,103.0,7.0,90.82,5.36,1274.0,96.5,1.26,-220.0,90.77,38.6,2605.0,76.72,23.28,244.0,21148.0,103.0,97.3,103.0,98.0
20190702,0.12,2383,台光電,1.13,8.85,12.82,102.5,6.5,91.21,5.54,566.0,97.28,1.36,318.0,90.87,38.44,-523.0,56.8,43.2,236.0,7774.0,102.5,101.0,104.5,101.5
20190703,0.13,2383,台光電,0.69,9.55,7.18,99.8,5.3,91.23,5.4,-429.0,97.44,1.33,-93.0,90.97,38.2,-732.0,42.88,57.12,276.0,7483.0,99.8,99.6,104.0,102.5
20190704,0.14,2383,台光電,0.69,9.99,6.95,101.0,6.0,91.23,5.18,-729.0,97.64,1.33,-7.0,91.06,38.27,196.0,53.2,46.8,294.0,5607.0,101.0,99.6,102.0,100.5
20190705,0.04,2383,台光電,0.81,9.97,8.13,100.5,5.3,91.23,5.18,1.0,97.71,1.34,34.0,91.07,38.12,-357.0,40.66,59.34,225.0,2693.0,100.5,99.6,101.5,101.0
20190708,0.11,2383,台光電,0.76,10.2,7.47,99.1,5.9,91.23,5.17,-15.0,97.8,1.35,55.0,91.13,37.99,-420.0,49.83,50.17,380.0,6493.0,99.1,98.8,102.5,101.0
20190709,0.1,2383,台光電,0.73,9.33,7.87,101.0,5.6,91.28,5.14,-92.0,97.85,1.25,-338.0,91.28,38.56,1808.0,49.62,50.38,227.0,3992.0,101.0,99.0,101.0,99.5
20190710,0.16,2383,台光電,0.73,9.48,7.65,102.5,7.9,91.82,5.41,841.0,99.15,1.45,662.0,91.54,38.69,307.0,61.41,38.59,361.0,11463.0,102.5,100.5,106.0,102.0
20190711,0.08,2383,台光電,0.81,8.95,9.04,108.5,7.5,92.69,5.7,948.0,101.38,1.51,191.0,92.12,39.45,2342.0,57.81,42.19,360.0,13061.0,108.5,106.5,110.0,107.0
20190712,0.09,2383,台光電,0.85,8.35,10.16,110.0,6.5,92.95,5.76,193.0,102.34,1.54,89.0,92.64,40.4,2500.0,53.42,46.58,446.0,8005.0,110.0,107.5,111.0,110.5
20190715,0.09,2383,台光電,0.9,8.5,10.62,113.0,6.9,93.99,6.08,1000.0,103.57,1.58,118.0,92.96,40.52,440.0,62.23,37.77,395.0,7610.0,113.0,110.0,113.5,110.0
20190716,0.09,2383,台光電,1.01,7.89,12.76,111.0,6.2,94.34,6.2,403.0,104.34,1.65,231.0,93.21,40.73,737.0,50.03,49.97,545.0,7819.0,111.0,111.0,115.0,113.0
20190717,0.08,2383,台光電,1.01,7.67,13.15,110.0,5.3,94.47,6.22,69.0,105.01,1.66,17.0,93.5,41.04,999.0,45.48,54.52,277.0,7603.0,110.0,109.5,114.0,112.0
20190718,0.11,2383,台光電,0.97,7.52,12.94,109.0,5.3,94.58,6.18,-139.0,105.22,1.64,-51.0,93.72,41.16,910.0,39.74,60.26,296.0,5220.0,109.0,108.5,112.0,110.5
20190719,0.05,2383,台光電,1.11,7.08,15.74,115.0,7.9,95.33,6.41,748.0,106.75,1.76,383.0,94.01,41.46,1043.0,63.07,36.93,475.0,10304.0,115.0,111.5,115.5,112.5
20190722,0.18,2383,台光電,1.15,7.45,15.48,121.5,7.9,96.98,6.85,1382.0,110.15,1.86,313.0,94.31,40.58,-3460.0,67.83,32.17,480.0,20134.0,121.5,115.0,124.0,116.0
20190723,0.13,2383,台光電,1.11,7.15,15.5,119.5,6.6,97.23,6.92,244.0,111.09,1.82,-121.0,94.75,40.43,-513.0,51.98,48.02,373.0,11790.0,119.5,117.5,123.0,120.0
20190724,0.06,2383,台光電,1.13,7.29,15.46,120.5,5.7,97.33,6.91,-46.0,111.65,1.74,-245.0,95.09,40.67,683.0,50.14,49.86,292.0,5446.0,120.5,118.0,121.0,119.5
20190725,0.19,2383,台光電,1.21,7.47,16.18,123.0,7.0,97.52,6.95,144.0,112.37,1.75,14.0,95.54,40.56,-161.0,62.43,37.57,377.0,7972.0,123.0,119.0,124.5,120.5
20190726,0.25,2383,台光電,1.28,7.48,17.15,124.0,6.1,98.39,7.18,724.0,112.86,1.71,-130.0,96.04,40.48,0.0,58.76,41.24,275.0,6911.0,124.0,121.5,127.0,121.5
20190729,0.06,2383,台光電,1.18,7.65,15.43,121.5,4.8,98.5,7.18,16.0,113.17,1.69,-54.0,96.18,40.35,-419.0,32.62,67.38,281.0,3218.0,121.5,121.5,124.5,124.0
20190730,,2383,台光電,,,,,,,,,,,,,,2968.0,,60.54,276.0,10149.0,119.5,115.0,123.0,122.0
